 7.952452671E-02 1.129492901E-01 5.941727353E-02 4.820582348E-02 4.205907478E-02 3.804727771E-02 3.518877981E-02 3.304121677E-02 3.137077637E-02 3.004056109E-02
 2.896447062E-02 2.808543543E-02 2.736411117E-02 2.677256624E-02 2.629055317E-02 2.590320725E-02 2.559957714E-02 2.537166455E-02 2.521378977E-02 2.512217608E-02
 2.509468969E-02 2.513069855E-02 2.523103142E-02 2.539803169E-02 2.563571299E-02 2.595003751E-02 2.634935658E-02 2.684508125E-02 2.745269801E-02 2.819332669E-02
 2.909617023E-02 3.020250455E-02 3.157247937E-02 3.329740395E-02 3.552366840E-02 1.852512870E-02 5.273452973E-04 1.051280553E-03 1.574664544E-03 2.093190533E-03
 2.606449645E-03 3.114289632E-03 3.612702340E-03 4.103848307E-03 4.584888596E-03 5.052951443E-03 5.509961183E-03 5.952774356E-03 6.380680873E-03 6.793063026E-03
 7.187307084E-03 7.563505927E-03 7.919970508E-03 8.254927667E-03 8.567450786E-03 8.855783065E-03 9.117702407E-03 9.350836405E-03 9.553584580E-03 9.720618113E-03
 9.849303078E-03 9.936221244E-03 9.972213075E-03 9.952859362E-03 9.867414270E-03 9.702892042E-03 9.449252096E-03 9.080992811E-03 8.580439098E-03 7.927108237E-03
 7.086565160E-03 6.044876865E-03 4.789057312E-03 3.328063965E-03 1.021491200E-01 1.021491200E-01 3.328063965E-03 4.789057312E-03 6.044876865E-03 7.086565160E-03
 7.927108237E-03 8.580439098E-03 9.080992811E-03 9.449252096E-03 9.702892042E-03 9.867414270E-03 9.952859362E-03 9.972213075E-03 9.936221244E-03 9.849303078E-03
 9.720618113E-03 9.553584580E-03 9.350836405E-03 9.117702407E-03 8.855783065E-03 8.567450786E-03 8.254927667E-03 7.919970508E-03 7.563505927E-03 7.187307084E-03
 6.793063026E-03 6.380680873E-03 5.952774356E-03 5.509961183E-03 5.052951443E-03 4.584888596E-03 4.103848307E-03 3.612702340E-03 3.114289632E-03 2.606449645E-03
 2.093190533E-03 1.574664544E-03 1.051280553E-03 5.273452973E-04 1.852512870E-02 3.552366840E-02 3.329740395E-02 3.157247937E-02 3.020250455E-02 2.909617023E-02
 2.819332669E-02 2.745269801E-02 2.684508125E-02 2.634935658E-02 2.595003751E-02 2.563571299E-02 2.539803169E-02 2.523103142E-02 2.513069855E-02 2.509468969E-02
 2.512217608E-02 2.521378977E-02 2.537166455E-02 2.559957714E-02 2.590320725E-02 2.629055317E-02 2.677256624E-02 2.736411117E-02 2.808543543E-02 2.896447062E-02
 3.004056109E-02 3.137077637E-02 3.304121677E-02 3.518877981E-02 3.804727771E-02 4.205907478E-02 4.820582348E-02 5.941727353E-02 1.129492901E-01 7.952452671E-02
