 0.00000E+00 1.59049E-01 2.25899E-01 2.77884E-01 3.22310E-01 3.62002E-01 3.98405E-01 4.32379E-01 4.64487E-01 4.95121E-01
 5.24568E-01 5.53050E-01 5.80739E-01 6.07778E-01 6.34284E-01 6.60359E-01 6.86091E-01 7.11558E-01 7.36834E-01 7.61986E-01
 7.87078E-01 8.12175E-01 8.37340E-01 8.62637E-01 8.88136E-01 9.13909E-01 9.40036E-01 9.66607E-01 9.93726E-01 1.02151E+00
 1.05011E+00 1.07971E+00 1.11052E+00 1.14285E+00 1.17711E+00 1.21390E+00 1.21416E+00 1.21495E+00 1.21627E+00 1.21810E+00
 1.22045E+00 1.22331E+00 1.22668E+00 1.23054E+00 1.23489E+00 1.23971E+00 1.24499E+00 1.25073E+00 1.25690E+00 1.26349E+00
 1.27049E+00 1.27787E+00 1.28561E+00 1.29371E+00 1.30212E+00 1.31084E+00 1.31983E+00 1.32908E+00 1.33854E+00 1.34818E+00
 1.35798E+00 1.36788E+00 1.37785E+00 1.38783E+00 1.39776E+00 1.40756E+00 1.41716E+00 1.42646E+00 1.43532E+00 1.44362E+00
 1.45118E+00 1.45779E+00 1.46327E+00 1.46737E+00 1.46992E+00 1.67167E+00 1.67422E+00 1.67833E+00 1.68380E+00 1.69042E+00
 1.69797E+00 1.70627E+00 1.71513E+00 1.72443E+00 1.73403E+00 1.74384E+00 1.75377E+00 1.76374E+00 1.77371E+00 1.78362E+00
 1.79341E+00 1.80306E+00 1.81252E+00 1.82176E+00 1.83075E+00 1.83947E+00 1.84789E+00 1.85598E+00 1.86373E+00 1.87111E+00
 1.87810E+00 1.88469E+00 1.89086E+00 1.89660E+00 1.90188E+00 1.90670E+00 1.91105E+00 1.91491E+00 1.91828E+00 1.92114E+00
 1.92349E+00 1.92533E+00 1.92664E+00 1.92743E+00 1.92770E+00 1.96448E+00 1.99874E+00 2.03107E+00 2.06189E+00 2.09148E+00
 2.12008E+00 2.14787E+00 2.17499E+00 2.20156E+00 2.22768E+00 2.25346E+00 2.27896E+00 2.30425E+00 2.32942E+00 2.35451E+00
 2.37961E+00 2.40476E+00 2.43003E+00 2.45550E+00 2.48123E+00 2.50731E+00 2.53381E+00 2.56085E+00 2.58854E+00 2.61702E+00
 2.64647E+00 2.67711E+00 2.70921E+00 2.74319E+00 2.77959E+00 2.81928E+00 2.86371E+00 2.91569E+00 2.98254E+00 3.14159E+00
