 0.000000000E+00 1.590490534E-01 2.258985802E-01 2.778836005E-01 3.223102271E-01 3.620017501E-01 3.984047825E-01 4.323793097E-01 4.644872161E-01 4.951208624E-01
 5.245683382E-01 5.530498037E-01 5.807392091E-01 6.077780260E-01 6.342843416E-01 6.603591323E-01 6.860907561E-01 7.115582866E-01 7.368340852E-01 7.619858662E-01
 7.870784373E-01 8.121752455E-01 8.373398344E-01 8.626373084E-01 8.881358978E-01 9.139087343E-01 9.400359728E-01 9.666074475E-01 9.937261353E-01 1.021512844E+00
 1.050112789E+00 1.079705184E+00 1.110517798E+00 1.142850143E+00 1.177112606E+00 1.213897480E+00 1.214162863E+00 1.214952170E+00 1.216265424E+00 1.218101499E+00
 1.220451805E+00 1.223314399E+00 1.226680385E+00 1.230539803E+00 1.234888081E+00 1.239709580E+00 1.244993984E+00 1.250729503E+00 1.256899533E+00 1.263490865E+00
 1.270485659E+00 1.277865479E+00 1.285612671E+00 1.293705420E+00 1.302122526E+00 1.310840321E+00 1.319834092E+00 1.329075726E+00 1.338535765E+00 1.348182895E+00
 1.357977001E+00 1.367881501E+00 1.377849444E+00 1.387825928E+00 1.397755162E+00 1.407560756E+00 1.417160946E+00 1.426459260E+00 1.435322932E+00 1.443620138E+00
 1.451177149E+00 1.457793269E+00 1.463266902E+00 1.467371383E+00 1.469923030E+00 1.671669623E+00 1.674221270E+00 1.678325751E+00 1.683799385E+00 1.690415505E+00
 1.697972515E+00 1.706269722E+00 1.715133393E+00 1.724431707E+00 1.734031898E+00 1.743837491E+00 1.753766726E+00 1.763743210E+00 1.773711152E+00 1.783615652E+00
 1.793409758E+00 1.803056889E+00 1.812516928E+00 1.821758561E+00 1.830752332E+00 1.839470128E+00 1.847887234E+00 1.855979983E+00 1.863727175E+00 1.871106995E+00
 1.878101789E+00 1.884693121E+00 1.890863151E+00 1.896598670E+00 1.901883073E+00 1.906704572E+00 1.911052850E+00 1.914912269E+00 1.918278255E+00 1.921140848E+00
 1.923491154E+00 1.925327229E+00 1.926640483E+00 1.927429790E+00 1.927695174E+00 1.964480048E+00 1.998742511E+00 2.031074856E+00 2.061887470E+00 2.091479865E+00
 2.120079810E+00 2.147866518E+00 2.174985206E+00 2.201556681E+00 2.227683919E+00 2.253456756E+00 2.278955345E+00 2.304252819E+00 2.329417408E+00 2.354514216E+00
 2.379606787E+00 2.404758568E+00 2.430034367E+00 2.455501898E+00 2.481233521E+00 2.507308312E+00 2.533814628E+00 2.560853444E+00 2.588542850E+00 2.617024315E+00
 2.646471791E+00 2.677105438E+00 2.709213344E+00 2.743187871E+00 2.779590904E+00 2.819282426E+00 2.863709053E+00 2.915694073E+00 2.982543600E+00 3.141592654E+00
