 0.00000E+00 2.52242E+07 5.04485E+07 7.56727E+07 1.00897E+08 1.26121E+08 1.51345E+08 1.76570E+08 2.01794E+08 2.27018E+08
 2.52242E+08 2.77467E+08 3.02691E+08 3.27915E+08 3.53139E+08 3.78364E+08 4.03588E+08 4.28812E+08 4.54036E+08 4.79261E+08
 5.04485E+08 5.29709E+08 5.54933E+08 5.80157E+08 6.05382E+08 6.30606E+08 6.55830E+08 6.81054E+08 7.06279E+08 7.31503E+08
 7.56727E+08 7.81951E+08 8.07176E+08 8.32400E+08 8.57624E+08 8.82848E+08 9.08073E+08 9.33297E+08 9.58521E+08 9.83745E+08
 1.00897E+09 1.03419E+09 1.05942E+09 1.08464E+09 1.10987E+09 1.13509E+09 1.16031E+09 1.18554E+09 1.21076E+09 1.23599E+09
 1.26121E+09 1.28644E+09 1.31166E+09 1.33688E+09 1.36211E+09 1.38733E+09 1.41256E+09 1.43778E+09 1.46301E+09 1.48823E+09
 1.51345E+09 1.53868E+09 1.56390E+09 1.58913E+09 1.61435E+09 1.63958E+09 1.66480E+09 1.69002E+09 1.71525E+09 1.74047E+09
 1.76570E+09 1.79092E+09 1.81615E+09 1.84137E+09 1.86659E+09 1.89182E+09 1.91704E+09 1.94227E+09 1.96749E+09 1.99271E+09
 2.01794E+09 2.04316E+09 2.06839E+09 2.09361E+09 2.11884E+09 2.14406E+09 2.16928E+09 2.19451E+09 2.21973E+09 2.24496E+09
 2.27018E+09 2.29541E+09 2.32063E+09 2.34585E+09 2.37108E+09 2.39630E+09 2.42153E+09 2.44675E+09 2.47198E+09 2.49720E+09
 2.52242E+09 2.54765E+09 2.57287E+09 2.59810E+09 2.62332E+09 2.64854E+09 2.67377E+09 2.69899E+09 2.72422E+09 2.74944E+09
 2.77467E+09 2.79989E+09 2.82511E+09 2.85034E+09 2.87556E+09 2.90079E+09 2.92601E+09 2.95124E+09 2.97646E+09 3.00168E+09
 3.02691E+09 3.05213E+09 3.07736E+09 3.10258E+09 3.12781E+09 3.15303E+09 3.17825E+09 3.20348E+09 3.22870E+09 3.25393E+09
 3.27915E+09 3.30438E+09 3.32960E+09 3.35482E+09 3.38005E+09 3.40527E+09 3.43050E+09 3.45572E+09 3.48094E+09 3.50617E+09
 3.53139E+09 3.55662E+09 3.58184E+09 3.60707E+09 3.63229E+09 3.65751E+09 3.68274E+09 3.70796E+09 3.73319E+09 3.75841E+09
