# Created from matlab git hash dd3799aac8189c005bbd86bf2670c8c5f1198e09
# name: foo
# type: matrix
# rows: 1024
# columns: 1
372.3797753098377
119.3880809241217
-330.4818173288702
-410.985632247422
1899.103353715396
-1254.462205253398
-187.6135346004274
-356.6544488663408
2254.740879420617
-16.18320346218471
-1277.368894207757
-1072.993556352143
1684.923305247485
-1019.6159529257
441.6909173967159
-370.0947455693575
2170.798591501331
1037.592603739147
-202.4046244292178
-617.9434309573689
1855.421942588616
-1747.027029557972
-502.9567433629837
-573.4995507919638
2310.361036266851
26.86192310464709
-1168.580257320641
-891.6338126679311
2147.566604156652
-989.2978539693581
227.796752555877
-1184.777771852232
146.1226671360988
58.71705258978337
-117.6838098788396
-159.485969827445
712.0282970804296
-498.5512589847036
-98.62978465126275
-154.916764880728
1226.214498288299
29.39937113755786
-609.0974383712874
-516.341473123932
564.3141049418406
-387.4808620636294
201.6603269193895
-203.1712152238134
1173.27479286816
572.3675240339583
-63.65937797454254
-306.1098823525899
599.9368364645668
-796.6932648299792
-317.622470808079
-302.7371224566159
1229.394338224392
56.02065241920162
-499.5991234333456
-331.9323727608979
874.5828879809482
-205.8065534951517
292.5830561396582
-378.0705446160507
-124.6685102314837
-29.77079556966505
91.40706866084344
107.381665577481
-443.4076402276433
295.298959731453
44.21415742417325
102.2011989196109
107.8008406965523
112.789935833204
155.1942887633649
127.1794953558707
-477.7941200409916
278.5074783546703
-26.55885854622574
-0.6779763244054191
-255.711353591661
-122.7553937034607
30.75296567251068
52.91741533235633
-567.8768092541122
266.5261656050543
-12.59736594573521
64.16841168188847
72.31697267315886
114.4191930589575
229.3077692348017
270.7278631999224
-358.8105554027204
600.8606370083953
453.0279196664028
674.7658528231378
-251.2801860277512
-76.4177289926765
194.0554522234829
237.402588271377
-1098.00594651135
715.6506930600005
107.5535120267495
228.2709432677318
-646.6223759568458
131.8903939631535
607.4616018228994
513.6753170313166
-1028.282211205067
650.5788464530174
-153.5729066626964
142.1670588376112
-1293.654219416528
-628.1022137148948
79.06655015540721
303.9606469325463
-1139.013283479562
942.2451202694654
234.3521675443331
314.5891961196889
-670.0456826452642
113.3781175449938
590.0459417722268
509.4144188913438
-1167.069337981125
853.512676936678
306.0966567215497
1047.319208469069
362.5301987183403
154.4534257461885
74.21706727346373
-96.82526376170961
-1843.143785584029
285.2245121052195
-544.6250759541692
-402.7860396252669
-1671.836656049624
-479.7108480058686
306.8657262228261
294.2336682688193
-1569.938033109791
599.1059011400378
-251.8717769671399
279.0664365687676
-1662.757308851273
-662.4366574291595
367.6679183667232
697.950641828874
-1088.617113628823
1439.691031365541
382.2676926441447
247.5712908333706
-1341.290123790207
-544.6770739278544
-466.6126534034121
-1142.58895366511
-3580.421319762791
-1838.7040152243
-3634.028120730992
-3631.564710778283
-545.0997196531865
-194.4934085911834
325.9471689423204
459.5783125313902
-1598.739542175571
1281.551969090177
355.7894546780359
533.4520458279153
-1410.611441924142
286.4362717773861
1239.873122099876
1047.118013316234
-1426.441451830551
1060.485046728648
-281.9652456466803
297.7719805819362
-2555.08823108014
-1286.049152412755
44.49131882992918
517.2563607306352
-1688.279682217968
1622.420532557743
543.080562637119
652.9467928328264
-1500.238058506641
248.0483177020761
1265.12471767846
1163.59954769216
-1465.49921135879
1683.369546364898
1006.898876005218
2572.74851716151
-334.5031697849072
-119.1541720704712
300.8596496247241
366.0785892514313
-1990.936089220339
1216.751387158927
139.9187568315817
326.7429825414089
-2254.183697135921
15.92327911162338
1295.798361583867
1107.174894582581
-1692.800313149049
1092.018510718649
-387.2523736215322
416.1031391557058
-2942.263362652299
-1419.195208988926
172.2358429641478
745.2581553851387
-1735.483311591778
1989.336615653835
693.9968267912453
704.0424266202488
-2215.25318567436
-45.1944880828488
1004.722664371561
622.0749865893731
-2531.955195159553
627.0624149169894
-646.5398328991154
811.7537728527074
-370.3455060181249
-131.6706765657116
319.7202604338232
404.5204132273468
-1957.446574743215
1278.11358649821
194.0685056877032
366.9785407060175
-2546.924777561325
-6.703886670028695
1393.241590356135
1180.654049026444
-1667.2231006459
1066.034705800526
-452.7349257813834
435.6666133313742
-2738.156287890612
-1321.870792302908
185.4296397374485
725.3276657759623
-1778.892031388299
1961.866266639328
669.4699203999646
690.816243123249
-2566.459643362603
-65.92682402167907
1172.298695053361
809.0001849286882
-2374.704092504343
765.1957450106948
-522.6825474414679
1029.414825726429
532.3207544055913
492.3905859184752
550.8328160247559
331.3048249028024
-2140.219399994287
729.6850141330244
-690.7450605204183
-766.5409146344844
-3908.857452741941
-1437.990597325852
-121.6809473172807
-348.435999002298
-3121.921257263311
-357.1130342668779
-1538.060881469752
-243.85016545428
11143.50332150238
5939.235124113512
1499.807032003106
-758.1094721610028
-4168.1227722307
-1483.744042004032
-2747.33804997747
-2060.322125914582
-4938.47261459711
-1270.502362546971
1277.482449986916
1478.803233876058
-1587.327132613609
972.340772992264
-2442.664316632067
-3985.90206554878
-223.4586752581894
-38.77545801100485
334.0851212814854
385.704171386458
-1750.2451132402
1125.083835438013
97.42363551940042
196.8813148415395
-2969.609042566443
-271.3289969566533
1169.509905110651
947.4527713894645
-1656.622051726171
712.1102343944666
-651.0823869041674
340.0342469436412
-322.1558885256581
-75.06211462323569
375.2701356897445
445.0073873375546
-1944.774858027141
1278.905128045939
121.9618604163768
229.8166549087908
-3184.508996377142
-292.7530935675342
1244.193206260754
984.5127624928616
-1913.689602511618
731.7455464203912
-794.0513666078621
272.7897919103347
-619.6743108078331
-312.8988783560933
206.3195406194747
411.3400912316506
-1247.390667218207
1239.318903008651
549.5460690471552
704.4291717778796
-2363.573163942311
333.9953783832205
1746.88330860468
1530.175956306187
-660.4255370697326
1105.949641377907
-192.3243947217818
592.3852795367015
-5621.425030891877
-2883.941948080052
-220.625638513938
932.3335182136516
-634.1763995516264
2394.796986641355
1470.414049786315
1301.563948530379
-2225.293728579894
229.4683310907147
1271.982592934199
868.092260208296
-1540.516030593822
762.3009880642552
403.6488410809727
2716.207081625385
-550.7926568515107
-283.9836249538603
165.9851220943563
360.9923743825926
-917.4325006296148
1050.384267293449
526.6646480637266
638.5213471592308
-2234.038881890362
276.2935210808992
1564.623999428558
1367.132826476198
-391.6691581734882
886.3419754264944
-185.0299833829215
534.4982808872832
-4852.811525555381
-2501.213672231066
-213.5695782047465
795.0379903910458
-389.028402584281
2024.953339063133
1308.930470454543
1144.177398686664
-2134.967615470323
186.4400858908255
1174.794579507091
830.4766890209743
-1092.500009720112
643.5727824461648
418.2093966555556
2483.508932236864
350.9958836650936
76.09335963573075
-38.85979374749695
-145.535306606993
-1326.348172607612
169.4031865241069
-374.8468283733944
-306.1284514161678
-3008.886399451284
-589.5399053333658
738.2033187330269
686.0993443583548
-739.2881349901439
422.4411525887285
-298.4438012507572
532.3790123070364
-3377.853545840048
-1570.083882430013
198.3994456263167
951.0062308998586
-91.49436226737248
1821.06686239807
1014.891015517905
643.1923066553259
-2582.840015396308
-707.5770633450419
-362.600597303973
-1282.114018785871
-3310.513067599447
-2767.006496174418
-4356.809955644178
-3821.686366553473
-440.9258668303468
-175.4769614631598
191.8540857754417
366.3775966348906
-270.4558338035185
777.785907988145
486.415160964987
483.3916513638883
-1858.175402074057
93.06376607090762
1021.072249671064
832.4471027244156
-179.2246815370076
294.2761816731434
-351.0658392777673
244.371629751761
-660.560035593724
-383.7048318253387
-13.73238857483588
149.4509216594059
-581.8752667948492
586.560890346513
280.4484572946594
336.9281898967177
-2128.035314135947
87.43611798072493
1327.053425396205
1381.717728180436
427.8636038732452
1355.801479784496
1264.730061582615
2491.505278596005
53.24851079923256
31.02704952187529
51.93229718370605
66.68421923039094
-73.04315760914047
125.4454681629568
23.36666221471164
-39.00646507567929
-1657.949723028397
-320.2420960850133
312.2719658039579
230.6306614811132
-72.61354995828492
-162.8773757474689
-341.52893671718
121.1013241300751
1080.422651720294
573.7319747878239
178.1647950912027
7.479858989927621
-215.3383694544385
-34.62369335530821
-125.2595013018971
-128.5648750677664
-1818.504539008192
-313.8715715691735
429.6096836469834
342.1623631162777
-21.210393162684
-211.2234138800008
-705.4930516174904
-580.6543033178091
-114.3636232423963
-101.484262057276
-58.99930223392974
14.49233670502933
304.6703706436988
37.22664333146008
204.3637863737038
179.3055969671201
-709.3937228047026
62.57099903770749
405.6256861921782
370.4135346869939
550.2930427770382
17.30091086201857
27.40909678666513
191.5829328005576
-1841.974730138826
-977.0866510443002
-186.3024083266235
227.0122844064037
649.2673292255643
446.5543143859197
572.864852153621
414.7661753550782
-615.5863295650564
23.69814532717047
174.5087883359527
33.51278018387557
209.0577120464094
-319.7080984922019
-33.08485401799138
556.4627204185761
1409.006675870273
956.1279379256629
-154.4597677255334
-1092.491098598214
-1124.643328316842
-2418.023475568225
-2518.194549920931
-2065.838427458571
17164.69921527586
916.372688760708
-6653.301437081376
-5639.068003919909
-3363.827266346293
-72.89168583754127
2074.05151196667
-2605.680315580766
11280.31011771604
5995.286725274503
606.2936163066259
-2277.617244666368
-2900.801611983831
-4805.376243230837
-4606.457029121327
-3404.67275404892
17630.25116697584
1225.295641033234
-5758.142212719897
-4182.010302428731
-1677.362645799351
1434.185037429728
1963.981964987688
-5609.209497667716
747.9412784423171
494.1801920298317
-138.9458695251278
-617.9248926549142
-123.830662302638
-1461.830314118207
-1273.61119458083
-1077.986637568626
9329.316426632702
517.1154905349574
-3638.963924503348
-3083.842535284029
-1325.895484964412
-238.5495270348051
1164.054525643153
-1417.234532548591
6197.316610579241
3258.09021564111
242.3355775975959
-1316.502049372503
-1096.494473926728
-2842.910326716441
-2458.094293304343
-1843.837603077179
9549.546638711332
686.8852151573035
-3103.43562876478
-2196.806970228512
-234.0805294557836
735.9240718395386
1358.906663273172
-2737.883881637231
85.18008491261608
45.08013029554225
-118.2604652478062
-162.0392955016957
780.881601193462
-535.3236743513723
-88.70521842551051
-113.9209768504087
2334.543186406907
234.991047483267
-839.9254178189558
-705.9073295430429
542.4550706807723
-319.7314097872205
374.5384270484633
-327.9634258794622
1184.536247498374
559.0823626985674
-135.5280663517788
-416.041756992331
553.6487660027975
-964.5191384435961
-421.6196170258532
-342.163412246291
2345.259456259894
274.6918887538445
-637.6215859967699
-323.2625909830417
1123.656511409025
270.723272512428
1082.733651254527
274.3630494214726
-194.8186096974139
-157.9750693190126
-115.3965405385507
32.59035754368341
1098.833242354809
-101.8726860280303
427.6314609446431
308.9609014311563
-1054.236461281614
74.13601847046655
497.2839391700262
437.0294165192546
1354.591550194931
-315.0189327335106
4.864608043199269
213.1423359156773
-1473.769246995332
-851.2764936014665
-304.3811755822061
78.36844561477
1326.75681275481
54.94163315264257
612.1347121988141
413.2759578859473
-1094.223507196877
44.26658134315694
448.06714075282
417.8110977658857
1484.906598283455
-162.0096400060606
637.1295862114298
1386.046427338961
640.3779215094788
121.213158183067
-340.2087684290109
-447.1738190666233
471.9658950465254
-786.5334637572109
-364.3939358927687
-514.5265288323708
-3210.455210358757
-854.7117551213119
268.7980532624887
293.8169413944793
1120.374696130312
-578.0215594527549
-194.264335621617
501.1255144894106
-2331.496875869373
-1105.074339122483
15.91467121811613
656.7249258514427
1920.42861391695
732.254314029702
1013.319533640357
418.5094151611251
-2784.964518371316
-976.9640201038208
-900.2044976902031
-1822.534117951305
-1428.623095002771
-4257.145763582903
-5027.844160835297
-5088.313365243254
-671.1737142587211
-403.9011917943147
-19.55097025609129
348.7682902452916
1237.338360238391
561.6810746802363
1043.057378870001
889.3028761191492
-3325.227638766289
206.4761537816313
1741.77807988941
1489.5890294456
1814.565844193551
-87.74129808229281
-262.046413772929
605.4489108304911
-3772.418074550827
-2102.989556572544
-504.3007700225019
412.4733097924848
1548.905873597498
939.6464184108876
1407.279264368254
1095.328926488456
-3506.294433591598
135.9106130172939
1732.236861876171
1615.229611787771
2153.832094350413
634.8119222248803
1678.424467757425
4021.824047956152
-331.6653644363175
-262.6214351663147
-34.69876235104819
198.0932689392108
423.5060415198982
474.3271773499401
625.3647044863737
519.4620311522974
-4065.955699322361
-163.4565005908601
1652.027961072693
1430.080301154839
1106.52055371418
43.92833720101345
-378.8526966216303
698.7783413130479
-4024.660279435298
-2120.480548305271
-269.1152078508297
701.8429438529795
1163.368809324831
1425.996967618623
1461.371893067906
1060.246370828695
-4048.930312037315
-265.9595254769122
1194.380160604398
700.4537452813299
274.9066131841212
-799.8789656980811
-749.0760101459609
1228.743623758617
-371.3045773373685
-229.4091359416725
84.97466670349533
284.5532059397085
-243.2846651139672
741.5254656361521
529.7704723726408
500.1969412221155
-3613.583813277398
-104.8707539529923
1584.34242722398
1356.63970425502
287.1354850048108
329.001394904257
-421.270758214574
604.350131151871
-3377.939492476431
-1754.946655867891
-127.2787323769518
661.1400073789935
231.8021080557533
1503.35778279798
1160.128543729064
910.4307432602976
-3653.052651758088
-187.6800043881917
1278.552491221393
870.4378981651003
-347.1775663771209
-143.6253222885946
-457.4681825164447
1404.867067110579
731.2681373957178
528.0898430982952
380.2136047334422
167.0564714269682
-1070.754315456376
189.4438714544797
-676.584376771207
-911.8099438774877
-4750.555171474323
-1735.488083975968
-266.7751872860832
-479.175632667479
-1999.487395404979
-1030.353692203945
-1609.608601786683
-199.4442953362507
12082.70948063711
6383.115113658955
1447.883554390478
-918.356735969593
-2999.822970568943
-2126.90961114157
-2765.796428467429
-2228.956197271211
-5834.090294429221
-1574.252850521118
1105.333194962606
1248.954049094991
-501.1213631336013
-96.07964040761931
-3223.129535980332
-5062.142657572889
-198.5806432254134
-17.71376499618504
348.1404475126493
381.0445834697734
-1874.515986727012
1130.647560033578
43.2522498963647
155.7994411802351
-2807.569688120235
-279.5213102311691
1093.536831433274
880.4736463238335
-1829.596279970211
745.9961704916816
-650.4178647229255
305.9137908731586
-74.89315080330019
63.19186162362675
416.2831666810856
424.3367640866772
-2128.906447387749
1251.694642234005
26.01118913659124
164.3322504962392
-3029.589524245314
-296.3496520426395
1190.110306336886
942.3703448129759
-2094.756425542911
778.6709885621524
-851.248664324731
107.2508800057089
-770.7291655595786
-263.4410299022716
544.8736563235614
666.5630112787896
-3497.41852083943
2161.196372251131
297.3936285575218
716.0842057078977
-1597.644548666241
526.944397734411
1890.280710922278
1637.705544700229
-3128.634700756949
2191.310657058773
-295.4225214781216
496.5117478624141
-5698.447487980267
-2802.999580297185
124.7435772604816
1154.781299104938
-3242.154124044744
3353.643008669012
1115.014177120374
1264.029686655434
-1467.100368701486
439.8943543864274
1519.980039794115
1135.406704465332
-4123.073822251858
2220.512675061173
636.8309774716781
3068.437945120711
-821.5260527294697
-200.362246997901
809.7730155835037
866.4865105619892
-5210.308705993883
2870.250114910126
89.15132683918466
669.4695814831335
-1934.404921260129
470.52399681487
2132.912291996393
1817.399363928544
-4982.945588586696
2890.400070831825
-549.0986981124477
494.3940016655318
-5220.92917884898
-2454.354521870377
477.2688164363121
1335.699131849301
-5233.897791693846
4048.648602375873
797.1750832184683
1163.191007693969
-1874.039821609813
393.9507485580177
1852.917163770974
1406.455943186182
-6124.173919782112
3014.088241849195
231.2772856929026
2767.457049513091
261.6964260330183
265.6442609847718
720.238495096614
364.0452069005423
-7033.57206225632
2316.222601413935
-1170.043500957134
-522.9366277378596
-3663.13998814203
-691.4444310972899
1477.48053958196
1282.245323569535
-6689.747808376147
2877.827239216915
-897.0335382092246
600.616618594767
-4023.854631184259
-1543.303564231958
1199.399792272136
1830.315615113994
-6134.096555690317
4637.250507056216
481.0879008098217
655.8272084337591
-3179.124500923184
-834.64948124712
163.3321939496639
-1192.333130439887
-10681.52419927564
-1085.719599948553
-6525.984121833913
-5582.385397652492
-1136.512569670206
-146.1817031582197
1441.969886167009
1498.278961602164
-8183.270777873496
4587.660510091584
38.73335209079539
826.1750791396584
-4368.770781233702
208.0304669905057
3154.806219599706
2568.326627273813
-8327.666024686707
3997.46293943316
-1459.297265951414
586.1494349121824
-2533.029960808181
-928.6090047140533
1256.256294627328
1480.808330719536
-9327.908539323869
5037.574830769065
-75.56651505010916
805.5995939762344
-4849.141691955496
184.1635839998741
3590.609522844819
3201.678539162117
-8733.353586596779
5529.46113755741
396.5197877720211
3635.611602321948
-1068.49288663529
-55.2316814647304
1880.654077009623
1856.139949984132
-11649.94567879838
6088.806384274296
-302.1266268539001
693.4186490886983
-9502.473694040316
-585.3547790813544
4778.704913148537
3914.498824440314
-11461.07384026871
5219.733560917934
-2485.505994097011
1221.871046791108
-3953.674672420297
-1398.435009708603
2016.667531168043
2541.569733245967
-12419.79148192322
7610.703883349769
330.8862433953045
1214.924672989664
-10005.77163542259
-695.5988183996926
4677.574544832445
3415.473003113343
-13808.73400519791
4715.030281473518
-3720.831726085138
723.7016807431876
-1925.109902578744
-455.2361666042164
2320.899641827871
2578.346238922265
-14196.76004057313
8260.043300080884
423.88859765804
1650.96412084097
-14617.34911228202
-426.6239404331133
7697.318925572623
6422.514518253673
-13183.86207213343
6946.792933817979
-3169.066312304704
2203.676984856273
-11082.55248672202
-4995.412042534248
1989.37241541655
3996.742918715348
-14252.76372292695
11362.99446912511
2269.188372774285
2971.423216016004
-15080.98356069716
-684.8246196116604
7006.304352033412
5026.936249982777
-16895.27245441365
5817.640494717676
-4063.784842334868
3896.57944265742
