# Created from matlab git hash 15d6ecd77b971f955de2852a201e878a95b43822
# name: foo
# type: matrix
# rows: 2808
# columns: 1
0
-1.543949251123657e-38
-2.268269819313317e-40
-1.934236240493145e-38
-4.546892990740956e-22
-1.074574629506664e-23
1.00315995207339e-37
-2.933266425429665e-24
2.592865930710962e-22
1.015331556397702e-37
1.017796496724293e-23
-2.260298835573925e-23
-2.750557499675055e-21
-4.388682731126464e-09
-1.004373300502188e-09
-1.78229272219253e-23
-2.09836612027228e-11
-2.64185557795808e-12
6.724998951850588e-40
-1.7006640141427e-22
-2.515350672945527e-24
-1.82867509507138e-22
-1.358903449597483e-08
0.001102845103948306
2.076226847085045e-21
-4.224365763691921e-11
-1.614616092338791e-11
-5.928658299100331e-38
6.656149625105753e-24
-1.513530372060744e-22
1.473464403778428e-21
-1.003894376433695e-08
-1.893673449193202e-09
9.350373477579708e-24
-4.782303578451801e-11
-5.649772605144604e-12
-3.002532747621912e-39
-5.867944739057347e-23
-5.492632523223258e-25
4.230686948596996e-23
4.656118966599571e-08
-0.0002847550224773479
-5.360871505184017e-22
1.506667456860357e-10
4.816699929659937e-13
1.078260623570804e-37
-9.413489059330811e-25
-1.31142802187599e-23
-1.587923178154459e-21
-1.709852371118102e-09
-4.217645114110906e-10
-1.028976754392312e-23
-8.128453494156896e-12
-1.259108990319185e-12
1.311700816127763e-39
5.925326894894123e-23
4.76983828359882e-24
-5.228863025639922e-24
-1.307876105064894e-07
7.13711480651197e-05
1.343618974605682e-22
-4.218776482512875e-10
-1.150638327803975e-12
-7.756716956746777e-39
6.805840054536696e-25
-1.656629593942365e-26
8.00230980739862e-23
3.201391212021518e-10
8.167009568977762e-10
6.044323461215588e-25
1.517862374576308e-12
2.642417241770656e-12
1.067353614720787e-40
-5.478000954730955e-23
-3.034440942856694e-24
1.304047166031451e-25
1.206751485878844e-07
-6.584076488813252e-05
-1.239813390336311e-22
3.893086895588393e-10
1.278599652294995e-12
-9.861256241669798e-40
-5.926190667997678e-23
-4.729006485375965e-24
5.228944392147348e-24
1.307881681644528e-07
-7.137114799928963e-05
-1.343618970842889e-22
4.218809268434906e-10
1.150865116910076e-12
4.759001262374872e-39
-5.57512434599293e-25
-5.369897933504965e-25
-8.002270498171041e-23
-3.27644811091266e-10
-8.178169436037734e-10
-6.044354631015944e-25
-1.559787413503675e-12
-2.645568229057395e-12
-2.827726868753244e-40
5.478417277907816e-23
3.014352220632617e-24
-1.3040891661888e-25
-1.206754227093399e-07
6.584076485574811e-05
1.2398133888483e-22
-3.893103021726608e-10
-1.278711222389193e-12
5.556910362658746e-39
-5.203695164571522e-26
-3.445309352607819e-25
-3.253957563860038e-23
-2.226185112442713e-08
4.991782070015944e-06
6.21111000297896e-24
-7.210682467446978e-11
9.547762417536995e-13
2.04651437628825e-39
-8.133792065616017e-26
-9.612296517782944e-24
-1.736384960131767e-23
-3.047937837899377e-09
5.853741016862164e-07
6.466305005127705e-25
-1.058339726989814e-11
1.457007120750217e-12
-2.007173494739639e-39
-2.009844474013438e-25
-2.891303224926647e-24
2.45481897117027e-23
1.962131513982902e-08
-4.496483582508495e-06
-5.605174411775323e-24
6.292628525605829e-11
4.429084829849814e-12
-5.995283197909524e-39
7.80383721769008e-25
9.011408838134599e-24
3.981988002408311e-23
-2.162136011471983e-08
4.991154696025361e-06
6.669429965485686e-24
-6.906961986204728e-11
-1.053008086000081e-12
2.913373122136845e-39
-3.857924380268688e-25
-4.857766637520188e-24
-1.749771780022522e-23
2.185096720511313e-09
-5.842031533474107e-07
-8.558001606490118e-25
6.462716468569837e-12
2.293495425411974e-12
2.908934013588418e-39
-5.640710434510726e-25
-7.976700468760121e-25
-2.92690271581079e-23
2.002090769115749e-08
-4.499080454574992e-06
-5.987501921082425e-24
6.483561213208776e-11
-3.905070279472659e-12
-2.65983451100172e-39
-6.840423081038632e-26
8.726283321396105e-25
3.254070841917777e-23
2.226902442539232e-08
-4.99178101436627e-06
-6.211105166973818e-24
7.214694009973847e-11
-9.517729560998089e-13
-4.285955818501272e-39
1.745682307412689e-25
9.20471799630371e-24
1.736297369504049e-23
3.042401722320956e-09
-5.853749169968362e-07
-6.466342386582904e-25
1.055244318708367e-11
-1.459325218389668e-12
6.675722422855765e-40
2.561226514176793e-25
2.652304671037576e-24
-2.454870522185905e-23
-1.962456165932747e-08
4.496483105923537e-06
5.605172207883048e-24
-6.294445221868562e-11
-4.430443466065617e-12
3.426185548895564e-39
-6.683800407816658e-25
-9.493306787434867e-24
-3.982092727257219e-23
2.161481796248181e-08
-4.99115567719754e-06
-6.669434405685358e-24
6.903321435312543e-11
1.050261378291675e-12
-4.907088941177938e-39
4.726035393373152e-25
4.482979177346488e-24
1.749690470788175e-23
-2.190184922461043e-09
5.842023909075942e-07
8.557967131527094e-25
-6.491037419691592e-12
-2.295631382555059e-12
-1.797656661777509e-39
5.151403940412649e-25
1.01085427464018e-24
2.926948756213037e-23
-2.001801363329414e-08
4.499080889532979e-06
5.987503870160481e-24
-6.481951778855563e-11
3.906285508388338e-12
1.703984899901296e-39
-2.076775251520008e-25
8.417760255284286e-24
-6.905205879088228e-24
1.613117652711269e-09
2.456545469439723e-07
-4.291727084304312e-26
5.787548208831014e-12
6.375357346273606e-13
-1.780789583198015e-39
1.631601503379761e-25
-2.083475899724175e-24
-9.095236709842471e-24
2.687237915902774e-10
3.436464337448064e-08
-6.013294277854458e-26
9.359992091286461e-13
-6.878518187849377e-13
-9.102173401608826e-40
1.060409309134347e-25
-3.765208178846923e-24
2.297743503372764e-24
-1.283476832378274e-09
-2.173602502101571e-07
1.345463516964187e-26
-4.370110429121522e-12
8.355503538759541e-12
6.512006730457495e-39
-3.695698109416549e-25
-9.510481832635431e-24
-4.174220088038681e-23
2.663558610552175e-09
5.927476203743028e-07
-2.687148698716282e-25
7.888815133933817e-12
5.246673462160466e-13
4.46582687432268e-39
-2.504477508000731e-25
-2.50328745179661e-24
-4.588478447109707e-23
8.66538297342725e-11
1.472077973012455e-08
-2.954353849970446e-25
3.071059898934431e-13
1.271589070129147e-12
-2.550544527308155e-39
1.603108176586555e-25
4.041938005396546e-24
1.440013064537346e-23
-2.587130536528389e-09
-5.299346132785235e-07
8.954299980094341e-26
-8.025024501742033e-12
3.54700164837683e-12
-6.207717915931578e-39
3.113810883102629e-25
9.280564520593277e-24
4.248884246457025e-23
3.565437853025966e-09
5.926257766829084e-07
2.746573323153532e-25
1.218413276122423e-11
1.411451835524145e-13
4.939586205343493e-39
-2.630940382638089e-25
-3.062926818876853e-24
-4.704665148326723e-23
-8.755469116417556e-11
-1.354938160244417e-08
-3.037542338619084e-25
-3.103951192329774e-13
2.477720770896115e-12
3.169070209648484e-39
-1.448148917408923e-25
-4.454585847197851e-24
-2.334903821137434e-23
-3.000849965611177e-09
-5.320844264214271e-07
-1.540504087335948e-25
-9.99684727538222e-12
-3.35603258409036e-12
-1.893715259223433e-39
-7.330727416752025e-26
2.086976940856165e-24
1.124359631182809e-23
1.19439692835758e-09
2.453507722396545e-07
7.422245670668363e-26
3.785040513466519e-12
-3.377706982948275e-13
-1.409840915374196e-39
-4.346450814409382e-26
5.816845585368066e-24
-4.964182887128735e-24
6.351522494014806e-11
-3.387953872818065e-08
-3.060645369186157e-26
6.367639378801064e-13
2.243449930905883e-12
7.513710129656211e-40
3.503593449695541e-26
-5.57621986573098e-25
-5.537181690585089e-24
-1.109911427392556e-09
-2.225457935208038e-07
-3.685468308640104e-26
-3.530835239666518e-12
-8.286791436654487e-12
2.149301724527469e-39
6.52470041200661e-26
-7.704010986223197e-24
6.906745651365573e-24
-1.603418450101843e-09
-2.456531072712263e-07
4.292335561193288e-26
-5.733456316746613e-12
-6.334720622691515e-13
-1.269223456625335e-39
-5.117892843202492e-26
1.522995472783409e-24
9.094027565544708e-24
-2.763407040075989e-10
-3.436577107639449e-08
6.012815610041778e-26
-9.785099435485415e-13
6.846611777681935e-13
-1.023631284372114e-39
-3.694768347132123e-26
3.41646612448746e-24
-2.298486762730551e-24
1.278735595013282e-09
2.173595588362223e-07
-1.345760936347686e-26
4.343547260189349e-12
-8.357484725534908e-12
-6.502897346171877e-39
3.69396570648439e-25
9.510549268535941e-24
4.174220220647748e-23
-2.663557699547854e-09
-5.927476202841433e-07
2.6871487519574e-25
-7.888809702778935e-12
-5.246670134039087e-13
-4.472775033459879e-39
2.505880926583663e-25
2.503234755614939e-24
4.588478315703959e-23
-8.665454319142947e-11
-1.472077980048785e-08
2.954353805419642e-25
-3.07110236569591e-13
-1.271589329821332e-12
2.546109495703768e-39
-1.602275791372739e-25
-4.041969949766979e-24
-1.440013127691403e-23
2.587130104688219e-09
5.299346132362924e-07
-8.954300230278248e-26
8.025021934442894e-12
-3.547001804207852e-12
6.216293447194835e-39
-3.115518815704374e-25
-9.280645405524001e-24
-4.248884091926816e-23
-3.565438973603136e-09
-5.926257767851794e-07
-2.746573274595754e-25
-1.218413923792713e-11
-1.411455598075489e-13
-4.93285252350199e-39
2.629681627404892e-25
3.062864819318028e-24
4.704665239140716e-23
8.755383066585028e-11
1.354938152384971e-08
3.037542372941043e-25
3.103901480307987e-13
-2.477721060073039e-12
-3.172553496575277e-39
1.448859538290504e-25
4.454619967051735e-24
2.334903754782863e-23
3.000850438403191e-09
5.320844264650592e-07
1.540504066525326e-25
9.996850015523626e-12
3.356032744876988e-12
-1.977256280754383e-39
2.160818287528593e-25
-2.800712760887045e-24
-1.124513895549786e-23
-1.204095921394279e-09
-2.453522119003111e-07
-7.422855165546121e-26
-3.839131360003295e-12
3.337070693808913e-13
-1.506954353504912e-39
1.521016856179006e-25
-6.360485360178105e-24
4.963007168884156e-24
-7.090209170570765e-11
3.387843819289846e-08
3.060181927818348e-26
-6.779222381335712e-13
-2.246546986548659e-12
7.762728239449891e-40
-9.362085496378527e-26
8.479765408805122e-25
5.537818136651362e-24
1.113855001843363e-09
2.225463907409009e-07
3.68571616356151e-26
3.552709577388155e-12
8.288448269133242e-12
-6.604823619187231e-42
3.046540574964792e-28
-1.214573634069363e-28
3.883085267571881e-37
-1.129338877618106e-23
1.004208379157969e-21
3.349524941031897e-38
7.822671042862183e-22
1.858935066417324e-23
-6.766502351702728e-26
-5.493860832835551e-13
-1.138794175889921e-12
-7.514814805856834e-23
-1.753815359187275e-10
-9.713192325193371e-11
5.117271338190608e-21
1.871324112113725e-08
1.678664562724491e-08
-1.530930321959957e-27
-2.215832513721154e-11
-9.431708180380998e-14
8.041075579739562e-21
-1.855239020229219e-09
-6.873523929761749e-11
3.21299171944803e-22
3.164879632944107e-07
-0.001910183025548683
-8.580435447779712e-26
-2.327470187201833e-13
-1.335520068230573e-12
2.041461596106597e-23
-2.323190809890451e-10
-2.458226324966193e-10
-1.640261457847498e-21
2.383446822555855e-08
4.208906561145968e-08
6.537217256620253e-28
2.829974304406692e-11
1.04090828673198e-13
-2.076103380226158e-21
5.334966327364025e-09
1.71740281897866e-11
-7.444939710559408e-23
-9.036785863666699e-07
0.0004932083708870446
-1.917075353570793e-26
5.081808970712776e-13
-2.964679634434078e-13
-4.338005382554743e-23
3.899308954151213e-11
-5.465014264955221e-11
2.953973903163567e-21
-5.099321383444051e-09
9.378069159395919e-09
-4.254376146134243e-25
-4.388842632184969e-12
1.22311366547248e-14
3.885482323953984e-22
-3.476090397677678e-09
-2.342343124265874e-12
-2.121897939499197e-23
5.45640775729525e-07
-0.0001236187029509198
-1.303944936047053e-27
-6.280243399652106e-14
2.906295538426797e-13
2.713784316797891e-24
-4.242864136672576e-11
1.326084155450998e-10
-1.502867963972616e-22
5.0409229116248e-09
-2.264238647367051e-08
3.931808975911942e-25
4.04872446435117e-12
1.497518072287169e-14
-3.582836245792418e-22
3.207634337501833e-09
1.224605083516337e-11
8.062087083466739e-24
-5.034410625588831e-07
0.0001140386941186441
4.254413713780435e-25
4.38893821801106e-12
-1.217225924223201e-14
-3.885482293364524e-22
3.476136509290336e-09
2.342878336958318e-12
2.121874163191434e-23
-5.456450247124832e-07
0.0001236187028912364
1.126969186588235e-27
5.644060815090212e-14
-2.931595683405657e-13
-2.713874343044291e-24
4.096099245273197e-11
-1.326252528035709e-10
1.502923301441529e-22
-4.897035875394909e-09
2.264475936729531e-08
-3.931833925634192e-25
-4.048807928294059e-12
-1.500821491175777e-14
3.582836233720695e-22
-3.207660068516634e-09
-1.22463459814165e-11
-8.062035883477694e-24
5.034434371556567e-07
-0.000114038694085284
1.286004542845384e-27
8.23572584624534e-15
1.13681258552868e-14
3.915708497461692e-24
2.281015925859319e-10
5.918660389556433e-11
7.983339611034959e-23
-4.797556173725514e-08
-8.655126536243597e-06
-2.839656646631534e-31
1.598559791694784e-15
-8.988500505741538e-15
-6.106264561716486e-25
3.771705759014707e-11
7.499536436188558e-11
9.421929987418921e-23
-7.118479559692254e-09
-1.026891085435333e-06
-5.723577095865086e-28
-3.639371042204939e-15
-5.271567267717576e-15
-3.998213815891657e-24
-1.95239047719715e-10
2.09797689755263e-10
-3.156081557243678e-23
4.190009953853138e-08
7.754802094605982e-06
-1.550458625919508e-28
-6.289586929529645e-15
9.235000804566963e-15
6.61256606984956e-24
1.908068154857503e-10
-4.134186800418093e-11
-1.228771954682874e-22
-4.336477688631752e-08
-8.637965566956923e-06
8.838567475999661e-28
3.169810982713124e-15
6.976588604238345e-15
-1.366149216334165e-24
-8.196784025209326e-12
1.127666923037461e-10
6.29405949617214e-23
3.30375006218816e-09
9.948247053030099e-07
9.060791042004091e-29
2.882510686600664e-15
-3.983408802857653e-15
-5.327728031818417e-24
-1.79525291681987e-10
-2.055333569022896e-10
5.804092934390925e-23
4.015518573009203e-08
7.825709003842909e-06
-1.139492515784787e-27
-4.056710421922237e-15
-9.064882254563378e-15
-3.915615048265556e-24
-2.267616406529321e-10
-5.917120251767139e-11
-7.984096975378381e-23
4.784421208223474e-08
8.65512437027529e-06
-1.138644818705088e-28
-4.85071104578646e-15
7.194002121770236e-15
6.105535447244246e-25
-3.876292150676331e-11
-7.500737572669771e-11
-9.421339105743333e-23
7.220966456153713e-09
1.026892773701855e-06
5.044486673314155e-28
1.716143812923736e-15
4.20405419864652e-15
3.998170120954222e-24
1.946108265673185e-10
-2.098048838374744e-10
3.156435384906365e-23
-4.183865524974741e-08
-7.754801088019392e-06
8.533835531360256e-30
2.110571505206103e-15
-1.153824440529026e-14
-6.612659434394857e-24
-1.921460495223014e-10
4.132653463416662e-11
1.228847691118771e-22
4.349612654284278e-08
8.637967732925355e-06
-9.96633792934915e-28
-6.390723626758986e-15
-8.749557686326831e-15
1.36607745420429e-24
7.168030903334766e-12
-1.127784819487758e-10
-6.293477293971965e-23
-3.202814228207776e-09
-9.948230388252851e-07
-2.74496728804047e-29
-1.067497590628363e-15
4.976339090442694e-15
5.327767905824333e-24
1.800955993478222e-10
2.055399121052167e-10
-5.804416691642801e-23
-4.02112566249583e-08
-7.825709934947178e-06
7.852178306122784e-40
-7.251226285536783e-26
-6.070825530686427e-27
1.135691360039125e-36
-3.948121522537137e-23
2.840112408928816e-21
4.846567105894736e-38
1.307035443446048e-21
2.71466039027956e-23
-1.900207444521842e-24
-9.291767968445471e-12
-6.326227204008625e-11
-2.692529449666146e-22
5.650398446468239e-10
-3.902701505304313e-09
8.779110789655858e-21
-3.778116955426177e-08
3.34148422116709e-07
-4.881251714808733e-26
-1.0201250719674e-09
-4.234851727002948e-12
2.274145391599721e-20
-5.818344316818045e-08
-3.972039510399382e-10
4.742855041159385e-22
4.955365690487329e-06
-0.002701395038411572
8.826357720565724e-40
-9.975255439063612e-26
-4.114110920957209e-27
1.135685414581975e-36
-3.948103499315273e-23
2.840112291034179e-21
4.842205561283212e-38
1.307047626678969e-21
2.714572852091776e-23
7.399275534183152e-25
2.983811827415839e-11
-2.355913597572222e-11
-2.693104879665257e-22
5.646051646175178e-10
-3.903797620500717e-09
8.777929733500602e-21
-3.779867130917697e-08
3.341306643347464e-07
3.580549633672449e-27
-2.48138000728137e-10
-1.404829057217313e-12
2.274145259774461e-20
-5.820477283159466e-08
-3.972947412559952e-10
4.742620638592038e-22
4.955020408527999e-06
-0.002701395039677372
-3.633777522018709e-24
-8.892483342365895e-12
-9.604251802775372e-11
-1.733905842036366e-23
1.505071500457121e-09
-1.006697000850785e-08
-1.767329011827842e-24
-9.438572835164565e-08
8.612160705799118e-07
9.65982809107682e-24
1.199323566238316e-09
3.892962873718733e-12
-4.380534000384668e-21
3.838796591928899e-08
1.315315314740568e-10
-6.863979690779448e-23
-3.079052381652276e-06
0.0006974975740223248
-5.655406888977899e-25
1.877598352736836e-11
-2.139835150088833e-11
-1.050436439198064e-22
9.910410330845521e-10
-2.248590763763604e-09
3.204307483526334e-21
-5.665469370745152e-08
1.924561031259773e-07
3.183371455281661e-24
1.702614389199214e-11
6.298839336306993e-12
-1.739790199574355e-23
1.504932495752502e-09
-1.006804292001967e-08
-4.816480601980665e-24
-9.439732055258327e-08
8.611702969837417e-07
9.5938945436821e-24
-9.691183652330463e-10
-3.093461379951458e-12
-4.380533440164614e-21
3.841069923840735e-08
1.316146293091296e-10
-6.861030922765564e-23
-3.078082515850334e-06
0.0006974975771471801
9.573881680381049e-25
-1.240034536771837e-11
1.348502472255111e-12
-1.050567863337362e-22
9.914600081631022e-10
-2.248828924092781e-09
3.203626312944866e-21
-5.664074917807305e-08
1.924459292809944e-07
-3.010287862394629e-23
-4.204706955985832e-10
8.054963165256865e-13
2.271224206283044e-22
8.709980345444646e-09
3.43385755690206e-10
-7.346123999992387e-23
-9.194523089471309e-07
-0.0001748437264148395
-2.582374423507551e-26
-6.513695996827468e-12
2.791635395675449e-11
1.208191019245191e-24
1.222651956514726e-11
5.511213860544507e-09
1.56054652446553e-23
-1.653482549250192e-09
-4.712904101701842e-07
2.781039451483126e-23
3.878433829736026e-10
1.374721674949833e-12
-2.083323940349662e-22
-8.044604502249228e-09
2.164064517316729e-11
2.546637525736172e-23
8.487039930857739e-07
0.0001612760421292175
3.010287867813576e-23
4.204726543254728e-10
-8.055208584058515e-13
-2.271224202461334e-22
-8.709974000976674e-09
-3.433856423951447e-10
7.346123997723328e-23
9.194523080977e-07
0.000174843726414851
1.986545010547313e-26
6.242348437636582e-12
-2.802265337081057e-11
-1.99714212905662e-24
-1.921924806121895e-11
-5.511269353053696e-09
1.503274167136664e-23
1.968655382467699e-09
4.712940496858151e-07
-2.781046243912251e-23
-3.878473878854005e-10
-1.375824531217315e-12
2.083185308167817e-22
8.044506021247357e-09
-2.164141710704407e-11
-2.494387611516011e-23
-8.486998322601719e-07
-0.0001612760420870725
3.010861271449972e-23
4.20376300234072e-10
5.570338139745286e-14
2.269673561713504e-22
8.708378327752347e-09
3.433961238704402e-10
-1.003899590162234e-22
-9.198283577236451e-07
-0.0001748437260794409
2.189000448703e-26
6.529205936055397e-12
-2.802364968593642e-11
1.207670792054616e-24
1.220255959100837e-11
5.511319103401262e-09
1.558412102422938e-23
-1.659315658327699e-09
-4.712653923436849e-07
-2.781300002356038e-23
-3.878010377988534e-10
-1.760980813722351e-12
-2.081889632750198e-22
-8.043126452019488e-09
2.164346123518935e-11
5.034313605533122e-23
8.490508815675414e-07
0.0001612760435315612
-3.010861276868919e-23
-4.203782589609615e-10
-5.56788395038863e-14
-2.269673557890593e-22
-8.708371979623587e-09
-3.433960106096556e-10
1.003899590420018e-22
9.198283586261651e-07
0.0001748437260794304
-2.377235274431588e-26
-6.227194650716801e-12
2.791938850246736e-11
-1.996779770584326e-24
-1.91996742388213e-11
-5.511377358074809e-09
1.505226160310205e-23
1.974232044265083e-09
4.712690309333044e-07
2.781298588132621e-23
3.878053008900819e-10
1.75987952901427e-12
2.081750983416949e-22
8.04302792663192e-09
-2.164426204884646e-11
-4.982066098466404e-23
-8.490467244398722e-07
-0.0001612760434894172
-6.069062989933967e-39
8.490518121356487e-22
7.530144717246062e-24
-2.488825285565067e-39
2.365718622671528e-23
-5.33486884561643e-22
-5.6096246913038e-39
-8.801551812802479e-22
-1.377533675979458e-23
3.148993622226173e-21
-7.306608088207163e-08
1.688628973031305e-06
2.53516508561412e-23
-2.264614681353454e-09
3.837102780589217e-08
-3.266707998415133e-21
7.580804550221579e-08
-1.749790946526294e-06
-1.361040628641081e-22
5.412237629887744e-06
-0.001229323909502366
1.156619659375122e-21
9.924719660072912e-08
7.142353426219753e-10
3.286603841995422e-23
-5.615045483125639e-06
0.001273432516599761
-2.308516548366859e-38
8.511324085939641e-22
7.627749611225029e-24
-1.981458624451109e-39
2.360197804210957e-23
-5.334920768459866e-22
2.01365877099591e-39
-8.810860228788311e-22
-1.381905089763061e-23
3.169995392670332e-21
-7.346513167515713e-08
1.690292983953047e-06
2.39189143901811e-23
-2.269350653005455e-09
3.831443093534042e-08
-3.276111993523207e-21
7.598648703245962e-08
-1.750535542391679e-06
-1.351606150505989e-22
5.436545862384218e-06
-0.001229323816400967
1.156576235274801e-21
9.831519810598809e-08
7.104209993341834e-10
3.244391729519858e-23
-5.625923144178922e-06
0.0012734324749329
-5.996306484506601e-39
8.490322432412521e-22
7.531618332002064e-24
-2.545423149159973e-39
2.367250988156406e-23
-5.334880188229722e-22
-5.64276735847831e-39
-8.8014592188828e-22
-1.377600256092175e-23
3.150345534044743e-21
-7.304953809657282e-08
1.688657850446777e-06
2.430041224072649e-23
-2.277484491563908e-09
3.83487124428517e-08
-3.267318678922336e-21
7.580054427452027e-08
-1.74980395944137e-06
-1.360714235920772e-22
5.412799374438328e-06
-0.001229323907433505
1.156594264508677e-21
9.881310645846041e-08
7.126372166327471e-10
3.285138023304386e-23
-5.615298613396278e-06
0.001273432515666379
-2.302023037588182e-38
8.511122083842814e-22
7.629037514224015e-24
-1.931437446731226e-39
2.358650801567534e-23
-5.334910718540055e-22
1.985126744123234e-39
-8.810774915378699e-22
-1.381962187747533e-23
3.171277632237449e-21
-7.344898096499715e-08
1.690320206048089e-06
2.490780524562997e-23
-2.256899023462828e-09
3.833557066476009e-08
-3.276679950937279e-21
7.597936387803985e-08
-1.750547629225671e-06
-1.35129652043944e-22
5.437075379700986e-06
-0.001229323814469283
1.156600099652388e-21
9.872640762134488e-08
7.119217350093274e-10
3.243012009110375e-23
-5.626158260638383e-06
0.001273432474076196
-1.248289737524299e-23
-9.147943349704863e-09
4.362704014066657e-06
-1.102576103371939e-23
5.890475889490597e-11
9.907217706325094e-08
5.394445050449559e-24
9.61875566744785e-09
-4.518991317241947e-06
3.615226626453471e-22
1.677629055593948e-06
0.0003174077412513222
-2.529197832000365e-21
6.0215355790237e-08
9.687011088014581e-11
-2.325598453351777e-22
-1.733160072428806e-06
-0.0003288077071492323
5.829557644617616e-24
1.736268310936799e-08
9.755679779317608e-07
-6.088992333407884e-23
1.03990071383942e-09
2.215607544660566e-08
-4.590901449332939e-24
-1.787112713604117e-08
-1.010515940972154e-06
9.082094932955457e-24
-9.644385254037495e-09
4.367001421046819e-06
-1.374178449383348e-23
5.361491785044474e-11
9.899976393459399e-08
-4.295721477704281e-24
9.84069877955086e-09
-4.520914347958776e-06
-3.190911138582274e-22
1.666607280284052e-06
0.0003174077021394108
-2.525647094269737e-21
6.144485767411958e-08
1.007873195377987e-10
7.188047306079151e-23
-1.72821018147894e-06
-0.000328807689580324
-5.068475846435975e-24
1.706374729772726e-08
9.765281735402007e-07
-6.140642677015823e-23
1.059795792990447e-09
2.213996160808845e-08
2.74157972669241e-25
-1.773704270819868e-08
-1.01094561392812e-06
-9.088370113241873e-24
-9.139223390097551e-09
4.362776358241232e-06
-1.367737658960426e-23
5.208319079710577e-11
9.901587305365862e-08
3.831207504775035e-24
9.614767288493586e-09
-4.519024629808821e-06
3.614752707721414e-22
1.676095781556397e-06
0.0003174077363137886
-2.529161028753391e-21
6.14086681737744e-08
1.00716212630623e-10
-2.325379887567685e-22
-1.732454045912754e-06
-0.0003288077048642827
6.587427489002201e-24
1.733849000577423e-08
9.755840574607259e-07
-6.14819347285498e-23
1.05873709659504e-09
2.214356115656022e-08
-4.939912827156513e-24
-1.785992500747737e-08
-1.010523344870215e-06
1.248917255555948e-23
-9.635610555311558e-09
4.367073765282501e-06
-1.112582607980852e-23
6.034315977791468e-11
9.90555161654041e-08
-5.774724801521226e-24
9.836862339957097e-09
-4.520945749299152e-06
-3.191385970516969e-22
1.66507400704283e-06
0.0003174076971971532
-2.525683767618321e-21
6.026323359060673e-08
9.698219485564693e-11
7.190104705238904e-23
-1.727544652097718e-06
-0.0003288076874463343
-4.307797475108162e-24
1.703956646962725e-08
9.765442530582168e-07
-6.082238263837146e-23
1.041169945836428e-09
2.215235341120951e-08
-5.605123669476647e-26
-1.772660834437972e-08
-1.010952593609283e-06
-9.175438994973907e-38
-1.200960562214585e-23
6.237270037767112e-23
1.09399330427912e-37
1.532959364936842e-23
9.950583074272613e-24
5.346992891794155e-38
6.059585328642984e-24
-1.909649529173284e-22
9.497499843915518e-24
1.368151481355029e-09
-1.776588146216077e-08
-1.739437665927175e-23
2.025803310170808e-10
1.611768884601328e-07
-5.475079723534243e-24
-5.998676760591948e-10
2.575980604615413e-08
-2.878574160294885e-21
-8.206286179888398e-08
-1.223918909300806e-06
2.912925854959347e-21
-1.703736833802788e-07
-4.262450539317644e-05
1.421355578816846e-21
3.170204659153334e-08
-1.09435080756327e-06
1.037400505129391e-37
1.054663929481898e-23
-6.244296361391666e-23
1.133651969066136e-37
-1.23829521935117e-24
-7.788652005972093e-24
-3.380124002253513e-38
-4.748451648703897e-24
1.911474213837284e-22
-2.284147976491868e-23
-1.127456295908536e-09
1.657032039288475e-08
-2.727983725904297e-23
-1.886196842585051e-09
-1.2125438522057e-07
8.644750744613603e-24
4.342551866517095e-10
-2.386319120038128e-08
2.877913563845141e-21
6.450309353707386e-08
1.223851728723531e-06
2.852908538121498e-21
2.645217354704789e-07
4.262518495218273e-05
-1.154449448032896e-21
-2.063801675717728e-08
1.094407769366238e-06
-1.036158540546923e-37
-1.054505736755154e-23
6.244300005811841e-23
1.188881169922316e-37
1.418086544046842e-23
9.895213701566951e-24
5.919751380545144e-38
5.339847769119932e-24
-1.91000187404439e-22
2.279844037024796e-23
1.127641900528612e-09
-1.657031726145434e-08
-2.785841877939385e-23
3.909582136263445e-10
1.60242323955976e-07
-1.177947338471046e-23
-4.855843485391107e-10
2.519331930144556e-08
-2.877912687917622e-21
-6.450305198598822e-08
-1.223851728535579e-06
2.91241004614643e-21
-1.841000814031727e-07
-4.26245579824731e-05
1.421041831240101e-21
2.338176998130074e-08
-1.09438292850476e-06
9.153291554865586e-38
1.203586818521743e-23
-6.237477938570671e-23
1.042350571125986e-37
-1.024223802938489e-25
-7.736937822713236e-24
-2.875574560898818e-38
-5.351376535992901e-24
1.911205234392744e-22
-1.131628668915514e-23
-1.386206071378237e-09
1.772624532026031e-08
-1.851293640664209e-23
-2.084190716072319e-09
-1.203684216330955e-07
3.79062139174187e-24
5.430676851626332e-10
-2.43498421820021e-08
2.878529058581785e-21
8.129134519989111e-08
1.223916081149857e-06
2.853381539890024e-21
2.773891507144379e-07
4.262523418863887e-05
-1.154708223268812e-21
-2.770594747827806e-08
1.094380947651964e-06
-9.16571551392574e-38
-1.20372463396736e-23
6.237474413745978e-23
1.093225608686545e-37
1.535123254113638e-23
9.948971533933874e-24
5.342102226838865e-38
6.071536220879016e-24
-1.909659856400859e-22
1.135870145654564e-23
1.386005577483171e-09
-1.772625011613207e-08
-1.885024421571077e-23
1.886475682490688e-10
1.611459061787373e-07
-6.357001803437321e-24
-6.081426274208499e-10
2.574102778494169e-08
-2.878529914465989e-21
-8.12914177642411e-08
-1.223916081477615e-06
2.912891286132078e-21
-1.709767673959111e-07
-4.262450760703305e-05
1.421334565049265e-21
3.133651620395391e-08
-1.094352159626459e-06
1.037396284880122e-37
1.054643056736812e-23
-6.244296482479968e-23
1.133648078251191e-37
-1.238140042470944e-24
-7.788651084491274e-24
-3.38010688878691e-38
-4.748354238244004e-24
1.911474219489189e-22
-2.284659663718293e-23
-1.127487140497057e-09
1.657032196044854e-08
-2.728473613457083e-23
-1.886243644152572e-09
-1.212543865918244e-07
8.646909788529975e-24
4.342680012727768e-10
-2.38631919305655e-08
2.877913367415043e-21
6.450312414357574e-08
1.223851728862448e-06
2.852908418254345e-21
2.645217109944593e-07
4.262518495207279e-05
-1.154449363408778e-21
-2.063803096256754e-08
1.094407769301781e-06
-1.036154097239611e-37
-1.054483079054275e-23
6.244300194026785e-23
1.188877365544211e-37
1.418103186565862e-23
9.895215124683852e-24
5.919729771603187e-38
5.339750798780271e-24
-1.910001882087515e-22
2.28036799310001e-23
1.127672558676204e-09
-1.657031548745156e-08
-2.786328375573697e-23
3.90910979934055e-10
1.602423251714096e-07
-1.178194516884187e-23
-4.855990485164983e-10
2.519331853309472e-08
-2.877912486156784e-21
-6.450301746136004e-08
-1.223851728381369e-06
2.912409928011632e-21
-1.841000554573986e-07
-4.262455798235534e-05
1.421041737823955e-21
2.338175507914532e-08
-1.094382928571275e-06
9.163021431804237e-38
1.200780207250678e-23
-6.23727386890941e-23
1.043086837026936e-37
-1.239643900362833e-25
-7.735391669764465e-24
-2.879396378205585e-38
-5.338429279340506e-24
1.911197268396519e-22
-9.453958510446859e-24
-1.368322010258412e-09
1.776587665359168e-08
-1.708633468214358e-23
-2.070447917974318e-09
-1.203380435708043e-07
3.00655751318126e-24
5.353569943812406e-10
-2.436652721872872e-08
2.878573258993308e-21
8.206278612990084e-08
1.22391890895952e-06
2.853415440997772e-21
2.779804743064305e-07
4.262523635243896e-05
-1.154726781683424e-21
-2.803072673408565e-08
1.094379769041739e-06
2.157966755122484e-42
-6.29898856891429e-40
2.914061638979161e-38
5.887837945828192e-30
-3.951413978825638e-23
7.872120582794132e-22
2.359166299888971e-32
1.004215407339839e-21
5.07980891462638e-24
-1.771736824875925e-28
-4.938895968306438e-22
-1.554915349590375e-23
-7.25854216626088e-16
-3.673033295578172e-08
7.654207623391341e-09
-3.438331811529406e-18
-1.173777991002849e-10
3.651576226259946e-11
8.302610284652967e-27
-1.235376727538027e-23
2.94608310389472e-22
1.866531647245299e-14
0.004271326493144894
2.195457448655622e-08
6.518540031475977e-17
-1.625395253684128e-12
7.028314976913861e-11
-8.212170424195086e-30
-9.512080539644148e-22
-1.130394458887252e-23
-4.949827756307806e-16
-9.155487582881115e-08
1.745153077060055e-08
-2.878155426500266e-18
-2.968930305107928e-10
8.314068810980662e-11
1.359517292803972e-27
-1.189353090418587e-23
1.526991361974201e-22
1.730902428471819e-15
-0.001102851404706162
-8.096927714427643e-08
6.068195238744033e-18
2.129311933208883e-12
-2.615580066532941e-10
3.384811989496445e-29
4.795545666257767e-22
1.055459790002184e-24
-7.354744386654582e-17
-2.046525027084796e-08
2.969097851139812e-09
-5.17234765312987e-19
-6.636808279798463e-11
1.413385449051417e-11
-4.710036433054929e-29
2.242193234942566e-23
-1.162562885316023e-22
1.457027282906148e-16
0.0002764213407770018
2.26465944706694e-07
6.375191585468097e-19
5.449458735316533e-12
7.305112508967559e-10
-4.420747770145829e-31
-1.063542118276404e-22
-1.261075120361389e-24
1.060036970923151e-16
5.070330345793467e-08
-5.882653635619873e-10
6.190850586965867e-19
1.634335399531379e-10
-2.794952710190493e-12
4.381411480892178e-29
-1.012551100175203e-23
1.073807554684753e-22
-4.016406722623882e-17
-0.0002549996793965238
-2.089970895562948e-07
-3.803775898973321e-20
7.347901314541941e-12
-6.743449397121136e-10
4.7120450144804e-29
-2.190099670240403e-23
1.162621180896358e-22
-1.464723951299778e-16
-0.0002764213406536791
-2.264663336236524e-07
-6.418467775539448e-19
-5.449018325329815e-12
-7.305135307635371e-10
-3.539532483325725e-31
9.237218926811384e-23
1.104096211406193e-24
-1.077428593242559e-16
-5.070852604171796e-08
6.014133904305276e-10
-6.265724671917298e-19
-1.634491080895903e-10
2.867947467258715e-12
-4.382601536272002e-29
9.834330257451745e-24
-1.07383974335094e-22
4.05027639717464e-17
0.0002549996793276166
2.089973068744066e-07
3.995337336388369e-20
-7.348147334222442e-12
6.743462139623729e-10
5.486162601524796e-31
8.875434301034324e-23
2.441493452026126e-24
3.427951863430088e-18
1.935301544388698e-05
3.859871770006391e-08
1.858029568649283e-20
7.098439517001406e-11
1.251278567681106e-10
-3.395025454557541e-31
4.085296202507408e-23
5.068598663575634e-25
-3.374622486317375e-18
2.296143999665724e-06
5.266207086886041e-09
-1.82061043539582e-20
9.202653499267134e-11
1.827369921085036e-11
-2.496224124329818e-31
-3.540585651807733e-23
-1.751151912549099e-24
-1.584529342194114e-18
-1.733989000227279e-05
-3.401245098199323e-08
-8.57841153719053e-21
2.597061854408531e-10
-1.09110566614579e-10
-1.260379912815775e-31
-6.4057809957515e-23
9.917358793434358e-25
2.997399705130126e-18
1.931468113286967e-05
3.749723083672299e-08
1.735474669710999e-20
-5.250005770414183e-11
1.198890743139445e-10
-9.959327940502253e-33
6.177108337929119e-23
4.212819464644955e-25
1.602966188857621e-18
-2.224477305333116e-06
-3.820374006644542e-09
9.632148017195694e-21
1.38816263021635e-10
-1.137686289815726e-11
5.655966072856347e-32
2.929127804711098e-23
-1.142586421805139e-24
-1.31257105689454e-18
-1.749845520910404e-05
-3.461362485829927e-08
-7.601362928688768e-21
-2.513901604532751e-10
-1.119834419789424e-10
1.345171612418693e-32
-7.59945303999612e-23
-2.291393320417638e-24
-2.082148004376829e-18
-1.935301067663889e-05
-3.861072174514548e-08
-1.250431269020868e-20
-7.097018430314393e-11
-1.25194485312587e-10
-9.757514213450227e-32
-5.082692887562957e-23
-6.241392693288466e-25
2.330751557613971e-18
-2.296147714044288e-06
-5.256840706995792e-09
1.349462993690492e-20
-9.203761976082625e-11
-1.822168979797999e-11
-7.6925859971186e-33
2.936766894610657e-23
1.680313255256076e-24
9.687455523654517e-19
1.733988779216816e-05
3.401806676033228e-08
5.798133909483237e-21
-2.597128192723255e-10
1.091418141215208e-10
-4.360299849935528e-31
5.129799146604662e-23
-1.141836018588106e-24
-4.34320356418284e-18
-1.931468589963915e-05
-3.748522679097261e-08
-2.343072969339665e-20
5.248584964242354e-11
-1.198224457657311e-10
-4.236936111555637e-31
-7.155491870952077e-23
-5.364335242589489e-25
-2.63880981611262e-18
2.224473636162567e-06
3.829598415490758e-09
-1.430728555706282e-20
-1.388271859199205e-10
1.142804005288185e-11
1.888909433570809e-31
-2.39118028204256e-23
1.206053444633648e-24
1.900599123425751e-18
1.749845726350629e-05
3.460850091573267e-08
1.025599044475418e-20
2.513962388551905e-10
1.119550776865967e-10
4.733601147166783e-33
-3.140514959513625e-27
-1.725184771640038e-28
4.034475969101772e-32
3.889051992825858e-21
1.9557558474685e-23
-4.243670916166439e-30
6.834925814595018e-23
-1.354309263955484e-21
1.852578668122831e-18
-2.925773914692016e-11
3.543504143763604e-13
-4.351452926652382e-17
-5.366006978989542e-09
3.072285183308479e-10
4.776347046947396e-15
9.143400397664127e-07
-3.298471931439984e-08
1.121490552843942e-16
-4.791938117986118e-13
1.744964983866302e-11
1.232136807240055e-16
-7.392351432884113e-11
3.202238237034769e-09
-1.457773583288272e-14
-0.007398146569161
-5.454499296845333e-07
5.84165367918064e-19
-3.021716542027528e-11
-3.547090159514706e-14
-4.30372973057434e-17
-1.382998804306531e-08
4.10768897943834e-10
4.682968694103601e-15
2.355052774698607e-06
-4.263035509954737e-08
-6.307192096227829e-17
1.611840367655695e-13
-1.960766694619835e-11
1.065468792517248e-17
7.879750645779029e-11
-9.242821262497692e-09
-1.251537858450605e-15
0.001910186390139969
1.565802502427723e-06
-1.188043217744344e-18
-6.753148947235019e-12
-3.96126614220844e-13
-9.373128255105268e-18
-3.091127312826769e-09
-6.574242794143825e-11
1.017366109738311e-15
5.264645116174331e-07
8.545101352107587e-09
-3.515131476754528e-21
2.85812005921957e-13
4.281644492917591e-16
4.698708921126618e-19
3.911614344248547e-10
6.021835026471012e-09
-3.588670367686539e-17
-0.0004788192739938807
-9.451508947907809e-07
3.984672427672101e-21
-3.620696677322888e-14
1.603159625499856e-15
7.393088282032566e-20
7.576163632533497e-09
6.889052029629392e-11
4.718888127502108e-18
-1.290684793129294e-06
-7.993012652650584e-09
1.592695801673469e-21
-1.262093399454425e-13
-1.751302541577999e-16
-1.868549894727648e-19
1.045486105825673e-10
-5.554479223321785e-09
1.608738540632082e-17
0.0004416634223882108
8.71811473802193e-07
3.515131476749615e-21
-2.85811960046962e-13
-4.281644095966168e-16
-4.70429196559486e-19
-3.911612876192953e-10
-6.021835467688662e-09
3.588670294847699e-17
0.0004788192739906707
9.451508947853838e-07
3.976511933570091e-21
-3.474814327704791e-14
1.606837528249154e-15
-1.615644113714088e-19
-7.576241580968982e-09
-6.634678827665949e-11
4.584662605221649e-18
1.290695487220933e-06
7.743510290086871e-09
-1.551365037461494e-21
1.254667972639988e-13
2.009379493452652e-16
1.864099398985201e-19
-1.045496395848788e-10
5.554514711914848e-09
-1.601154551212758e-17
-0.0004416634222687482
-8.71814767212853e-07
3.306856950268127e-31
-1.39605468316094e-25
3.78095240103213e-26
2.876022557630323e-32
1.099169670961429e-20
6.836220579217119e-23
-1.618720978365031e-30
9.991929940317041e-23
-2.26245484016533e-21
-5.81770530507178e-18
-1.857991066281667e-09
1.714541011803591e-11
-5.247408262987297e-16
-1.689820011704902e-07
-8.74367884878692e-10
2.791614098617143e-14
1.438870120185497e-05
5.742653493831452e-08
1.404372477106826e-15
-2.757646017790735e-11
1.108053722619811e-09
1.063069783296969e-16
-2.326546984735694e-09
1.007600222320706e-07
-6.887792898898484e-15
-0.01046243711652535
-8.579656400029458e-06
3.344384246093005e-31
-2.206938401604741e-26
8.509626379201886e-26
3.153340403306296e-32
1.099169416743565e-20
6.836228576097451e-23
-1.620358325984508e-30
9.986671759704401e-23
-2.26247598902835e-21
-3.039580457854358e-17
3.83910047332487e-10
-3.622222187582957e-11
-5.241695511108673e-16
-1.690055044091175e-07
-8.741814354169008e-10
2.792713830358819e-14
1.438769848040489e-05
5.745040303841854e-08
1.422230336504286e-15
3.288354013943418e-12
-2.291419525783092e-10
1.554138480163542e-16
-2.326935280864886e-09
1.007740390146818e-07
-6.895368060474495e-15
-0.01046243713033042
-8.579058320675539e-06
-2.294310284313197e-18
-2.894273160711521e-09
3.837275184016826e-12
-6.873626154986657e-18
-4.363019573197192e-07
-2.339571361975759e-09
9.970772719780383e-19
3.714638827614369e-05
1.429618537674848e-07
-7.005882170346558e-19
1.410412570037387e-11
-1.87809417596304e-09
1.291057890924707e-18
8.882729821742957e-10
-6.65137983717141e-08
6.348279044764137e-17
0.002701374658950379
5.334066673842855e-06
-5.262059295876289e-19
-6.468964047556109e-10
-3.116646397500359e-11
-1.488384159365925e-18
-9.754683388746815e-08
-1.657295062039994e-09
4.923151634387135e-19
8.305543000366258e-06
9.356213201159374e-08
2.294310281301746e-18
2.894279304013748e-09
-3.837266622074498e-12
-6.877926575667844e-18
-4.363129921259377e-07
-2.339584316508619e-09
-1.055030552499363e-18
3.714379948396892e-05
1.429652857321138e-07
6.484406446589529e-19
-1.809681022507683e-11
1.8780439885569e-09
1.290879768445709e-18
8.883070178739017e-10
-6.652095785692303e-08
6.287949230290815e-17
0.002701374673351248
5.332386830549157e-06
5.260705440261325e-19
6.468803280175687e-10
3.116623173343504e-11
-1.489361455308649e-18
-9.754929989785749e-08
-1.65743970619e-09
2.171959649474252e-20
8.304964389549588e-06
9.353425495016407e-08
-1.318977086220071e-32
7.908839265697126e-24
-1.518312163864304e-21
8.547596188086954e-33
-3.228369378214072e-21
-4.133170426762817e-23
5.921543050851784e-33
-8.371089627434719e-23
1.572816696077055e-21
-2.83616181287129e-17
1.573004863298718e-05
1.209903378633345e-07
-8.115305976819076e-17
2.877228206150743e-07
3.569018507156148e-09
1.200691139539474e-17
-1.631134609750774e-05
-1.254911121361069e-07
-3.138279657882171e-17
-0.004760957645394531
-9.379271131594538e-06
3.982042649359408e-17
3.961696390358924e-09
-1.715532828114938e-07
1.429782267309687e-17
0.004931951420015452
9.725878039184711e-06
8.25164895243122e-33
1.166569712756555e-23
-1.521911942003177e-21
4.679306859675489e-33
-3.228463422891542e-21
-4.133602099775819e-23
-3.698131636974202e-33
-8.539388221755945e-23
1.574427210267111e-21
2.530879738626003e-17
1.580063721014404e-05
1.217693881240548e-07
-8.361748873543731e-17
2.862261533366463e-07
3.579576281991745e-09
-1.201603646554917e-17
-1.634293875318559e-05
-1.258394696542482e-07
1.897879941953616e-17
-0.004760956673573316
-9.421359204653452e-06
3.013615416891576e-17
3.940097798242181e-09
-1.70660701487668e-07
-8.288906269979218e-18
0.004931950985007387
9.744714998858301e-06
-8.245513058851468e-33
7.992152044835861e-24
-1.518277892535542e-21
4.718637765462293e-33
-3.228434501672153e-21
-4.135858532537717e-23
3.679916478176381e-33
-8.375044495964522e-23
1.572801603726791e-21
-2.527304661266163e-17
1.573163368886422e-05
1.20972267761034e-07
-8.34939254903113e-17
2.864892066589288e-07
3.583129109789119e-09
1.060567540884508e-17
-1.631207596869863e-05
-1.254829372971173e-07
-1.897793802564061e-17
-0.004760957623556851
-9.38021647087584e-06
3.019210029289941e-17
3.944690760121241e-09
-1.708175459563709e-07
8.686154437847369e-18
0.004931951409918384
9.72631333900446e-06
1.318362190412467e-32
1.17489644114107e-23
-1.521877162482822e-21
8.500185701969855e-33
-3.228399582245852e-21
-4.130939883578908e-23
-5.873313340089935e-33
-8.54288563253475e-23
1.574411423956352e-21
2.832339747666458e-17
1.580222226493317e-05
1.217512059590939e-07
-8.123095190705189e-17
2.874476821475237e-07
3.565606278352483e-09
-1.334391918420634e-17
-1.634362675808339e-05
-1.258314310715449e-07
3.138540609835974e-17
-0.004760956651766353
-9.422304544021283e-06
3.972620607493627e-17
3.95689243004127e-09
-1.71389230896444e-07
-1.377346090452847e-17
0.004931950975582971
9.745125331352988e-06
-2.579923958815682e-38
-5.585328445017024e-40
9.664309106243328e-39
3.602809929067285e-22
1.129375418039296e-23
-3.709094164446813e-22
2.330059369059015e-24
-1.893317906961501e-22
-2.393816706302372e-24
9.22792408197984e-24
-1.870790215576405e-22
-8.590900335321551e-25
-1.425085491112488e-08
9.914569659806388e-08
-2.424827574157894e-09
-6.78942175976704e-11
3.202257174556569e-10
-1.154359396492081e-11
-4.630308958139832e-22
-5.049672268150609e-24
2.333844057083488e-22
-4.467829868596212e-08
-0.0008054084570225215
-9.98356484237178e-09
-1.451213885526998e-10
3.138838423525454e-12
-3.242065845632306e-11
-2.591269903874244e-38
-5.564611890003229e-40
9.715052203823395e-39
3.602805814365302e-22
1.129375984095067e-23
-3.709092324244399e-22
2.330057968949091e-24
-1.893317906734837e-22
-2.39381608013241e-24
9.241089885007865e-24
-1.870791904412831e-22
-8.649781279270904e-25
-1.425079786454211e-08
9.914569589886848e-08
-2.424853086748526e-09
-6.789397671044288e-11
3.20225714145704e-10
-1.154370169585266e-11
-4.635911377155451e-22
-5.041679691448493e-24
2.336349611969105e-22
-4.467988732679247e-08
-0.000805408457004553
-9.982854366777135e-09
-1.451260087559726e-10
3.138901175577363e-12
-3.241859218623967e-11
-4.39546869953033e-25
-3.595617648263719e-23
-2.467576465533981e-24
-3.18112796387155e-08
2.565223198100897e-07
-5.139295220199503e-09
-1.515927625717198e-10
8.277940298591945e-10
-2.448945474970994e-11
-2.385875166634439e-23
3.766014075694036e-24
-1.740358889828348e-22
1.710470887526142e-07
0.0002079554987189487
3.824487246529567e-08
5.520404774525496e-10
-1.142764736847362e-12
1.234294464397872e-10
-2.465847163140679e-24
-2.610180297659599e-22
-4.977758852951318e-24
-5.138700341490358e-09
5.735745473259437e-08
-7.076860481142071e-10
-2.448597649294348e-11
1.850893573888394e-10
-3.371717013028438e-12
-4.382092173801598e-25
-3.595618237211365e-23
-2.468174701214356e-24
-3.18112033833731e-08
2.565223194111871e-07
-5.139329323604538e-09
-1.515923403979879e-10
8.277940275419483e-10
-2.448964355722895e-11
-2.404409967981177e-23
3.767106177072484e-24
-1.739529957981298e-22
1.710467645339458e-07
0.000207955498720339
3.824501746311303e-08
5.520395290287591e-10
-1.142759863121428e-12
1.234298705979932e-10
-2.470392616922367e-24
-2.610180024134436e-22
-4.975725991067702e-24
-5.138690296875371e-09
5.735745467323307e-08
-7.07690540365115e-10
-2.448590320834446e-11
1.850893569722021e-10
-3.37174978797909e-12
-3.200672067399676e-26
5.358406037182559e-24
-8.270111222136337e-24
-4.775242515578991e-07
-5.212752929234229e-05
-1.068383780577618e-07
-1.540473462235374e-09
-2.495585331461799e-11
-3.447968634950901e-10
3.156332099262392e-26
-2.102392111962255e-24
-3.824809362720136e-26
-1.480881881120701e-09
-1.405099471479433e-07
-1.412483503188416e-09
-7.068771518237178e-12
-4.533312209199614e-10
-6.732993343156353e-12
1.74913387383669e-26
-2.741112846635963e-24
7.663668902036077e-24
4.406496502933237e-07
4.80824903067568e-05
9.852195841114306e-08
1.421811189250125e-09
-4.770701581978825e-12
3.178702288246219e-10
3.201014446898274e-26
-5.358415718620133e-24
8.270109664977949e-24
4.775242513268882e-07
5.212752929300194e-05
1.068383781629154e-07
1.540473460879631e-09
2.495585717718069e-11
3.447968641116856e-10
7.180526404991446e-26
4.578752042247617e-24
1.03601414180776e-25
1.45295619229087e-09
1.405091446355583e-07
1.406227696643969e-09
6.914301731149163e-12
4.533289288516479e-10
6.698419357152031e-12
-1.612950374432072e-26
2.783489560819734e-24
-7.662617422099491e-24
-4.406500187189964e-07
-4.808249031521747e-05
-9.852204098214777e-08
-1.421813344235599e-09
4.770672233192823e-12
-3.178707114996366e-10
-1.883582852157016e-26
5.358389007493339e-24
-8.276001501178483e-24
-4.775243176321512e-07
-5.212752929228716e-05
-1.068383485082992e-07
-1.540473724112473e-09
-2.495585307120048e-11
-3.447967463793053e-10
3.160142740729791e-26
-2.102392441596635e-24
-3.826513652269011e-26
-1.480922974082352e-09
-1.405099471097029e-07
-1.412465125726236e-09
-7.068999815678758e-12
-4.533312206960724e-10
-6.732891244671772e-12
5.235042493533569e-27
-2.74109692589791e-24
7.669150156006476e-24
4.406496686535211e-07
4.808249030674128e-05
9.852195020016883e-08
1.421811181722331e-09
-4.770701600619904e-12
3.178702321909971e-10
1.883240472665898e-26
-5.358398685021619e-24
8.276003006363379e-24
4.775243178631618e-07
5.212752929294651e-05
1.0683834840683e-07
1.540473725468216e-09
2.495585693216441e-11
3.447967457832848e-10
7.18737263336437e-26
4.578751743805665e-24
1.035707960561687e-25
1.452997482540264e-09
1.405091445957303e-07
1.406209230948003e-09
6.914530643596278e-12
4.533289286205833e-10
6.69831698361106e-12
-3.869527831604235e-27
2.783473633837219e-24
-7.668100321689812e-24
-4.406500372842221e-07
-4.808249031520182e-05
-9.852203267948186e-08
-1.421813337915626e-09
4.770672252516467e-12
-3.178707143258569e-10
-2.629764444013007e-28
2.611027765900343e-27
-6.955858243786559e-30
9.282256679633822e-24
-7.327482213045656e-22
-9.201449557317934e-24
-6.438114151644457e-22
-1.953065957281618e-23
6.373018010145107e-22
2.92420838335586e-14
2.401737235658751e-11
3.233340973189428e-13
-3.35399448925969e-10
1.132109996619701e-08
5.368469458927659e-11
3.480794858737841e-08
-1.917811463769301e-06
-6.977800334878152e-09
-1.470290046939962e-11
2.521727511153631e-13
-3.291081946916816e-12
-6.737384980983207e-09
1.121600740055751e-10
-1.505116843049888e-09
1.14697049357219e-06
0.001394996637741218
2.56327853077027e-07
-2.63015549656473e-28
2.611032305036734e-27
-6.938358396238388e-30
9.282251699556081e-24
-7.327482212713736e-22
-9.201447330088022e-24
-6.438107365608669e-22
-1.953066296478406e-23
6.373014975259443e-22
2.871784283253497e-14
2.401737369393459e-11
3.235685475460839e-13
-3.353936358598443e-10
1.132109993113748e-08
5.368209481750314e-11
3.48072248836914e-08
-1.917811459933295e-06
-6.977476675158442e-09
-1.472391570424381e-11
2.522628769395422e-13
-3.281683465531331e-12
-6.737402774537295e-09
1.121601756794346e-10
-1.505108885329298e-09
1.146973225474156e-06
0.001394996637729507
2.563266313096121e-07
1.745806221681355e-16
-9.157315198323763e-17
-7.832996654265211e-17
-5.872666434665074e-11
2.923568371647922e-08
3.192023487981578e-10
6.773237287223707e-13
-4.952818496784051e-06
-3.812768461624899e-08
-1.469677052383379e-14
1.105647729801867e-13
7.720496987494394e-15
1.948796619691534e-08
-4.025795883319231e-11
4.357200642535736e-09
-3.301626897977766e-06
-0.0003601852861638702
-7.38221590378156e-07
-2.696855683521652e-16
1.216526721346876e-15
1.287973044068597e-16
3.191809408148415e-10
6.536791176233958e-09
1.4567777283988e-10
-3.812544211382525e-08
-1.107432384713802e-06
-1.705024251804831e-08
-1.745806237087982e-16
-9.135553703416663e-17
7.782017203696246e-17
-5.871245876349069e-11
2.923568370052222e-08
3.191959958105711e-10
-1.064796462944615e-12
-4.952818495073948e-06
-3.812690551046049e-08
1.482811672705298e-14
1.105417444411018e-13
-5.483498185926107e-15
1.948796238500768e-08
-4.025795429971386e-11
4.357202347285607e-09
-3.301626309770451e-06
-0.0003601852861643226
-7.38221853433716e-07
2.702348007617239e-16
1.216093891028342e-15
-1.126635980976895e-16
3.191840150674882e-10
6.536791172771156e-09
1.456763979796674e-10
-3.81258172747633e-08
-1.107432384342272e-06
-1.705007473967142e-08
5.280135280844855e-26
1.210434714427941e-25
1.456492190672691e-26
-8.836333395884686e-24
-2.30385393520196e-21
-3.74132270182735e-23
-1.992894979605712e-25
-3.097379882553336e-23
1.259255820425693e-21
-3.131807460971499e-12
2.300425595637041e-09
2.544915159493021e-11
1.910142810857793e-09
8.146962965229979e-08
1.3532258503276e-09
-1.167215642225575e-07
-6.533208044656303e-06
-7.63959374991891e-08
-1.408941313799131e-09
2.188117192231792e-11
-3.149787300637113e-10
-2.124148513621562e-07
9.114436505790885e-10
-4.748638448843042e-08
1.808495409243431e-05
0.00197279141162019
4.043396188221037e-06
-5.268210917673418e-26
-1.214022489252707e-25
-1.461986219235258e-26
-8.836429425540941e-24
-2.303852982734008e-21
-3.741322957618393e-23
-1.521184472429118e-25
-3.086536428110166e-23
1.259268871855446e-21
3.123298052905282e-12
-2.300391471004161e-09
-2.544523562744186e-11
1.910153592659099e-09
8.14783992703821e-08
1.353343867029079e-09
-1.167243614301626e-07
-6.531150438849224e-06
-7.637317599495165e-08
1.409602938755715e-09
-2.376118266455917e-11
3.146762843565309e-10
-2.124202125910662e-07
9.115179020360318e-10
-4.748758972855243e-08
1.808369356573396e-05
0.001972791432032574
4.04311458999269e-06
5.268174360790606e-26
1.210435897865619e-25
1.461841317732144e-26
-8.836353650389574e-24
-2.30385393518655e-21
-3.741321796017637e-23
-1.980693817002322e-25
-3.097379941549097e-23
1.25925527477323e-21
-3.13005943742772e-12
2.300425592772893e-09
2.544836984387443e-11
1.910317064481302e-09
8.146962945752868e-08
1.353147921036991e-09
-1.16731939977018e-07
-6.533208034462286e-06
-7.639129728521499e-08
-1.409602827209005e-09
2.188167852284534e-11
-3.146828908560274e-10
-2.124148838789325e-07
9.114437036128377e-10
-4.748636994631133e-08
1.808495735650037e-05
0.001972791411617678
4.043394728479406e-06
-5.280098723981258e-26
-1.21402124315148e-25
-1.45666978802017e-26
-8.836449715036007e-24
-2.303852982717579e-21
-3.741322050243311e-23
-1.508986617492294e-25
-3.086536487384676e-23
1.2592683263509e-21
3.138568845576371e-12
-2.300391481161821e-09
-2.545206495659256e-11
1.910327446842245e-09
8.147839907582472e-08
1.35326611637402e-09
-1.167347432352826e-07
-6.531150428651948e-06
-7.636853307503501e-08
1.4089412022488e-09
-2.376065699079617e-11
3.149722233793927e-10
-2.124202681286291e-07
9.115179730106165e-10
-4.748756489117462e-08
1.808369682977931e-05
0.001972791432030053
4.043113130260302e-06
1.084007849020989e-39
-3.093113615616169e-39
-4.92423561939547e-40
-8.074060025905829e-25
1.134411869155766e-23
8.404789006111979e-25
4.741634061730233e-23
6.971023895003625e-26
-4.374155312979288e-23
1.425632996335592e-22
1.013450530177283e-24
-1.315930472033455e-22
-2.774833244673516e-07
4.833147597931961e-10
2.560251134134712e-07
-8.953555923421681e-10
2.299021841020125e-12
8.262158834898747e-10
8.659631720012826e-24
-5.085766489400064e-23
-4.379904865623723e-24
0.0002018677063094648
2.471494164649715e-08
-0.000186224735661556
-5.074371581037978e-12
7.973338080160219e-11
8.704548429999804e-12
-9.803281050098132e-40
2.371743743501847e-39
4.437411212746328e-40
8.077351391894449e-25
-1.134574944614754e-23
-8.406302694596959e-25
-4.741633939297313e-23
-6.97192117952241e-26
4.374155255721313e-23
-1.425747560213578e-22
-9.207593886678318e-25
1.315984116441112e-22
2.774834242984578e-07
-4.904381306482376e-10
-2.560251737412694e-07
8.953562456818423e-10
-2.338611489653243e-12
-8.262162677910544e-10
-8.144731079010058e-24
4.600745149571147e-23
4.136337147676601e-24
-0.0002018677051450756
-2.471755708752059e-08
0.0001862247351361954
5.077785809465996e-12
-7.974123539008651e-11
-8.706091944738252e-12
1.002246668224737e-39
-3.029873758081203e-39
-4.556537508358768e-40
-8.077011927777925e-25
1.134434708081954e-23
8.406114363816118e-25
4.741633961042999e-23
6.971101783396487e-26
-4.374155267735372e-23
1.425726398518385e-22
1.00622170247432e-24
-1.315972431539066e-22
-2.774832831791994e-07
4.832828114690339e-10
2.560250948840378e-07
-8.953554184251246e-10
2.298887283302656e-12
8.262158054088254e-10
8.257473516285062e-24
-5.054654333990722e-23
-4.199357962912447e-24
0.0002018677051725694
2.47158214074173e-08
-0.0001862247351515642
-5.077685787227489e-12
7.973594492135891e-11
8.706036032432218e-12
-1.059002479117157e-39
2.310710321006219e-39
4.787343065320285e-40
8.074484455291116e-25
-1.134597178344609e-23
-8.405025496418961e-25
-4.741634036592914e-23
-6.971996648462546e-26
4.374155299030252e-23
-1.425656617748973e-22
-9.137089536405959e-25
1.315943625929846e-22
2.774834645353908e-07
-4.904069297519591e-10
-2.560251916742982e-07
8.953564146194582e-10
-2.338480472483336e-12
-8.262163430556684e-10
-8.534812096115532e-24
4.570490483080077e-23
4.310133905571977e-24
-0.0002018677062548211
-2.47184175712303e-08
0.0001862247356310107
5.074566418605824e-12
-7.974373218865474e-11
-8.704657344731827e-12
-1.764970045997291e-26
1.485267547964715e-26
7.742437138217652e-27
-7.165538547721831e-07
-1.4758150797237e-09
6.611151229274906e-07
-2.312189999643596e-09
-7.04062125493207e-12
2.133494936100858e-09
3.42799954832957e-24
-1.768511961879302e-24
-2.125666611958201e-24
-5.212424864208465e-05
-9.368836298430775e-08
4.808270398122263e-05
-9.322013428044192e-12
-3.023039403798263e-10
-3.75283961739539e-12
-1.246467183871417e-23
-5.1500589072407e-26
1.152317248184772e-23
-1.602636054580242e-07
-1.411739269114139e-09
1.47820042504409e-07
-5.172287202060017e-10
-6.728971645989263e-12
4.770106788985926e-10
1.6940963647358e-26
5.46402368351329e-26
-6.814701385856194e-27
7.165538002782017e-07
1.457244842049758e-09
-6.611152619652605e-07
2.312189698887274e-09
6.937901509823238e-12
-2.133495757426214e-09
-3.296945754716599e-24
2.767446457818303e-24
2.078637068650485e-24
5.212424887166116e-05
9.368783893743963e-08
-4.808270408739308e-05
9.322685928118366e-12
3.023024624861735e-10
3.752527262223744e-12
1.246793917366391e-23
9.252103411121548e-26
-1.15241912318677e-23
1.602635982288102e-07
1.407575296436701e-09
-1.478200758895734e-07
5.172286678944735e-10
6.705968578897638e-12
-4.770108694974942e-10
-1.694131230851136e-26
1.430208228906415e-26
7.420904339571661e-27
-7.165538002775062e-07
-1.475857391064876e-09
6.611150981997931e-07
-2.312189698884464e-09
-7.040854804007307e-12
2.13349479952547e-09
3.296941025438423e-24
-1.66671920760219e-24
-2.06608032044012e-24
-5.212424887134088e-05
-9.368818505053043e-08
4.808270408499046e-05
-9.32268405396621e-12
-3.023034196794344e-10
-3.752535350754527e-12
-1.246793927216004e-23
-4.896283793396596e-26
1.152465825769231e-23
-1.60263598227314e-07
-1.411744884779222e-09
1.478200392175459e-07
-5.17228667886362e-10
-6.729012277009834e-12
4.770106551278558e-10
1.765004912115093e-26
5.518756438317463e-26
-7.127104580636833e-27
7.165538547714872e-07
1.457286948793812e-09
-6.611152859798556e-07
2.312189999640786e-09
6.938133869421989e-12
-2.133495889863537e-09
-3.428004632940638e-24
2.666215093846879e-24
2.136277530212621e-24
5.212424864240303e-05
9.368766171786267e-08
-4.808270398610323e-05
9.322015292310771e-12
3.02301944288408e-10
3.752822840882254e-12
1.246467189731859e-23
8.999729439315885e-26
-1.152275449213433e-23
1.602636054592027e-07
1.407580881694261e-09
-1.478200790701423e-07
5.172287202128222e-10
6.706008996140792e-12
-4.770108925238152e-10
5.431504172945802e-30
8.880554411172887e-32
-2.437376790231527e-30
2.041819673401432e-22
9.848780329644912e-25
-1.883363019383926e-22
1.158269623480512e-24
-5.929778848925299e-23
-2.523669151395536e-24
5.559769166704463e-17
-1.10014583351917e-15
-3.061998967109926e-17
-7.377106908790099e-09
-5.59094675425533e-11
6.805074229813796e-09
1.15771843613485e-06
6.493035665010026e-09
-1.06795453705846e-06
1.089925751960458e-13
-2.320152161586577e-14
-4.890458485079804e-14
7.057076508389784e-11
3.689916988846635e-09
8.598767466067971e-11
-0.0003496557262327939
-6.28519229799424e-07
0.0003225445545753902
-5.407306842662974e-30
1.41911405987641e-31
2.414769568905283e-30
-2.041819638022716e-22
-9.850853474325614e-25
1.883362977057159e-22
-1.158749482877544e-24
5.931191430633328e-23
2.524073508191463e-24
2.371429349284113e-16
-8.743597428096852e-16
-1.107409308634021e-16
7.377102963770796e-09
5.452791837577397e-11
-6.805085241961648e-09
-1.157717925014528e-06
-6.357610293064689e-09
1.067955500234062e-06
-9.413256413953241e-14
-1.137447430272542e-14
4.201781541981619e-14
-7.055814566395741e-11
-3.689960280722029e-09
-8.599368453673011e-11
0.0003496557243009958
6.285249647111742e-07
-0.000322544553667967
5.406478609885771e-30
1.081964896186886e-31
-2.421580537761322e-30
2.041819638482612e-22
9.848807446170916e-25
-1.883363003520962e-22
1.15874946351337e-24
-5.929816105643456e-23
-2.523886756432761e-24
-2.370488484740626e-16
-8.730093499864287e-16
1.013334150129142e-16
-7.377102803660056e-09
-5.591265601136409e-11
6.805072363214364e-09
1.157717925015562e-06
6.493432545877739e-09
-1.067954305056257e-06
9.413256362481287e-14
-1.166815932191229e-14
-4.217854671942007e-14
7.055817092685059e-11
3.689926765088407e-09
8.599338457782213e-11
-0.0003496557243009957
-6.285207291312713e-07
0.0003225445537010156
-5.430675940168721e-30
1.238894562782761e-31
2.420637996368841e-30
-2.041819672855239e-22
-9.850880384800936e-25
1.883362992389385e-22
-1.158269603877359e-24
5.931228510634661e-23
2.52386190290789e-24
-5.56917781202125e-17
-1.100728991024397e-15
1.914376193033767e-17
7.377107067875134e-09
5.453108842812352e-11
-6.805087046774962e-09
-1.157718436135217e-06
-6.358005200664771e-09
1.067955725405032e-06
-1.089925746813184e-13
-2.286147057620787e-14
4.858323372215268e-14
-7.057071524054901e-11
-3.689969995594253e-09
-8.598814050931893e-11
0.000349655726232794
6.285264580208357e-07
-0.0003225445545214796
2.91244632984186e-39
6.998465010047708e-40
-1.173740114350026e-39
-7.928115266566571e-25
3.498365364787688e-24
4.72154158910175e-24
3.776355125366774e-24
4.682040049404068e-25
-3.368502030835332e-24
-2.572348102410714e-24
-5.327983435515549e-25
1.979991827517216e-24
-4.7135595990221e-08
-6.105568457732412e-09
4.183842893370711e-08
-1.526608756268865e-10
-2.070145229016353e-11
1.345464829468719e-10
4.072501767216487e-23
2.199959095088328e-23
-1.641288678734262e-23
1.412776252580982e-05
1.670127702108117e-06
-1.268266325676032e-05
3.197333837937091e-11
4.858389118116693e-11
1.270193928151762e-10
-1.594324196416602e-39
1.786316161351906e-39
7.59131054970455e-40
7.079775237535059e-25
3.754968778989134e-24
-4.390445360110269e-24
3.782860271068981e-24
-4.153316340957026e-25
-3.441081675485953e-24
-1.416684300319124e-24
-2.48839341311381e-25
1.499472556500701e-24
-4.623251855698537e-08
4.927365120676228e-09
4.23262578847349e-08
-1.483627537568303e-10
1.508291797716192e-11
1.368749456378142e-10
-3.217183173843174e-23
2.922235738852912e-23
1.422901572945656e-23
1.410907659517378e-05
-1.635190203322651e-06
-1.275993999203363e-05
-2.826814132526721e-11
6.405889374271682e-11
-1.22242177281725e-10
-2.19838302530914e-39
-1.257349193968744e-39
8.384930047254903e-40
7.945032472608051e-25
-3.499683288408253e-24
-4.722325112751653e-24
-3.776346232581617e-24
-4.682109377691027e-25
3.368497894156766e-24
2.47816157988452e-24
6.061737459938527e-25
-1.936369472721396e-24
4.714207252821198e-08
6.100526880733346e-09
-4.184141426589436e-08
1.526968995602984e-10
2.067340224599418e-11
-1.345631154418421e-10
-3.602181796883312e-23
-2.566469374627481e-23
1.423023389609847e-23
-1.412775935285714e-05
-1.670130169606161e-06
1.268266180310322e-05
-3.196388947699074e-11
-4.859124494563218e-11
-1.270237421347214e-10
9.936956089582899e-40
-2.24741287737024e-39
-5.042938368729303e-40
-7.092578076342564e-25
-3.755954113433813e-24
4.390996556638259e-24
-3.782867776703387e-24
4.153258611081447e-25
3.441084895262557e-24
1.498412943127483e-24
3.117489075252118e-25
-1.534691019360811e-24
4.622598510293928e-08
-4.932399447469759e-09
-4.232342491801925e-08
1.483264899700884e-10
-1.511085265475817e-11
-1.368592490266727e-10
2.802879706962339e-23
-3.241027392540131e-23
-1.244713174700425e-23
-1.410907817955603e-05
1.635188981178297e-06
1.275994068325975e-05
2.826331216574989e-11
-6.40626157729456e-11
1.222442739105225e-10
2.799023467742499e-39
7.882606050403154e-40
-1.121054278314449e-39
-7.932229462806484e-25
3.498685573983581e-24
4.721730975133319e-24
3.776353738294231e-24
4.682050854554978e-25
-3.368501388983711e-24
-2.559891215453554e-24
-5.424924945823817e-25
1.974264357145942e-24
-4.713553907551335e-08
-6.10561273142018e-09
4.183840281419007e-08
-1.526606357791624e-10
-2.070163896267051e-11
1.345463725251115e-10
4.016485872207484e-23
2.243562241340131e-23
-1.6154707799229e-23
1.412776093725044e-05
1.6701289374317e-06
-1.268266252910957e-05
3.196871867859571e-11
4.858748642824538e-11
1.270215189759686e-10
-1.594336040514848e-39
1.786325391055433e-39
7.591364892911055e-40
7.079775066886252e-25
3.754968792300432e-24
-4.390445352333118e-24
3.782860270991013e-24
-4.153316340347795e-25
-3.441081675450304e-24
-1.416683810630245e-24
-2.488405009274783e-25
1.499472322753563e-24
-4.623251855491026e-08
4.927365120192364e-09
4.232625788380081e-08
-1.483627537490492e-10
1.508291797449087e-11
1.368749456343063e-10
-3.217183775593082e-23
2.922236216808819e-23
1.422901847409813e-23
1.410907659516284e-05
-1.635190203314046e-06
-1.27599399920282e-05
-2.82681413674258e-11
6.40588937752224e-11
-1.222421772627271e-10
-2.198374807164245e-39
-1.257342841364871e-39
8.384894292060547e-40
7.94503256171039e-25
-3.499683281476212e-24
-4.722325116654699e-24
-3.776346232537352e-24
-4.682109377345601e-25
3.368497894137299e-24
2.478161304180809e-24
6.06172753772097e-25
-1.936369362519942e-24
4.714207252709568e-08
6.100526880998005e-09
-4.184141426539151e-08
1.526968995572706e-10
2.067340224702389e-11
-1.345631154404735e-10
-3.602182486029704e-23
-2.566469896319848e-23
1.42302369201179e-23
-1.412775935286884e-05
-1.670130169615029e-06
1.268266180310809e-05
-3.196388952073682e-11
-4.859124497951399e-11
-1.270237421154332e-10
8.802526628619585e-40
-2.33468447461253e-39
-4.555029681409426e-40
-7.096692533024102e-25
-3.756271200268347e-24
4.391175207889348e-24
-3.782869163898706e-24
4.153247930714134e-25
3.441085494271377e-24
1.510871601620908e-24
3.213516192149695e-25
-1.540107276680556e-24
4.622604201938382e-08
-4.932355558566452e-09
-4.232344971002227e-08
1.483267298242733e-10
-1.511066780418816e-11
-1.368593531571978e-10
2.7468638859626e-23
-3.2841896501324e-23
-1.220422812978978e-23
-1.410907976811511e-05
1.635187755767249e-06
1.275994137657014e-05
2.8258692466721e-11
-6.406617640251353e-11
1.222462801460099e-10
