# Created from matlab git hash 15d6ecd77b971f955de2852a201e878a95b43822
# name: foo
# type: matrix
# rows: 2808
# columns: 1
0
-2.581665425341433e-38
-5.071142494856143e-40
-3.772519237904329e-38
-7.10610715609952e-22
-2.101121955330934e-23
1.564890477831206e-37
-5.730034506007366e-24
4.051053016384567e-22
1.989671911265797e-37
2.106391408083145e-23
-3.500469175402532e-23
-4.296251573985959e-21
-8.535761525349035e-09
-1.938507845654187e-09
-3.480443498967417e-23
-5.150370978271841e-11
-6.016989439195992e-12
1.808276120985127e-39
-2.654957469423429e-22
-5.524227307330766e-24
-3.570352810121938e-22
-2.232447897803072e-08
0.001378538711672705
3.243621013258651e-21
-8.524977285075797e-11
-3.973580203816774e-11
-9.273945074181659e-38
1.301826295653904e-23
-2.358860953194725e-22
2.30244111724768e-21
-1.959830087487518e-08
-3.285019032328653e-09
1.826407565080124e-23
-1.175701828214374e-10
-1.188825035383526e-11
-5.895783274725457e-39
-9.156836615967709e-23
-1.296702987471036e-24
8.26151628809603e-23
7.248282619951361e-08
-0.0003559403723189988
-8.375202033534176e-22
2.935796137811012e-10
1.179164337216557e-12
1.803596460561318e-37
-2.088268338880489e-24
-2.040013728522196e-23
-2.480174892768002e-21
-3.344916295260036e-09
-7.305235512188661e-10
-2.009351582505659e-23
-2.000096819852025e-11
-2.637520265571249e-12
2.122378840466289e-39
9.238022042799375e-23
1.00024200956199e-23
-1.02130261801723e-23
-2.042857118533545e-07
8.921293291357115e-05
2.099136197988751e-22
-8.233951265634975e-10
-2.815561186185972e-12
-1.264810355650963e-38
1.384906928705156e-24
-5.444059784459711e-25
1.24913256009125e-22
6.183536865410836e-10
1.256485212739027e-09
1.179358305170916e-24
3.678964459046345e-12
5.084425036442932e-12
3.940249184311667e-40
-8.552120122498519e-23
-6.236897220288656e-24
2.726181418925078e-25
1.885101689498452e-07
-8.229999884122152e-05
-1.937234645019733e-22
7.599745135212852e-10
3.134421922524175e-12
-1.330505875292906e-39
-9.241015549496348e-23
-9.874193091589768e-24
1.021333664369084e-23
2.042874505015163e-07
-8.92129326433655e-05
-2.09913617970771e-22
8.234085181584854e-10
2.816815027857969e-12
6.898570168413654e-39
-1.048616384718556e-24
-8.15496920952579e-25
-1.249117714536201e-22
-6.36585361574281e-10
-1.259992686097729e-09
-1.179368108531236e-24
-3.809919755269679e-12
-5.097359767762573e-12
-8.220617102289367e-40
8.553566937302123e-23
6.173806884649974e-24
-2.726200858367777e-25
-1.885110230891724e-07
8.229999870829581e-05
1.937234638508416e-22
-7.599810994402634e-10
-3.135038783578317e-12
8.718531348007689e-39
-3.922350414070496e-25
2.087874459705751e-24
-4.928663221148882e-23
-3.481386252788183e-08
6.239761320204787e-06
9.64071502942622e-24
-1.408980348285196e-10
1.833260855653055e-12
2.889743820053624e-39
-7.996253952726192e-26
-1.663291782265189e-23
-2.710127458780562e-23
-4.965091478815925e-09
7.318229094227623e-07
9.692336517334984e-25
-2.196925478980439e-11
2.581608511816104e-12
-3.047669132783663e-39
-1.832471612976721e-25
-5.661917341656095e-24
3.73564961542752e-23
3.054259360267801e-08
-5.620119498536553e-06
-8.699584254615305e-24
1.221401764693977e-10
8.703750903414458e-12
-1.022487483744882e-38
1.330777927318058e-24
1.578725439327175e-23
6.347475379080829e-23
-3.357652214472115e-08
6.238785639829751e-06
1.053301390048619e-23
-1.335347186881511e-10
-2.048587826048063e-12
4.074425796974597e-39
-7.51303307475703e-25
-6.607392005085907e-24
-2.736400836157496e-23
3.272408401509001e-09
-7.300066413811653e-07
-1.377778989419379e-24
1.177183262532403e-11
4.652256983500479e-12
5.073840438150021e-39
-9.402240737691102e-25
-1.978283773151138e-24
-4.65560023045853e-23
3.132721146259779e-08
-5.624156566761929e-06
-9.44458492411179e-24
1.268710305258644e-10
-7.429677662621082e-12
-3.083515129637694e-39
6.109344157631433e-26
-7.752506426651708e-25
4.928999195065954e-23
3.483151462290903e-08
-6.239757967370433e-06
-9.640697306377043e-24
1.410250939604145e-10
-1.820755130901216e-12
-7.243505891048112e-39
3.361688192974505e-25
1.56208252035534e-23
2.70986768152535e-23
4.951481624573599e-09
-7.318254967016666e-07
-9.692473536761504e-25
2.187132256942865e-11
-2.591249878781351e-12
4.168866964035177e-40
3.356306581942165e-25
5.065789237861106e-24
-3.73580357312196e-23
-3.055061084102175e-08
5.620117980250353e-06
8.699576095186477e-24
-1.221979516359759e-10
-8.709432083806799e-12
5.384295733384095e-39
-1.029241005136906e-24
-1.695479384083332e-23
-6.347779185976049e-23
3.356083838250909e-08
-6.238788686967356e-06
-1.053302975746917e-23
1.334228151870864e-10
2.037500602020941e-12
-7.832102875401749e-39
9.851290225233249e-25
5.698248263493069e-24
2.736164836202414e-23
-3.28462192375157e-09
7.30004271069973e-07
1.377766677011197e-24
-1.185901204195114e-11
-4.660891636872783e-12
-2.999972839877841e-39
8.091459876660184e-25
2.493364918223737e-24
4.655732898380735e-23
-3.132029256035558e-08
5.624157914214785e-06
9.444591813763503e-24
-1.268217176107285e-10
7.4345661591099e-12
2.785383569098409e-39
-5.380427065041695e-25
1.615989160787096e-23
-9.948226259595705e-24
2.703230453798906e-09
3.071404122435311e-07
-7.603142999290683e-26
1.255409601946432e-11
1.337577613419021e-12
-2.990088363038347e-39
4.303567451624787e-25
-5.633044924475901e-24
-1.49951072693157e-23
4.102884967604855e-10
4.280923194035366e-08
-1.247456000289454e-25
1.677346413747753e-12
-2.107233807555265e-12
-1.569137162788911e-39
2.761382211702589e-25
-7.442424727719475e-24
2.834885437204138e-24
-2.079415085435845e-09
-2.709040778577567e-07
1.922990332799051e-26
-9.047098683647585e-12
1.618938612553085e-11
1.021351924052624e-38
-7.105335881077325e-25
-1.486316707004623e-23
-6.489834045350199e-23
3.981151793809446e-09
7.409935456064387e-07
-5.218811703182613e-25
1.428670170252e-11
1.176850371213207e-12
6.841839661402548e-39
-4.823470906384446e-25
-3.774336918449206e-24
-7.113134707728972e-23
1.464973162432106e-10
1.848943853004416e-08
-5.716449672245346e-25
6.82110926442338e-13
2.139111142686986e-12
-3.87130001900439e-39
2.953014606721077e-25
6.235246284520105e-24
2.073234301449721e-23
-3.958863115770185e-09
-6.620691742078184e-07
1.585945881571203e-25
-1.515387857660372e-11
6.923465973808006e-12
-9.616498432714835e-39
6.149351904062956e-25
1.441800012571678e-23
6.635876749445784e-23
5.739516512565664e-09
7.408068924036513e-07
5.359812830501915e-25
2.482962968615678e-11
4.552699422561161e-13
7.767419252133247e-39
-5.145831712138898e-25
-4.861362685281705e-24
-7.338956911358561e-23
-1.470418454973654e-10
-1.667125693319833e-08
-5.91988184239451e-25
-6.805497963214476e-13
5.094707056473548e-12
5.073757640262437e-39
-2.994693557803568e-25
-7.038695557225886e-24
-3.816318155372348e-23
-4.767042587341588e-09
-6.654144516268495e-07
-3.163412076586341e-25
-2.000640270904566e-11
-6.457854482395852e-12
-4.18765733624995e-39
-1.6217939371397e-25
5.648517042766606e-24
1.839016268963209e-23
1.881692250138563e-09
3.066652485320144e-07
1.525838069725234e-25
7.598799531664135e-12
-5.631701173252047e-13
-3.033635212882318e-39
-1.040842655523688e-25
1.078709487307122e-23
-6.960699829234453e-24
2.301485950931735e-10
-4.205726919450828e-08
-5.235683212454683e-26
2.124998055702711e-12
5.107927740528368e-12
1.623784950325777e-39
7.191875518708119e-26
-1.625303064439251e-24
-9.146975315480537e-24
-1.728931811145709e-09
-2.789682345475373e-07
-7.648254810436714e-26
-6.890021120206062e-12
-1.603941943441837e-11
4.590591570632688e-39
1.460506899239512e-25
-1.440792290472203e-23
9.952742451878256e-24
-2.679654395322765e-09
-3.071358899621055e-07
7.605300423726996e-26
-1.238521366736292e-11
-1.320911817040517e-12
-2.876629126060816e-39
-1.211639571152651e-25
4.252884388350139e-24
1.499154730744981e-23
-4.288633386758061e-10
-4.281278478666155e-08
1.24728538754074e-25
-1.810562367825092e-12
2.094096238043429e-12
-2.241458203430345e-39
-8.184597739674646e-26
6.565870871185856e-24
-2.837111282724316e-24
2.067609080728981e-09
2.709018597879711e-07
-1.924074882562397e-26
8.961847723520604e-12
-1.619774833064082e-11
-1.019065442638731e-38
7.099782068646525e-25
1.48634358531603e-23
6.489834614751387e-23
-3.981148222370304e-09
-7.409935451212543e-07
5.218812047090806e-25
-1.428667293072615e-11
-1.176847864264031e-12
-6.85924036084683e-39
4.828023508716905e-25
3.774126299306409e-24
7.113134094638289e-23
-1.465001261785705e-10
-1.848943890984083e-08
5.716449364973953e-25
-6.821335114551304e-13
-2.1391131058813e-12
3.859918600595785e-39
-2.950287486878759e-25
-6.235376128123126e-24
-2.073234581468117e-23
3.958861388377113e-09
6.620691739762938e-07
-1.585946048554789e-25
1.515386466981419e-11
-6.923467173917184e-12
9.637844131456996e-39
-6.154692708168337e-25
-1.44183403865059e-23
-6.63587601875983e-23
-5.739521238850736e-09
-7.408068929829389e-07
-5.359812478574863e-25
-2.482966657183855e-11
-4.552729559814422e-13
-7.750646893368732e-39
5.141959361144493e-25
4.86110288717012e-24
7.338957303064504e-23
1.470382256598133e-10
1.667125648952903e-08
5.919882073545973e-25
6.805215919301851e-13
-5.094709363321283e-12
-5.082184025005362e-39
2.996866916630335e-25
7.038836146401217e-24
3.816317845608683e-23
4.767044540395742e-09
6.654144518693309e-07
3.163411929034071e-25
2.000641795662852e-11
6.457855740521649e-12
-3.232528316362479e-39
5.552608719478357e-25
-7.400414268240494e-24
-1.839469188278558e-23
-1.905267153768965e-09
-3.06669770719364e-07
-1.526054508004072e-25
-7.7676737698784e-12
5.465048277258377e-13
-2.509733919471931e-39
4.016436850687361e-25
-1.211443612754487e-23
6.957267184336302e-24
-2.480070010332822e-10
4.205382774956278e-08
5.234050475021864e-26
-2.252697298997985e-12
-5.120548555416623e-12
1.204745432415732e-39
-2.293149008033776e-25
2.318619477834043e-24
9.148800748007887e-24
1.738251814436006e-09
2.789700663550355e-07
7.649106863908138e-26
6.956131671583553e-12
1.604598962563279e-11
-1.626795645159017e-41
7.036153818932185e-28
-2.991003232447076e-28
6.056616380208771e-37
-2.20646566699292e-23
1.568957849108128e-21
6.532543456063683e-38
1.222701519634332e-21
3.634857755726314e-23
-1.66369119505796e-25
-1.727956459514721e-12
-2.802525903549259e-12
-1.467426821346406e-22
-4.310703077487938e-10
-1.930780334987108e-10
7.992644493015204e-21
3.648908123894456e-08
2.687066214122944e-08
-4.358847526279054e-27
-5.45072643561502e-11
-2.966283124184391e-13
1.256222771643755e-20
-3.634634436779223e-09
-1.691543399333802e-10
6.273121612286201e-22
4.964252612038957e-07
-0.002387697668203547
-2.109825450991472e-25
-7.321961878094735e-13
-3.285005373768312e-12
3.989963155240368e-23
-5.714290871522492e-10
-4.830332102649004e-10
-2.564407047519631e-21
4.654704607846479e-08
6.629663963727957e-08
1.600356026299039e-27
6.960746775493634e-11
3.273546147332293e-13
-3.243392248074108e-21
1.04157793294153e-08
4.222323579449816e-11
-1.453780801512417e-22
-1.411402801454318e-06
0.000616503302601494
-4.712879843052895e-26
1.598191425187953e-12
-7.256615080369476e-13
-8.47049983045175e-23
9.584096789547972e-11
-1.069814487954863e-10
4.613531789383851e-21
-9.944454530398289e-09
1.474249208287964e-08
-8.291720216275947e-25
-1.079417923692511e-11
3.848185625648058e-14
6.073887710635839e-22
-6.786163447406342e-09
-5.711955477736531e-12
-4.139748534243908e-23
8.523716083465725e-07
-0.0001545218167993037
-3.293901467121276e-27
-2.005975116530596e-13
7.128148167830864e-13
5.289237601211631e-24
-1.049396762910658e-10
2.581480997966295e-10
-2.34205736531251e-22
9.884153741380746e-09
-3.530097993562034e-08
7.671517539990673e-25
9.957610884128715e-12
4.706822939609898e-14
-5.599376859141185e-22
6.263148330596118e-09
3.008023988428228e-11
1.573172461980572e-23
-7.865220262659667e-07
0.0001425461082215228
8.29187453448754e-25
1.079470830018766e-11
-3.823928624222329e-14
-6.073887581291159e-22
6.786352764265077e-09
5.714916516489183e-12
4.139670875317642e-23
-8.523849618004398e-07
0.0001545218165541889
2.737368790447989e-27
1.744628199118901e-13
-7.208242749708549e-13
-5.289520812941573e-24
1.003272991067148e-10
-2.582172421587633e-10
2.342183362927514e-22
-9.530626167766642e-09
3.53084397076975e-08
-7.671620032201983e-25
-9.958072819217454e-12
-4.720477003978784e-14
5.599376809839809e-22
-6.263253960175963e-09
-3.008187267883446e-11
-1.573160502066408e-23
7.865294874390319e-07
-0.0001425461080845306
3.596876371531133e-27
2.885995408744844e-14
3.568460303526462e-14
5.850983728593221e-24
4.573990561450218e-10
1.199937357200908e-10
1.163294405809602e-22
-7.601534481367813e-08
-1.082222144641315e-05
-3.494710829753942e-28
2.697657751873307e-15
-2.838821957586356e-14
-1.524550355049307e-24
7.909324929259536e-11
1.364311429869812e-10
1.533332169840979e-22
-1.172735559264957e-08
-1.287044200784103e-06
-1.610116329300463e-27
-1.278419455506597e-14
-1.673225459876907e-14
-6.157385375199851e-24
-3.857486146450617e-10
4.099720649221907e-10
-4.366076626364826e-23
6.582464966562988e-08
9.682238831976084e-06
-4.103603243242555e-29
-2.086305810053925e-14
2.910662284209567e-14
1.111631346101753e-23
3.647214401296227e-10
-7.602090933576985e-11
-2.003360483294659e-22
-6.694475432841159e-08
-1.079543014639315e-05
2.430427386906222e-27
9.175458506654691e-15
2.181675153394537e-14
-2.337676164997689e-24
-7.260301904585181e-12
2.293574952349614e-10
9.231555269356502e-23
4.333655002200223e-09
1.237009729426676e-06
9.283380600066701e-29
9.596794305196507e-15
-1.241749338181102e-14
-8.735998757537938e-24
-3.465578504805298e-10
-3.995451979155002e-10
9.535412133738571e-23
6.23798514684735e-08
9.792905668697214e-06
-3.136217295613656e-27
-1.169314574464386e-14
-2.840805730198227e-14
-5.850683364289452e-24
-4.531880869636398e-10
-1.199304519493509e-10
-1.163488703168916e-22
7.569262236054536e-08
1.082221463758524e-05
-1.003187378949301e-29
-1.607739698906729e-14
2.270938144838823e-14
1.524315503102576e-24
-8.238717304890778e-11
-1.364806064040159e-10
-1.533180293919491e-22
1.19796422104288e-08
1.287049517512887e-06
1.394283726236201e-27
4.805934516143909e-15
1.332325085862167e-14
6.157243014572896e-24
3.837462031929363e-10
-4.100020658737286e-10
4.36699503212566e-23
-6.567181495332744e-08
-9.682235630919798e-06
-4.196230434850329e-28
3.696249757733376e-15
-3.638316857537772e-14
-1.111661340705307e-23
-3.689294785371586e-10
7.595800169630647e-11
2.003554780664455e-22
6.726747678983256e-08
1.079543695522196e-05
-2.784297925378986e-27
-2.23823331426183e-14
-2.740678020052279e-14
2.33744619480063e-24
4.036604411289331e-12
-2.294057323656853e-10
-9.230064853411353e-23
-4.086241905226948e-09
-1.237004502165599e-06
1.034865297026664e-28
-2.217359650590214e-15
1.551882808864444e-14
8.73612499814446e-24
3.483225269455606e-10
3.995716648636285e-10
-9.536232332132073e-23
-6.251580184049049e-08
-9.792908559798756e-06
1.501548802198649e-39
-1.851223370976961e-25
-1.471252594081716e-26
1.770602926885083e-36
-7.710165052706854e-23
4.437243920327061e-21
9.448909148274635e-38
2.042245371461821e-21
5.307227503642078e-23
-4.003105213882561e-24
-1.582519149682199e-11
-1.455056509271074e-10
-5.257482081789358e-22
1.390875144394448e-09
-7.625573459914966e-09
1.371198523942091e-20
-7.384021317874628e-08
5.227523503429153e-07
-1.198807033998971e-25
-2.313461482914485e-09
-1.234786157454765e-11
3.55268259386587e-20
-1.136507643941723e-07
-9.77257474950961e-10
9.259970941253951e-22
7.744536461449716e-06
-0.00337669157291003
1.691948828340389e-39
-2.371472284038561e-25
-1.094370691490608e-26
1.770588283958501e-36
-7.710124665854665e-23
4.437243629543664e-21
9.440378830140684e-38
2.042268640528698e-21
5.307058858932968e-23
1.150043914899719e-24
8.043421802377187e-11
-6.789299570413542e-11
-5.25889693060176e-22
1.389507941612621e-09
-7.628270689679191e-09
1.370967957475177e-20
-7.388327129894546e-08
5.227176346054448e-07
-1.940259406163038e-27
-8.056050495550956e-10
-5.385632534922415e-12
3.552682217962882e-20
-1.137032309979202e-07
-9.775429982493972e-10
9.259443159777786e-22
7.743862005330592e-06
-0.003376691576024351
-7.207678386954127e-24
-1.909796505280138e-11
-2.102798902924571e-10
-3.378225361298701e-23
3.70223053841061e-09
-1.965824272463667e-08
-4.296777500169763e-24
-1.843034242741501e-07
1.345925930970076e-06
1.885788547210593e-23
2.400292252170025e-09
9.849405794058268e-12
-6.844045546825709e-21
7.495133177625293e-08
3.234587296842016e-10
-1.340490607563142e-22
-4.810002458272855e-06
0.0008718587521705675
-1.00420035750506e-24
4.836641300355233e-11
-4.67681212585747e-11
-2.051279209865493e-22
2.437531949426113e-09
-4.387919844069448e-09
5.004879241827103e-21
-1.106211064383144e-07
3.006688259393229e-07
6.099709660649777e-24
4.467896778837827e-11
-1.042496446190028e-11
-3.392695878809813e-23
3.701793194549363e-09
-1.966088187360581e-08
-1.024937398998006e-23
-1.843319504523393e-07
1.345836536930937e-06
1.872643306687861e-23
-1.83397159341824e-09
-7.334465769253063e-12
-6.844044190132036e-21
7.500724677927241e-08
3.237200562800536e-10
-1.339902694493148e-22
-4.808108494856436e-06
0.0008718587598572007
1.967836200843705e-24
-2.831269533911621e-11
-2.511294287286754e-12
-2.051602294919465e-22
2.438849627988618e-09
-4.388502786078176e-09
5.003549804573058e-21
-1.105868060721449e-07
3.006490301115852e-07
-4.696011413755565e-23
-8.211615476122311e-10
2.275115935222061e-12
3.570907340093869e-22
1.698754600909922e-08
8.447331623624029e-10
-1.487046454746076e-22
-1.435533746335609e-06
-0.0002185668399482185
-5.395072953585007e-26
-1.610454275484436e-11
5.438210841211481e-11
2.146713626001478e-24
2.779854174787623e-11
1.075856220687968e-08
3.067959599208721e-23
-3.152043334561007e-09
-7.361668180603013e-07
4.342077727777755e-23
7.573640163169337e-10
3.248182638316071e-12
-3.264964780376853e-22
-1.570126529233829e-08
5.316399165682108e-11
5.472011140646946e-23
1.325523210065008e-06
0.0002015925397206378
4.696011429269064e-23
8.211696040241517e-10
-2.275251595160958e-12
-3.57090732332483e-22
-1.698751997177243e-08
-8.447325355308718e-10
1.487046454143125e-22
1.435533742879438e-06
0.0002185668399482824
3.66073197830776e-26
1.526594426124475e-11
-5.47172099863009e-11
-4.08683157496223e-24
-4.978148325333498e-11
-1.075879143610759e-08
2.912908537996703e-23
3.926905071387527e-09
7.361782614733355e-07
-4.342103044912912e-23
-7.573802889845326e-10
-3.252712522365891e-12
3.264528831516295e-22
1.570086084476767e-08
-5.316828352551168e-11
-5.343520444061502e-23
-1.325510127977278e-06
-0.0002015925395475384
4.697814827035871e-23
8.207737513009725e-10
4.327299590674499e-13
3.567888537402613e-22
1.69836068154456e-08
8.447657683160544e-10
-1.907183524622765e-22
-1.436268075342798e-06
-0.0002185668391239454
4.156820354651435e-26
1.6168493244416e-11
-5.472130049174005e-11
2.145374644392723e-24
2.772107702305346e-11
1.075881975190487e-08
3.063685903535317e-23
-3.166476898709998e-09
-7.361180233530707e-07
-4.342901156546556e-23
-7.571898649451032e-10
-4.463786861662344e-12
-3.262167900238098e-22
-1.569763067309018e-08
5.317282948174736e-11
9.356351981147171e-23
1.326200569808082e-06
0.0002015925431695968
-4.69781484254937e-23
-8.207818077128929e-10
-4.325942991208042e-13
-3.567888520628517e-22
-1.698358075783901e-08
-8.447651417504578e-10
1.907183525407412e-22
1.436268079092596e-06
0.0002185668391238879
-4.887959116733309e-26
-1.520396490651642e-11
5.439457390916071e-11
-4.085989024338628e-24
-4.972203741044059e-11
-1.075905770342877e-08
2.91673298408853e-23
3.940532067807848e-09
7.361294629607704e-07
4.342892762233235e-23
7.572075661789215e-10
4.459265831455815e-12
3.261731880918154e-22
1.569722597985922e-08
-5.317724046538354e-11
-9.22786886345148e-23
-1.326187502916822e-06
-0.0002015925429965026
-1.533055774851789e-38
1.324998224186282e-21
1.464810503016325e-23
-3.94557185279238e-39
4.61353314132709e-23
-8.326548990366613e-22
-9.36829818248755e-39
-1.373772221974057e-21
-2.68508040762319e-23
4.917168055173735e-21
-1.42542937462007e-07
2.637203364476092e-06
4.966711132223383e-23
-5.572482729696659e-09
7.492416967966508e-08
-5.101793008740253e-21
1.479554275621903e-07
-2.732931102172796e-06
-2.656568641203921e-22
8.448631297744477e-06
-0.001536648998116322
1.803552705172166e-21
1.939065907532015e-07
1.757373683358462e-09
6.407517813262709e-23
-8.769077209139078e-06
0.001591753892645474
-4.147879196452664e-38
1.329045801358311e-21
1.484375305272941e-23
-2.978961566400825e-39
4.599187861402785e-23
-8.32667343957555e-22
2.357986791886064e-39
-1.375583854423576e-21
-2.693849978203566e-23
4.958177341750814e-21
-1.43524154006881e-07
2.640450993951142e-06
4.666165417190799e-23
-5.578708539722298e-09
7.479601904495571e-08
-5.120165796363884e-21
1.48394258764198e-07
-2.73438476687249e-06
-2.636804079588249e-22
8.496096503494951e-06
-0.00153664876912974
1.80344809831364e-21
1.918287419558855e-07
1.746441916333702e-09
6.319055664363561e-23
-8.790324091114838e-06
0.001591753790121071
-1.518641504919765e-38
1.324960704823223e-21
1.465099191959339e-23
-4.057802690050328e-39
4.616479630224894e-23
-8.32657116793193e-22
-9.434282759006987e-39
-1.373754193114356e-21
-2.685211042887276e-23
4.919824486046779e-21
-1.425021078069773e-07
2.637260203458328e-06
4.759958611986548e-23
-5.604283387568113e-09
7.488027231343945e-08
-5.102996174946908e-21
1.479368422158374e-07
-2.732956768211487e-06
-2.655839955131633e-22
8.449736373806173e-06
-0.001536648992981104
1.803495956720633e-21
1.930531469427941e-07
1.753409805119643e-09
6.404237085999862e-23
-8.76957618719444e-06
0.001591753890322804
-4.135391472346594e-38
1.329006675449928e-21
1.484617816909943e-23
-2.882925152974912e-39
4.596200980650745e-23
-8.326654463886281e-22
2.303356024113263e-39
-1.375567589944464e-21
-2.693957466578358e-23
4.960662461510173e-21
-1.434845576889111e-07
2.64050376108135e-06
4.857589084636713e-23
-5.548223144909681e-09
7.483702406172952e-08
-5.121263917927569e-21
1.483768625278372e-07
-2.734408153682853e-06
-2.636122985592753e-22
8.497122308825235e-06
-0.001536648764425912
1.803500526004116e-21
1.926259089531321e-07
1.75009954860937e-09
6.316027213675586e-23
-8.790778762713542e-06
0.001591753788039528
-2.437554975391749e-23
-1.774345176636397e-08
6.815828007033654e-06
-2.149527974396087e-23
1.44356589830651e-10
1.934747971583405e-07
1.04389980149016e-23
1.872974666058275e-08
-7.058979745025664e-06
5.728706876612152e-22
2.623357094132648e-06
0.0003967565246340958
-3.950323981337752e-21
1.175500582722635e-07
2.380677137088557e-10
-3.945959881644126e-22
-2.707835479568447e-06
-0.0004110063531075833
1.124608239177852e-23
3.398991112012952e-08
1.524158485805714e-06
-1.1888368078964e-22
2.557166947963837e-09
4.327126451967215e-08
-9.603887779799873e-24
-3.491371522212899e-08
-1.578531233897632e-06
1.773649284213935e-23
-1.896461532651646e-08
6.824217795604229e-06
-2.683871696603217e-23
1.32351928950913e-10
1.933251200860363e-07
-8.507974928771618e-24
1.927565474912744e-08
-7.062734803217502e-06
-4.899851921024834e-22
2.60183509816737e-06
0.0003967564284317454
-3.94339240241225e-21
1.199719293327185e-07
2.477638076532945e-10
8.087661834798966e-23
-2.698159003039457e-06
-0.0004110063098398167
-1.00252504573258e-23
3.325459034763205e-08
1.526032191532731e-06
-1.198551447596543e-22
2.606891323083535e-09
4.323804463104459e-08
-1.114985414313707e-25
-3.458360896274787e-08
-1.579369851555454e-06
-1.7751920259472e-23
-1.772200594752369e-08
6.815969256274965e-06
-2.668025553972042e-23
1.275343254600193e-10
1.933647369729462e-07
7.365599780690523e-24
1.871987622757724e-08
-7.059045275646952e-06
5.727759208441358e-22
2.620363161600787e-06
0.0003967565124917229
-3.950250325190145e-21
1.198828890987777e-07
2.475399853755685e-10
-3.945519153084725e-22
-2.706446507811805e-06
-0.0004110063474355124
1.272424569000129e-23
3.393040277561382e-08
1.524189764622595e-06
-1.200408042996236e-22
2.603561396679287e-09
4.324689271739493e-08
-1.028976049766671e-23
-3.488589745172866e-08
-1.57854574385828e-06
2.439097717129712e-23
-1.894299735173053e-08
6.824359045096627e-06
-2.174142377599474e-23
1.48880595116015e-10
1.934338229660124e-07
-1.137420987542149e-23
1.926626248421385e-08
-7.062795632780787e-06
-4.900803353962052e-22
2.598841168905746e-06
0.0003967564162745278
-3.943465805848971e-21
1.176678429549114e-07
2.384203804244021e-10
8.091747768743426e-23
-2.696869636505652e-06
-0.0004110063046424708
-8.540182164020882e-24
3.319512069457977e-08
1.526063470305136e-06
-1.187176091648957e-22
2.56115890910119e-09
4.326211660527635e-08
-7.511539730473634e-25
-3.455820578013513e-08
-1.579383323253763e-06
-1.42729615780868e-37
-2.340094449203142e-23
9.721443792752824e-23
1.710811349298834e-37
2.695843894945079e-23
1.942500937401864e-23
8.813951158096336e-38
1.199361622576796e-23
-2.976729242625171e-22
1.847671910185322e-23
3.364283625994614e-09
-3.469722980847156e-08
-3.400335971429784e-23
-8.853615141645307e-11
2.592080044230512e-07
-1.128899579835891e-23
-1.497533554431052e-09
5.063266245012558e-08
-4.492339210339902e-21
-1.601974553007489e-07
-1.910949080632991e-06
4.556372950440363e-21
-2.446639536931277e-07
-5.323055497549884e-05
2.27118133580033e-21
6.28281156327705e-08
-1.70832051642093e-06
1.611296483999283e-37
2.055216688061994e-23
-9.735529137565294e-23
1.749761475205326e-37
4.770487089941356e-25
-1.517584916690815e-23
-4.76268976451593e-38
-9.108304568578867e-24
2.981098309356755e-22
-4.451620398884134e-23
-2.772466114829478e-09
3.236450686801338e-08
-5.298390794169763e-23
-4.050888072592615e-09
-1.813023060116748e-07
1.606080299153559e-23
1.050570611484434e-09
-4.624078160764939e-08
4.49096356357089e-21
1.259191113816632e-07
1.910783910335145e-06
4.439227050627052e-21
4.284458530978344e-07
5.323222537622138e-05
-1.750338415946778e-21
-3.960092828199919e-08
1.708479016785864e-06
-1.608891734455708e-37
-2.054822206660459e-23
9.735538831438307e-23
1.857206905055763e-37
2.471498421612397e-23
1.931361014937895e-23
9.706817623962713e-38
1.05585572701347e-23
-2.977455493963668e-22
4.441039289676084e-23
2.773047463850272e-09
-3.23644924097456e-08
-5.448271553944365e-23
3.758404110383599e-10
2.573806635766806e-07
-2.376442529778925e-23
-1.211934657652501e-09
4.951108867596762e-08
-4.490961808559686e-21
-1.25918909415041e-07
-1.910783909086485e-06
4.555296348547032e-21
-2.715159721602671e-07
-5.323068460719168e-05
2.270517864764287e-21
4.634694202136363e-08
-1.70840092749514e-06
1.422991819494869e-37
2.345053106302189e-23
-9.721851088905313e-23
1.610220396759659e-37
2.677684897535453e-24
-1.507274230874552e-23
-3.99911140792204e-38
-1.025027888342751e-23
2.980576914933006e-22
-2.200420075229861e-23
-3.408820646819103e-09
3.461982325601726e-08
-3.594492340038817e-23
-4.536030076675647e-09
-1.795788765344439e-07
6.72853162745085e-24
1.313506494396119e-09
-4.717510852575131e-08
4.492239625929395e-21
1.586910073075519e-07
1.910942125616586e-06
4.440204503497732e-21
4.534888702364273e-07
5.323234597075341e-05
-1.750865852237682e-21
-5.317745860899634e-08
1.708414398777965e-06
-1.425397693130439e-37
-2.34539806097335e-23
9.72184173614269e-23
1.709306085459356e-37
2.700008404376066e-23
1.942185943549585e-23
8.804121902934429e-38
1.201628392298819e-23
-2.97674999939019e-22
2.210843945799606e-23
3.408192580119341e-09
-3.461984293991572e-08
-3.685073805182457e-23
-1.228684991018255e-10
2.591473748909274e-07
-1.303525952513145e-23
-1.518084917840818e-09
5.059545490760485e-08
-4.492241340977777e-21
-1.586913053429357e-07
-1.910942127430038e-06
4.556296300215089e-21
-2.458439553304529e-07
-5.3230560433542e-05
2.271134098855587e-21
6.210395197861514e-08
-1.708323901503163e-06
1.611286162249389e-37
2.055165607095194e-23
-9.735529484777995e-23
1.749751887843213e-37
4.774239203249295e-25
-1.51758465476063e-23
-4.76264915300347e-38
-9.108063612297481e-24
2.981098325751058e-22
-4.452874711345804e-23
-2.772563211066354e-09
3.236451169578783e-08
-5.299595645784803e-23
-4.051034994730883e-09
-1.813023103948451e-07
1.606600578113916e-23
1.050610018217146e-09
-4.624078388928313e-08
4.490963045687478e-21
1.259192057798493e-07
1.910783910895058e-06
4.439226715671925e-21
4.284457768415175e-07
5.323222537577636e-05
-1.750338196022152e-21
-3.960097261069323e-08
1.708479016522734e-06
-1.60888070925235e-37
-2.054765495309022e-23
9.735539399045553e-23
1.857197590437637e-37
2.471539485716574e-23
1.931361440502069e-23
9.706762860465804e-38
1.055831737017908e-23
-2.977455517895451e-22
4.442332185804155e-23
2.773143795054509e-09
-3.236448673416332e-08
-5.449465747325841e-23
3.756917148443225e-10
2.573806673201018e-07
-2.377061105683209e-23
-1.211981808179802e-09
4.951108623744573e-08
-4.490961272475368e-21
-1.259187989224767e-07
-1.91078390844201e-06
4.55529601948819e-21
-2.715158898669767e-07
-5.323068460670371e-05
2.270517613502131e-21
4.634689483070413e-08
-1.708400927769775e-06
1.424891828903631e-37
2.339644810686217e-23
-9.7214540481308e-23
1.611648319129634e-37
2.636257925933363e-24
-1.506975377554396e-23
-4.006309366626335e-38
-1.022508852093007e-23
2.980562033037411e-22
-1.836972146004491e-23
-3.364817492302289e-09
3.469721007245672e-08
-3.31694744895565e-23
-4.502295153922084e-09
-1.79519732935068e-07
5.222822826402077e-24
1.294729827184296e-09
-4.720716803816901e-08
4.49233739716496e-21
1.601971445120881e-07
1.910949078744711e-06
4.440279246466373e-21
4.546399562752679e-07
5.323235127145777e-05
-1.750906174456383e-21
-5.380140710211325e-08
1.708411559020375e-06
6.800179801660218e-42
-1.350465817767131e-39
4.888434292161757e-38
2.413070650791164e-29
-7.722526412244578e-23
1.229997889187908e-21
1.302970058881221e-31
1.568975888456048e-21
9.922340452395641e-24
-7.291698923785524e-28
-7.709898498758595e-22
-3.110824942778007e-23
-3.077859541567967e-15
-5.810361945166402e-08
1.492596284327254e-08
-1.831767055222727e-17
-2.308721341313228e-10
8.974870322543834e-11
2.610059801226493e-26
-2.516945543544482e-23
4.599972984995568e-22
7.666667560603934e-14
0.00533910779943845
3.477613450978644e-08
3.607101230350846e-16
-4.045307556995181e-12
1.385850980667351e-10
-2.622969138392976e-29
-1.485332703319031e-21
-2.20007409906986e-23
-1.637346093406748e-15
-1.419490346928094e-07
3.408219464355588e-08
-1.248603682373873e-17
-5.768247891954723e-10
2.044909011465839e-10
3.935991761689269e-27
-2.378569408249173e-23
2.384613867084489e-22
7.10733452851441e-15
-0.001378551027799324
-1.263380385500419e-07
3.356535433454515e-17
5.210315440362627e-12
-5.103672677347307e-10
1.281436222858189e-28
7.491641974368239e-22
2.097307121311938e-24
-1.606920153729432e-16
-3.172365276157938e-08
5.803227078348448e-09
-1.808368025059575e-18
-1.288918783297522e-10
3.477572154592984e-11
-1.112071282561898e-28
4.4182849484481e-23
-1.81379662264653e-22
6.007260949962843e-16
0.0003455242291277547
3.536738697006964e-07
3.541010625930734e-18
1.336044794635117e-11
1.425527180058824e-09
-2.325091858994998e-30
-1.695731210624445e-22
-2.5154389531752e-24
3.445072277638449e-16
7.911631566588413e-08
-1.142651206008559e-09
2.643800542458337e-18
3.184932591518794e-10
-6.826252985427014e-12
1.043247105959257e-28
-1.996843834187502e-23
1.676561495156929e-22
-1.658935531073853e-16
-0.0003187455252695435
-3.264638918668098e-07
-2.15547861077583e-19
1.807274115799761e-11
-1.316447846737237e-09
1.11345481709557e-28
-4.287313844944488e-23
1.813986022124317e-22
-6.048996829763098e-16
-0.0003455242286211872
-3.536750884289232e-07
-3.574226651387646e-18
-1.335801094915176e-11
-1.42553652332577e-09
-2.008188324145067e-30
1.415599122088767e-22
2.112971183203724e-24
-3.555237245002356e-16
-7.913273873974528e-08
1.174836278476486e-09
-2.706577343719009e-18
-3.185572037178525e-10
7.055167639806153e-12
-1.044108502241441e-28
1.923641721174484e-23
-1.676666111293315e-22
1.677045391772809e-16
0.0003187455249865103
3.264645726417379e-07
2.301127352257385e-19
-1.807410243537623e-11
1.316453067960919e-09
2.832981640193201e-30
1.464597698257403e-22
4.298237675935804e-24
1.619008007981575e-17
2.419834537339567e-05
6.040797836435381e-08
1.138700826110348e-19
1.429680129110749e-10
2.448558692188312e-10
-1.942942681782804e-30
5.725867423366465e-23
8.065581545098877e-25
-1.652829339289994e-17
2.877816306795946e-06
8.57562403268011e-09
-1.179285082421002e-19
1.672627744768528e-10
3.791641347943238e-11
-1.302579739422604e-30
-5.826254666423748e-23
-2.930098827984317e-24
-7.573553069976058e-18
-2.164940243706699e-05
-5.294581308062884e-08
-5.333990273626087e-20
5.083626896665319e-10
-2.117815355839982e-10
-5.412222335638417e-31
-9.78834957341377e-23
1.377349897714135e-24
1.308617010295495e-17
2.413853367994934e-05
5.826370063422468e-08
1.032359991877614e-19
-9.756094716231828e-11
2.320208892386394e-10
-1.531229434865486e-31
9.841379397044291e-23
9.303108783158438e-25
6.153869642877129e-18
-2.766023905777362e-06
-5.747940907095715e-09
5.024300674219443e-20
2.822532123768754e-10
-2.091965991793846e-11
2.402957974524179e-31
4.597099618532884e-23
-1.690745698992108e-24
-5.70725849382218e-18
-2.189689263524808e-05
-5.412664487589508e-08
-4.499727584232734e-20
-4.879245244319732e-10
-2.18902368271731e-10
2.009069893895661e-31
-1.20900059025515e-22
-3.914238489722072e-24
-8.016741399632619e-18
-2.419833038323881e-05
-6.043736575203414e-08
-6.54266634435523e-20
-1.429096494537575e-10
-2.45064804320686e-10
-4.197797775490062e-31
-7.72806679604325e-23
-1.107240482264105e-24
1.018530734100283e-17
-2.877828006131625e-06
-8.552650136498918e-09
8.035886517765787e-20
-1.673084027965202e-10
-3.775296177347526e-11
-9.906617452970799e-32
4.599611174044366e-23
2.746286903596388e-24
3.805673622339854e-18
2.16493954118391e-05
5.295973210443911e-08
3.098008038756184e-20
-5.083903349287605e-10
2.118809291074266e-10
-2.49266639601419e-30
7.232375802354982e-23
-1.761349131017358e-24
-2.12595087831342e-17
-2.413854866815216e-05
-5.823431324286024e-08
-1.51679418355239e-19
9.750259916220623e-11
-2.318119541077763e-10
-2.183826162967249e-30
-1.179579147529936e-22
-1.224082018844276e-24
-1.243192811940949e-17
2.766012392104354e-06
5.770470014914353e-09
-8.741175824508612e-20
-2.822979452159465e-10
2.107970174488007e-11
1.072059065289399e-30
-3.536028996132214e-23
1.850612969560702e-24
9.250823028464403e-18
2.189689902098036e-05
5.411426682997597e-08
6.59727022076278e-20
4.87949096720996e-10
2.188147883760331e-10
1.993947994717175e-32
-7.736788405879718e-27
-3.896657003012558e-28
2.244053303088854e-31
6.076114444556207e-21
3.820747975120786e-23
-1.748100398653743e-29
1.335810861402869e-22
-2.116288551870829e-21
1.026066574193367e-17
-7.197328685652638e-11
1.114674745318248e-12
-1.865168532477771e-16
-1.04854102147477e-08
7.555800579150866e-10
1.564009479870488e-14
1.429752591610416e-06
-6.438457195009012e-08
4.604510367600834e-16
-1.507307755671303e-12
4.293180055493008e-11
6.818526958840289e-16
-1.820488020134031e-10
6.260373120849878e-09
-5.987868887609827e-14
-0.009247590483085828
-8.531370391750414e-07
3.233800290111308e-18
-7.433328946613062e-11
-1.114747515463671e-13
-1.775711220891638e-16
-2.699516876828879e-08
1.010579003420851e-09
1.4769462815931e-14
3.677429622226143e-06
-8.32686723326675e-08
-2.59102491363142e-16
5.069389106060735e-13
-4.822969750636823e-11
5.893162493520007e-17
1.93726816682327e-10
-1.804816844132835e-08
-5.138807627556697e-15
0.002387704259176899
2.446060573378787e-06
-6.575410200371569e-18
-1.660657703688738e-11
-1.245949519650416e-12
-3.775692412107508e-17
-6.031934462695413e-09
-1.61664353550017e-10
3.137781144445599e-15
8.219509023094043e-07
1.667711677059445e-08
-2.739407022146773e-20
8.990099695948812e-13
1.758497753897746e-15
2.621737943593263e-18
9.621103518665424e-10
1.175737933305609e-08
-1.488299242880819e-16
-0.0005985504099535939
-1.476533672094309e-06
3.106185342565638e-20
-1.14613972810965e-13
6.584119262289083e-15
2.369486507765752e-19
1.478944290016923e-08
1.703179776339438e-10
2.062220384040031e-17
-2.016100035444599e-06
-1.567065613239463e-08
1.249271623408804e-20
-3.973597178492367e-13
-7.009090899376163e-16
-1.044505211007894e-18
2.571750223601224e-10
-1.08439858900095e-08
6.678222720870783e-17
0.0005520659110895996
1.361868289739835e-06
2.739407022144741e-20
-8.99009612235248e-13
-1.758497290247575e-15
-2.626018567567934e-18
-9.621095394851708e-10
-1.17573811402164e-08
1.488299158846395e-16
0.0005985504099404136
1.476533672064453e-06
3.09665084566476e-20
-1.086201779288669e-13
6.60447346272559e-15
-7.545371755623272e-19
-1.478976310036807e-08
-1.623197577880053e-10
1.987413735302315e-17
2.016133666875065e-06
1.505716728872147e-08
-1.200989858856263e-20
3.943079949127383e-13
8.437558605326271e-16
1.040713900827211e-18
-2.571807171696529e-10
1.084413165900946e-08
-6.634275742858732e-17
-0.0005520659105988325
-1.36187864524722e-06
1.349817048625413e-30
-3.144200596686256e-25
1.052953804583038e-25
1.87558358601697e-31
1.716975694910063e-20
1.334866134150382e-22
-7.294107690611428e-30
1.952074225433153e-22
-3.534175976251887e-21
-4.920792513273779e-17
-4.002173046890868e-09
3.564519105647966e-11
-2.163217013142342e-15
-3.30031882441404e-07
-2.151704055161797e-09
8.805048646434316e-14
2.248272567721464e-05
1.121851816876343e-07
5.755486459307605e-15
-7.616215101104196e-11
2.386915212366895e-09
6.234442477415602e-16
-5.724082183484908e-09
1.96788662907072e-07
-2.82859670233816e-14
-0.01307782942822357
-1.340584330411711e-05
1.375092429686384e-30
-8.489894014046629e-26
1.956077453887518e-25
1.990924220319033e-31
1.716975068455867e-20
1.334868313863495e-22
-7.305180568868381e-30
1.951047206487365e-22
-3.534216369901748e-21
-1.511563706169135e-16
3.761222222145676e-10
-9.56484451526222e-11
-2.160049278256181e-15
-3.300896993497684e-07
-2.151117521970627e-09
8.80961232774283e-14
2.248076728926425e-05
1.122439036138296e-07
5.854304760560335e-15
-2.328402161780321e-13
-2.250041092316974e-10
8.249359932692458e-16
-5.725303533962983e-09
1.968231471214173e-07
-2.832788507932076e-14
-0.01307782946218802
-1.340467500667041e-05
-9.372099869988073e-18
-5.652324356690467e-09
9.451642965321649e-12
-2.835582881783055e-17
-8.520989589611165e-07
-5.755733790013931e-09
4.031608774246522e-18
5.803765688591654e-05
2.791911718581018e-07
-3.933539352543702e-18
3.33255512533101e-11
-3.667533701330674e-09
7.121022917546803e-18
2.184934274277138e-09
-1.298836045073077e-07
2.61830452219844e-16
0.003376651791168022
8.33360692103707e-06
-2.198551303939906e-18
-1.263017109103714e-09
-7.666732976731167e-11
-5.962184262444123e-18
-1.904931118506077e-07
-4.076949764909034e-09
2.411076721948078e-18
1.297603554621182e-05
1.827176788254005e-07
9.372099862711251e-18
5.652349596156048e-09
-9.451595575280453e-12
-2.837952653989693e-17
-8.5212610598569e-07
-5.755774508069936e-09
-4.351163372871578e-18
5.803260105298243e-05
2.791996248430788e-07
3.527440067365542e-18
-4.588387105631714e-11
3.667327498176942e-09
7.119649395840758e-18
2.185041304921612e-09
-1.29901214588856e-07
2.58493869794519e-16
0.003376651826592262
8.330326522822776e-06
2.196970374365232e-18
1.262951055653081e-09
7.666604427326864e-11
-5.967666390834056e-18
-1.904991761633705e-07
-4.077404716707817e-09
4.453144376092591e-19
1.297490584774243e-05
1.826491018139385e-07
-6.947880562903924e-32
1.541479986630122e-23
-2.370304900457109e-21
5.636010159730039e-32
-5.03691474976923e-21
-8.057921665357337e-23
3.145463274397511e-32
-1.631676646087192e-22
2.454835401029479e-21
-1.147667811109086e-16
2.456298322426196e-05
2.361084343375382e-07
-3.355875360713049e-16
5.618976936923525e-07
8.779910562258384e-09
4.755674260511904e-17
-2.547460150995956e-05
-2.449233819136264e-07
-1.736660867735735e-16
-0.00595103851460067
-1.464575268388507e-05
2.204531096590184e-16
9.746251643624742e-09
-3.350150042956014e-07
7.971826730810066e-17
0.006164774828403575
1.518930736763374e-05
4.257809136002641e-32
2.277770400869366e-23
-2.377307291930924e-21
3.521876456275622e-32
-5.037113726315359e-21
-8.05758727445681e-23
-1.889218206951386e-32
-1.664679344768174e-22
2.457968839420294e-21
1.029210848281116e-16
2.470082490566691e-05
2.380247558768273e-07
-3.453126249376471e-16
5.588388747412871e-07
8.803502152121733e-09
-4.990764044538355e-17
-2.553630884392554e-05
-2.45780294406979e-07
1.050209645056871e-16
-0.0059510361241156
-1.472793670616537e-05
1.66696886004834e-16
9.689908104849355e-09
-3.331906415463407e-07
-4.541695835801531e-17
0.006164773758034892
1.522609854928294e-05
-4.25452599407682e-32
1.557758173812611e-23
-2.370238972621631e-21
3.548330627754066e-32
-5.037042266298773e-21
-8.06311024468848e-23
1.917890217842036e-32
-1.632461150913824e-22
2.454806508014223e-21
-1.027183467528737e-16
2.456607849406686e-05
2.360640132170266e-07
-3.446334834163404e-16
5.594858983123831e-07
8.814676093014361e-09
4.206348590437444e-17
-2.547603749825772e-05
-2.44903221112934e-07
-1.050250609849626e-16
-0.005951038460872056
-1.464759895793857e-05
1.671326120913204e-16
9.704353114669622e-09
-3.335764098430849e-07
4.85218861768606e-17
0.006164774803333018
1.519016390625284e-05
6.944595544035526e-32
2.294036793070004e-23
-2.377240122526699e-21
5.601340979806826e-32
-5.036989368825553e-21
-8.052460917657249e-23
-3.067773512990421e-32
-1.665351095048315e-22
2.457938215493113e-21
1.145601863713289e-16
2.47039201710021e-05
2.379799822751448e-07
-3.36010953440479e-16
5.612209438754143e-07
8.769178896655922e-09
-5.500539056117698e-17
-2.553764184877013e-05
-2.457605623557468e-07
1.736755992952789e-16
-0.005951036070483652
-1.472978298057436e-05
2.197193084381131e-16
9.731143041651061e-09
-3.346115055214671e-07
-7.562337881698184e-17
0.006164773735079994
1.522689366773241e-05
-4.004730053798417e-38
-1.17774429037349e-39
1.560363330689231e-38
5.627955501530029e-22
2.204282961210773e-23
-5.793939980014003e-22
4.548581868898101e-24
-2.957957582169884e-22
-4.675166684389608e-24
1.795822798446198e-23
-2.922103467916008e-22
-1.704076835344946e-24
-2.783347275034566e-08
1.546801129189205e-07
-4.740104160366283e-09
-1.670077328122642e-10
6.247042784039752e-10
-2.840802653536966e-11
-7.229634976753749e-22
-1.015908727240795e-23
3.645136424747132e-22
-6.936382052146163e-08
-0.001006750677222729
-1.549394796628905e-08
-2.826400448536012e-10
7.702939745656637e-12
-6.309457832437908e-11
-4.032732034036671e-38
-1.171214710149772e-39
1.572887218541219e-38
5.627942596801801e-22
2.204285281136388e-23
-5.793934208558169e-22
4.548576135259703e-24
-2.957957580918032e-22
-4.675164120059429e-24
1.799962038443715e-23
-2.922110429304504e-22
-1.722588990880218e-24
-2.783328215145723e-08
1.54680109953494e-07
-4.740189401973731e-09
-1.6700675044495e-10
6.247042607701516e-10
-2.840846588395934e-11
-7.243407646297902e-22
-1.01339615051857e-23
3.65129606577763e-22
-6.936881577080523e-08
-0.001006750677148924
-1.549171394641873e-08
-2.826590225495205e-10
7.703286984859542e-12
-6.30860908400962e-11
-8.578010795236942e-25
-5.603000767979261e-23
-4.811821888715613e-24
-6.212146449427706e-08
4.006840220654526e-07
-1.003775464170551e-08
-3.728899235776455e-10
1.616070454924539e-09
-6.024851476701451e-11
-3.709232476427139e-23
7.308664244345186e-24
-2.718845195425298e-22
2.672020134756866e-07
0.0002599417666003445
5.974214542644159e-08
1.077939893868706e-09
-2.815312664063799e-12
2.409972716825479e-10
-4.806586806897148e-24
-4.077487432976855e-22
-9.71891511904396e-24
-1.003586715941945e-08
8.958905857928711e-08
-1.382605340033245e-09
-6.023410889248006e-11
3.613238428984074e-10
-8.29681203799851e-12
-8.54463452247023e-25
-5.603002660201992e-23
-4.813314600833817e-24
-6.212126413906968e-08
4.006840207430682e-07
-1.003784424745092e-08
-3.728884926618122e-10
1.616070444853866e-09
-6.024915472474911e-11
-3.751931959573511e-23
7.311825904814636e-24
-2.716935504122801e-22
2.672009941281279e-07
0.0002599417666060529
5.974260130813157e-08
1.077935998964891e-09
-2.815285708030817e-12
2.409990136176755e-10
-4.820076318126014e-24
-4.077486398533503e-22
-9.712882062748471e-24
-1.003585113139991e-08
8.958905844866468e-08
-1.382612508468593e-09
-6.023390573794538e-11
3.613238414369429e-10
-8.296902896501367e-12
-7.438979960343855e-26
1.046626989239583e-23
-1.284958595509308e-23
-7.458368151273086e-07
-6.516247974652496e-05
-1.669235073163105e-07
-3.006603889944637e-09
-6.137995428695275e-11
-6.733544915426055e-10
8.74764937516374e-26
-2.821625640268822e-24
-5.867278684760932e-26
-2.900217172964866e-09
-2.194808965703931e-07
-2.759482157599254e-09
-1.745085577543077e-11
-8.849357659069987e-10
-1.657029012081161e-11
3.975268311309456e-26
-5.343096692102647e-24
1.193892037212152e-23
6.883572504261973e-07
6.010184536937003e-05
1.538960245464851e-07
2.775845736896817e-09
-1.17351944226674e-11
6.205196302955524e-10
7.440584278412244e-26
-1.046631208823904e-23
1.284957862801415e-23
7.458368141867713e-07
6.516247974922313e-05
1.669235077470934e-07
3.006603882488105e-09
6.137997559972965e-11
6.733544949572042e-10
1.657528801060066e-25
7.637813328651584e-24
2.187965730398503e-25
2.831513702565164e-09
2.194783732565028e-07
2.74407272665324e-09
1.696503253509297e-11
8.849263532591305e-10
1.646147189139309e-11
-3.548642571807925e-26
5.446998299037101e-24
-1.193562310864892e-23
-6.883584092989461e-07
-6.010184540411584e-05
-1.538962846190062e-07
-2.775854590097226e-09
1.173503206474944e-11
-6.205216152685931e-10
-4.974811081564506e-26
1.046623021214954e-23
-1.286060628525352e-23
-7.458370230149883e-07
-6.516247974629657e-05
-1.669234143452276e-07
-3.006604965974983e-09
-6.137995292852083e-11
-6.733540103215045e-10
8.766643186742818e-26
-2.821627403821939e-24
-5.875773811099236e-26
-2.900324005456763e-09
-2.194808964473251e-07
-2.759434380110685e-09
-1.745162259406249e-11
-8.849357649581152e-10
-1.656994718478191e-11
1.66667059556389e-26
-5.343059028197808e-24
1.194924495318335e-23
6.883573082258734e-07
6.010184536930542e-05
1.53895998697435e-07
2.775845706196991e-09
-1.17351945306761e-11
6.205196440241179e-10
4.973206763508904e-26
-1.046627238325118e-23
1.286061330770307e-23
7.458370239555252e-07
6.516247974899316e-05
1.669234139347635e-07
3.006604973431516e-09
6.137997422875811e-11
6.733540070667402e-10
1.660042798706196e-25
7.63781167344876e-24
2.186841366613921e-25
2.831621626542661e-09
2.194783731238409e-07
2.744024461003371e-09
1.696580414214996e-11
8.849263522534675e-10
1.646112681371008e-11
-1.238207277510609e-26
5.446960589193159e-24
-1.194595590785637e-23
-6.883584679274515e-07
-6.010184540405058e-05
-1.538962583992905e-07
-2.775854566010766e-09
1.173503217785093e-11
-6.205216260395573e-10
-6.552058940916976e-28
6.433468551339486e-27
1.685316541292673e-29
1.811435956130132e-23
-1.144574748352465e-21
-1.796578273819718e-23
-1.005419037390865e-21
-3.81127271448309e-23
9.95307375943736e-22
9.219576236436583e-14
5.908132932608175e-11
1.016916592751525e-12
-8.251650051105779e-10
2.21075526398455e-08
1.320229020688943e-10
6.798967036680918e-08
-2.996053102558126e-06
-1.361908889118209e-08
-3.616435427510382e-11
7.931498551509589e-13
-8.093828013615093e-12
-1.315573437211847e-08
2.758538869054308e-10
-2.937231146400156e-09
1.791341094652403e-06
0.0017437204137328
4.002061299874073e-07
-6.554035756196726e-28
6.433487632002089e-27
1.694163598469794e-29
1.811433938830734e-23
-1.144574748167825e-21
-1.796577371598866e-23
-1.005416923349103e-21
-3.811274112028712e-23
9.953064304713936e-22
9.00420387577232e-14
5.90813367310935e-11
1.01787978690809e-12
-8.251458728949564e-10
2.210755248946916e-08
1.320143453683768e-10
6.798780307889757e-08
-2.996053089999313e-06
-1.361825377383065e-08
-3.623045067781441e-11
7.935200016148814e-13
-8.064267793554086e-12
-1.315580746143956e-08
2.75854449553142e-10
-2.937198458321935e-09
1.791349684832875e-06
0.001743720413684696
4.002022882106652e-07
7.173485694827806e-16
-3.765520589071651e-16
-3.222212638456169e-16
-1.444747920609332e-10
5.709642729804393e-08
7.853060412613167e-10
1.54150396615793e-12
-7.738359915646582e-06
-7.446463310122141e-08
-4.615651445472982e-14
3.477622515966925e-13
2.535816130181653e-14
3.80564550948624e-08
-9.905260002820609e-11
8.508278265336421e-09
-5.158286592218301e-06
-0.000450224137766444
-1.153317994990964e-06
-1.107488508090281e-15
4.998422040724044e-15
5.406188506943736e-16
7.852226478708374e-10
1.276553360051783e-08
3.583820373032647e-10
-7.445798103443372e-08
-1.730223153934011e-06
-3.329855663269011e-08
-7.173485724949839e-16
-3.753474566927373e-16
3.193985614532914e-16
-1.444298403248917e-10
5.709642723216183e-08
7.852859379133224e-10
-2.760328951881618e-12
-7.738359910252835e-06
-7.446270923853242e-08
4.66960256184352e-14
3.476676568654302e-13
-1.616711219431159e-14
3.805643944081486e-08
-9.905257496029991e-11
8.508285266147085e-09
-5.158284742892922e-06
-0.0004502241377683008
-1.153318822041328e-06
1.110527946279959e-15
4.996026574319087e-15
-4.513173990149223e-16
7.852321338053481e-10
1.276553358660608e-08
3.583777949960291e-10
-7.445888385033336e-08
-1.730223152788032e-06
-3.329815287587922e-08
1.025128137381318e-25
2.364481464424973e-25
2.968947850641061e-26
-1.723234455972343e-23
-3.59760811031608e-21
-7.300709063375084e-23
-4.776300448182043e-25
-6.043402603076636e-23
1.966005996977815e-21
-7.715081761884879e-12
4.492532877957156e-09
6.260757276514141e-11
4.699171336324857e-09
1.590969119043075e-07
3.328984212200737e-09
-2.27942334238311e-07
-1.020737190645205e-05
-1.491955222558135e-07
-2.751359598424663e-09
5.318401578599529e-11
-6.150050025734263e-10
-4.148407251289422e-07
2.242051153215589e-09
-9.272639480929549e-08
2.825572686591327e-05
0.002465931038982946
6.316888044704008e-06
-1.02138721838181e-25
-2.375722556112129e-25
-2.986337900120163e-26
-1.72325838094381e-23
-3.597605764208735e-21
-7.300708456181591e-23
-3.861152527378805e-25
-6.022200766566408e-23
1.966032628726047e-21
7.680131739459987e-12
-4.492392671351412e-09
-6.259133130628712e-11
4.69920542929961e-09
1.591184841792908e-07
3.329355337104092e-09
-2.279492185249622e-07
-1.020335354359595e-05
-1.491395281438709e-07
2.753440118667353e-09
-5.909717126204393e-11
6.140476213814585e-10
-4.148539070165861e-07
2.242284691885582e-09
-9.272936135963039e-08
2.825326493336707e-05
0.002465931089198684
6.316338370661751e-06
1.021376664483105e-25
2.364486262219672e-25
2.985725171631821e-26
-1.72324213997841e-23
-3.597608110220187e-21
-7.300705626961308e-23
-4.740160739063878e-25
-6.04340286880607e-23
1.966004380757511e-21
-7.701392409199078e-12
4.492532857449771e-09
6.260145060188e-11
4.699721121779053e-09
1.590969111005854e-07
3.3287383367742e-09
-2.279679424428206e-07
-1.020737187429861e-05
-1.491840697723036e-07
-2.753439660560696e-09
5.318608322551801e-11
-6.140747627123117e-10
-4.148408697814798e-07
2.24205145948644e-09
-9.272633011737525e-08
2.825573712964831e-05
0.002465931038972634
6.316883454583895e-06
-1.02511758348562e-25
-2.375717397974346e-25
-2.96965496285568e-26
-1.723266083737985e-23
-3.597605764108585e-21
-7.300705011362395e-23
-3.825022424103037e-25
-6.022201033898936e-23
1.966031012935271e-21
7.736342431784778e-12
-4.49239272290368e-09
-6.261646965998165e-11
4.699753573688802e-09
1.591184833767528e-07
3.329110195587175e-09
-2.279748457627127e-07
-1.020335351142861e-05
-1.49128067148406e-07
2.751359140312346e-09
-5.909499827696791e-11
6.149782713241275e-10
-4.148541240727212e-07
2.242285071823814e-09
-9.27292642875605e-08
2.825327519701684e-05
0.002465931089188325
6.316333780579629e-06
2.199140552027234e-39
-5.058160015737093e-39
-9.993590516842123e-40
-1.572691166336515e-24
1.772393319897073e-23
1.638575029868459e-24
7.406680503631107e-23
1.361958797237138e-25
-6.83260093185368e-23
2.225845283355183e-22
2.015346678537939e-24
-2.055307798072195e-22
-4.33456379885917e-07
9.411604455602258e-10
3.999752724863022e-07
-1.74800183849945e-09
5.633605283758387e-12
1.61330529187824e-09
1.723205536230873e-23
-8.080910899419403e-23
-8.700582433113563e-24
0.0002523315177756841
3.859059829011714e-08
-0.0002327774534932531
-1.248379015149257e-11
1.555750625502309e-10
2.141047846809767e-11
-1.939869601144793e-39
3.531642925291371e-39
8.772927459541001e-40
1.573740202107379e-24
-1.772860318311844e-23
-1.639059254821432e-24
-7.406679992089521e-23
-1.362273496635238e-25
6.832600691595937e-23
-2.226209605124399e-22
-1.773344341860383e-24
2.055478727136168e-22
4.334566833265531e-07
-9.585660270039512e-10
-3.999754571739611e-07
1.748004514516755e-09
-5.757607992932588e-12
-1.61330686543814e-09
-1.595584093471972e-23
7.094620641568719e-23
8.095955356355693e-24
-0.0002523315140749129
-3.859883191287865e-08
0.0002327774518191476
1.249802385552574e-11
-1.556073732897566e-10
-2.14169362900627e-11
1.996308105834848e-39
-4.901339073902312e-39
-9.080027560877127e-40
-1.573621023756021e-24
1.772465238160038e-23
1.638993037322328e-24
7.406680088916828e-23
1.361990863668425e-25
-6.832600745185952e-23
2.226140844112739e-22
1.992478920369319e-24
-2.055440744445108e-22
-4.334562411420771e-07
9.410531155282354e-10
3.999752101559084e-07
-1.748001124573369e-09
5.633053111725451e-12
1.61330497093418e-09
1.623932604235478e-23
-8.004136593360152e-23
-8.254411243751048e-24
0.0002523315141878513
3.859337382346055e-08
-0.0002327774518822768
-1.249747035385883e-11
1.555856423058525e-10
2.141662689127745e-11
-2.132961357389311e-39
3.381780387172287e-39
9.630567490876785e-40
1.572845167567409e-24
-1.772929756274054e-23
-1.638660984343281e-24
-7.406680388071415e-23
-1.362304226840767e-25
6.832600867577763e-23
-2.225924228959009e-22
-1.751212937605818e-24
2.055351823055528e-22
4.334568176186738e-07
-9.584618634476007e-10
-3.999755169673605e-07
1.74800520196819e-09
-5.757074657168637e-12
-1.613307171326753e-09
-1.691060322517774e-23
7.020541928077845e-23
8.52090756174611e-24
-0.0002523315175512265
-3.860152826706939e-08
0.0002327774533677867
1.248486832215801e-11
-1.556175805281518e-10
-2.141108115208044e-11
-4.314714551190751e-26
4.658683502297612e-26
1.913623017332201e-26
-1.11941327479705e-06
-2.88747695099149e-09
1.032882042695521e-06
-4.514560699024186e-09
-1.736006287458581e-11
4.166217510859481e-09
6.740225013684284e-24
-2.626160390767571e-24
-4.168997891653124e-24
-6.515607374466766e-05
-1.463577084402066e-07
6.010226255898605e-05
-2.292636990074507e-11
-5.902188223959896e-10
-9.232573351915244e-12
-1.941669410101628e-23
-9.232359851901172e-26
1.797301746960388e-23
-2.504001327945994e-07
-2.757865350054102e-09
2.309353455153455e-07
-1.010137002669359e-09
-1.655939167580505e-11
9.314255671263289e-10
4.135245623451123e-26
1.2375195337481e-25
-1.641828678576837e-26
1.119413130766386e-06
2.841805430436589e-09
-1.032882492196584e-06
4.514559674828742e-09
1.703712404960073e-11
-4.166220978935564e-09
-6.438323232183438e-24
4.532429481664196e-24
4.061937534568804e-24
6.51560744667621e-05
1.463560606324853e-07
-6.010226289629545e-05
2.292913428370801e-11
5.90212752540238e-10
9.2312728745037e-12
1.942635999230244e-23
1.915154793477635e-25
-1.797596920558129e-23
2.504001209431878e-07
2.747605474331011e-09
-2.30935455566913e-07
1.010136856313872e-09
1.648699090382117e-11
-9.314263816336428e-10
-4.135351536232908e-26
4.519155358298667e-26
1.831878710421877e-26
-1.119413130762529e-06
-2.887588847420097e-09
1.032881977095313e-06
-4.514559674806815e-09
-1.736085873319852e-11
4.166217043792747e-09
6.438303201423912e-24
-2.391500256522546e-24
-4.03114895480134e-24
-6.515607446544988e-05
-1.463571486836137e-07
6.010226288643074e-05
-2.292912393183461e-11
-5.902166823384867e-10
-9.231317607698542e-12
-1.942636034660712e-23
-8.4810507374578e-26
1.797743311636954e-23
-2.504001209349239e-07
-2.757874568179559e-09
2.30935340093733e-07
-1.010136856250784e-09
-1.655950545180457e-11
9.314255003343441e-10
4.314820463977731e-26
1.25136783598392e-25
-1.72061566968084e-26
1.119413274793193e-06
2.841916649814755e-09
-1.032882555427269e-06
4.514560699002256e-09
1.703791474631057e-11
-4.166221427983642e-09
-6.740247142679502e-24
4.29939403613009e-24
4.19415248991646e-24
6.515607374596944e-05
1.463555038073233e-07
-6.010226257902644e-05
2.292638018418033e-11
5.902106263187045e-10
9.232480556247735e-12
1.941669422484611e-23
1.840554124839331e-25
-1.797173879503287e-23
2.504001328010963e-07
2.747614625938688e-09
-2.30935460752824e-07
1.010137002722338e-09
1.648710393196821e-11
-9.314264458050537e-10
1.719647674781698e-29
4.350076897896989e-32
-7.7272619179445e-30
3.188700463593336e-22
1.921395705252591e-24
-2.941021544637714e-22
2.250776867748719e-24
-9.256980303114876e-23
-4.919605206307267e-24
2.283955760550305e-16
-4.519684342610615e-15
-1.339947937743527e-16
-1.440575355364026e-08
-1.380060430087996e-10
1.328822184532605e-08
1.808745521316133e-06
1.27140491496622e-08
-1.668453660011837e-06
3.428454479490097e-13
-7.316148797628529e-14
-1.539907441876262e-13
1.736203290919651e-10
7.204699103736923e-09
2.115191008984465e-10
-0.0004370717162360266
-9.818881458133458e-07
0.0004031703673955972
-1.707039209973524e-29
2.826025108700769e-31
7.618249031121976e-30
-3.18870031997701e-22
-1.922060432499429e-24
2.941021369764935e-22
-2.252271806128262e-24
9.260568451849843e-23
4.920883836832915e-24
9.742652513826519e-16
-3.593482122544151e-15
-4.61659610183182e-16
1.440574071042886e-08
1.336622738303184e-10
-1.328826857792085e-08
-1.808744203468907e-06
-1.238108948991219e-08
1.668456817552734e-06
-2.96108256276474e-13
-3.565889608687157e-14
1.320977748970987e-13
-1.735684398999659e-10
-7.204876990479247e-09
-2.115443341475712e-10
0.0004370717101615663
9.819061839221952e-07
-0.000403170364500304
1.706700151810619e-29
1.439043783799246e-31
-7.649998008972474e-30
3.188700322054545e-22
1.921406706639418e-24
-2.941021479962884e-22
2.252271729809972e-24
-9.257096456549358e-23
-4.920286157657713e-24
-9.737445407462351e-16
-3.586007849648996e-15
4.09587671448901e-16
-1.440574005464553e-08
-1.380165359196034e-10
1.32882156771934e-08
1.808744203474611e-06
1.271507310422614e-08
-1.668453059444854e-06
2.961082522682769e-13
-3.686562615960419e-14
-1.327585619401757e-13
1.735685797066954e-10
7.204739303296839e-09
2.115426740022404e-10
-0.0004370717101615651
-9.818928631971373e-07
0.0004031703646360751
-1.719308616618828e-29
1.880886683205838e-31
7.653882354659062e-30
-3.188700461037959e-22
-1.922071319452085e-24
2.941021431483991e-22
-2.250776789959492e-24
9.260683877575373e-23
4.920227612315831e-24
-2.28916286688771e-16
-4.522912280770187e-15
7.047322395153775e-17
1.440575420381781e-08
1.336726872775533e-10
-1.328827448191127e-08
-1.808745521318151e-06
-1.238210698287558e-08
1.66845739576017e-06
-3.42845443940793e-13
-7.17642630323918e-14
1.526700384585244e-13
-1.736200532583285e-10
-7.204916850437011e-09
-2.115216790422065e-10
0.0004370717162360264
9.819108765700334e-07
-0.0004031703671741314
5.053726038435991e-39
6.620428244943948e-40
-2.047345139266285e-39
-1.262030182032076e-24
5.398991395579901e-24
7.435896831791703e-24
5.895718830676952e-24
7.40287475799622e-25
-5.245141396582486e-24
-4.371523308758063e-24
-8.811409327627932e-25
3.23504827859217e-24
-7.376045582209753e-08
-9.805161332258784e-09
6.523221997307216e-08
-2.987784012236718e-10
-4.21159501623193e-11
2.618665818353873e-10
6.665766231210971e-23
3.186286176812882e-23
-2.67795132862351e-23
1.766271957518456e-05
2.091933410431958e-06
-1.584078432237993e-05
6.330229825369159e-11
9.079352319960852e-11
2.490701278157794e-10
-2.374667264683072e-39
2.867145200253486e-39
1.178185470349211e-39
1.101817694044171e-24
5.903286611466823e-24
-6.793372835920254e-24
5.90867695092856e-24
-6.373955899002601e-25
-5.386784304203067e-24
-2.050652902079192e-24
-5.930935466431323e-25
2.263754027005247e-24
-7.200023477627791e-08
7.501891013394559e-09
6.618785555027997e-08
-2.882313868232571e-10
2.827669823067635e-11
2.676178154788811e-10
-4.955565485319182e-23
4.628827072429758e-23
2.228563168892477e-23
1.763354395988762e-05
-2.037394226369297e-06
-1.596146739788692e-05
-5.418619356268294e-11
1.28854804734578e-10
-2.373271208317218e-10
-3.523968161826392e-39
-1.858478000509652e-39
1.32105201148344e-39
1.266927428104347e-24
-5.402811820954803e-24
-7.438184901610492e-24
-5.8956872834858e-24
-7.403121144380573e-25
5.245126552983852e-24
4.122991194229913e-24
1.075039275222555e-24
-3.118878957705246e-24
7.377625925092945e-08
9.792842997925833e-09
-6.523956574462328e-08
2.988911311286178e-10
4.202803852541144e-11
-2.619191346139272e-10
-5.697984096221632e-23
-3.941542476265975e-23
2.22469375644738e-23
-1.766270959817788e-05
-2.091941178251708e-06
1.584077971796526e-05
-6.326348932287521e-11
-9.082377431856352e-11
-2.490881687918484e-10
1.124827266744993e-39
-3.824482952693284e-39
-6.546370011702399e-40
-1.105424642121952e-24
-5.906058006493452e-24
6.794911018755412e-24
-5.908702818324506e-24
6.373757367235707e-25
5.386795264193881e-24
2.259779543224242e-24
7.537808653759404e-25
-2.352957715436942e-24
7.198424128639564e-08
-7.51419592025734e-09
-6.61809811826705e-08
2.881176802979728e-10
-2.836413342245339e-11
-2.67569096348189e-10
4.1254783123785e-23
-5.266417131006654e-23
-1.87514727539327e-23
-1.763354894203256e-05
2.037390388349564e-06
1.596146955486328e-05
5.416635874477654e-11
-1.288700648669833e-10
2.373356429159119e-10
4.773844520203442e-39
8.805704393353067e-40
-1.915979780233629e-39
-1.263320404604986e-24
5.39999698011582e-24
7.436495969646511e-24
5.895713151348283e-24
7.402919081947184e-25
-5.245138737595083e-24
-4.33212173983684e-24
-9.118453308719726e-25
3.216778734907738e-24
-7.376026576844474e-08
-9.805309336935072e-09
6.523213215411692e-08
-2.987774246451825e-10
-4.211671129660609e-11
2.618661282875927e-10
6.528073744660163e-23
3.293606357411573e-23
-2.613959926702806e-23
1.766271458038461e-05
2.091937299046952e-06
-1.584078201780987e-05
6.328332446491216e-11
9.080831236484231e-11
2.490789465280128e-10
-2.374703547879407e-39
2.867173574318976e-39
1.178202238530951e-39
1.101817618794728e-24
5.903286670260623e-24
-6.793372801394039e-24
5.908676950463683e-24
-6.373955895360947e-25
-5.386784303989372e-24
-2.05065053840761e-24
-5.93097771145912e-25
2.263752899986393e-24
-7.200023476484392e-08
7.501891010759686e-09
6.618785554512985e-08
-2.882313867644261e-10
2.8276698211245e-11
2.676178154523111e-10
-4.95556793397609e-23
4.62882901873234e-23
2.228564293352312e-23
1.763354395982564e-05
-2.037394226321512e-06
-1.596146739785802e-05
-5.418619388764183e-11
1.288548049857128e-10
-2.373271206833446e-10
-3.52394698885037e-39
-1.858461580491584e-39
1.321042872802231e-39
1.266927458282559e-24
-5.402811797419691e-24
-7.438184914737267e-24
-5.895687283284331e-24
-7.403121142801769e-25
5.245126552896206e-24
4.122990042350296e-24
1.075036000159656e-24
-3.11887849922648e-24
7.377625924472727e-08
9.792842999391481e-09
-6.523956574182851e-08
2.988911311034343e-10
4.202803853228426e-11
-2.619191346025543e-10
-5.697986950318583e-23
-3.941544635619303e-23
2.224695000542571e-23
-1.766270959824349e-05
-2.091941178302639e-06
1.584077971799361e-05
-6.326348966692974e-11
-9.082377458527633e-11
-2.490881686413802e-10
8.448881378544435e-40
-4.039410205711367e-39
-5.355637592078565e-40
-1.106714970466737e-24
-5.907050796006646e-24
6.795466163428681e-24
-5.908708498322942e-24
6.373713732338625e-25
5.386797686575953e-24
2.299187709277405e-24
7.841075386167871e-25
-2.36993940519235e-24
7.198443134961295e-08
-7.514049546184363e-09
-6.618106338287588e-08
2.881186569265173e-10
-2.83633819836332e-11
-2.675695164658485e-10
3.987786177585297e-23
-5.37235150893085e-23
-1.815957659226541e-23
-1.76335539368288e-05
2.037386540446355e-06
1.59614717183881e-05
5.414738497677978e-11
-1.288846624992058e-10
2.373437980595965e-10
