# Created from matlab git hash 15d6ecd77b971f955de2852a201e878a95b43822
# name: foo
# type: matrix
# rows: 2808
# columns: 1
0
-3.310357048847595e-39
-1.950259559719409e-41
-2.424044657112685e-39
-1.136328090767341e-22
-1.339932095104122e-24
2.515320739959294e-38
-3.665353316529987e-25
6.482812934295102e-23
1.243216470576963e-38
1.108780345764455e-24
-5.709197378994965e-24
-6.879615380180035e-22
-5.517225711288195e-10
-1.710274259919697e-10
-2.228373375424228e-24
-1.169474045590033e-12
-2.555773268414115e-13
1.59100406008399e-41
-4.256112749206291e-23
-2.304059187587341e-25
-2.287059172236012e-23
-3.160573446867627e-09
0.0005514319742268244
5.191614651914342e-22
-5.041146160865418e-12
-8.96669644730088e-13
-1.480121823360216e-38
8.284724640881493e-25
-3.795592514477057e-23
3.6833708467128e-22
-1.255657484338555e-09
-4.026914983951842e-10
1.168687431670303e-24
-2.659549403404539e-12
-6.313188249258029e-13
-3.711084906213869e-40
-1.469113034429438e-23
-3.787560274845427e-26
5.289679968714201e-24
1.169862697776301e-08
-0.0001423793284523627
-1.340470689392577e-22
1.889392140714216e-11
2.693698739564301e-14
2.312636020864627e-38
-8.319184039994359e-26
-3.29817680833227e-24
-3.971873633016361e-22
-2.132624747241264e-10
-8.994888530238451e-11
-1.28653932328503e-24
-4.515095244212722e-13
-1.420044000267554e-13
2.240168872959001e-40
1.485406550412742e-23
5.030452204982676e-25
-6.536887596591822e-25
-3.271202413577199e-08
3.568611003293511e-05
3.359677629745577e-23
-5.278573254293168e-11
-6.438463578298401e-14
-1.754352737975745e-39
7.938406648891313e-26
1.021357365232659e-25
2.003323322429455e-23
4.07237893060035e-11
2.083290779988598e-10
7.566106409832548e-26
8.630814847309833e-14
3.368193114576551e-13
-1.212523381684489e-41
-1.370920280983924e-23
-3.371602248131802e-25
1.475066958744102e-26
3.017847722270815e-08
-3.292089410596826e-05
-3.099517722077792e-23
4.86980332335134e-11
7.137405574147259e-14
-2.054776876433918e-40
-1.485420189694402e-23
-5.02192437066967e-25
6.536896037362937e-25
3.271203589030508e-08
-3.568611003255633e-05
-3.35967762964262e-23
5.278575151173621e-11
6.438463568275178e-14
1.365148887660301e-39
-7.425132865482077e-26
-1.329544584446974e-25
-2.003323789410339e-23
-4.114787072561715e-11
-2.08352355949865e-10
-7.566112939715671e-26
-8.718973850391859e-14
-3.36837441355992e-13
2.093958643938938e-42
1.370926792873029e-23
3.367407076014538e-25
-1.475093594958199e-26
-3.017848300517383e-08
3.292089410578191e-05
3.099517722008014e-23
-4.869804256493124e-11
-7.137405571464989e-14
1.301101441501103e-39
6.355089565477815e-26
-7.878170006959216e-25
-8.621756635717064e-24
-5.545334644905802e-09
2.495847651958461e-06
1.576052276674911e-24
-8.966808483974361e-12
1.242725437719449e-13
6.643641574814991e-40
-1.496408908568591e-26
-1.99018211028065e-24
-4.350454390061345e-24
-7.010618825671109e-10
2.92579092661958e-07
1.747805354819416e-25
-1.159170065181796e-12
2.15242712566865e-13
-5.00219419092413e-40
-8.210134217361118e-26
-4.206875165597736e-25
6.450601574255699e-24
4.938228407465485e-09
-2.248612655603951e-06
-1.421750934975158e-24
7.955560698053192e-12
5.419170216092709e-13
-1.266697482766077e-39
1.574647389767728e-25
1.741253509113516e-24
9.534463478067e-24
-5.463897314558531e-09
2.495689627526018e-06
1.633598183379618e-24
-8.794214821897175e-12
-1.305232455025624e-13
8.422941717532443e-40
-5.193329444017873e-26
-1.496979704537337e-24
-4.367199388580858e-24
5.94001240665346e-10
-2.922835862421776e-07
-2.009307076938497e-25
9.324673180365662e-13
2.613358349543105e-13
5.764404428243128e-40
-1.225842335913703e-25
1.85964420696825e-26
-7.042516564664171e-24
4.98773088840795e-09
-2.249266255213453e-06
-1.469695169511241e-24
8.060378489433105e-12
-5.123489589911406e-13
-9.364594260398583e-40
-6.852088071564877e-26
8.164309025495443e-25
8.621791602128855e-24
5.545728460194225e-09
-2.495847630494412e-06
-1.576052213716845e-24
8.967623992260513e-12
-1.242559935003384e-13
-9.465405620571705e-40
1.881400263393229e-26
1.968048944439137e-24
4.350427337523448e-24
7.007572626982202e-10
-2.925791092741123e-07
-1.747805841827041e-25
1.158539067822357e-12
-2.152555323516044e-13
3.348352305926187e-40
8.434634623339428e-26
4.078356325367701e-25
-6.450617262296758e-24
-4.938405290263117e-09
2.248612645980963e-06
1.421750906829027e-24
-7.955926604138587e-12
-5.41924423111366e-13
9.208981697831927e-40
-1.526222670623747e-25
-1.768902566484028e-24
-9.534497482629607e-24
5.46351679800609e-09
-2.495689648561498e-06
-1.633598245024325e-24
8.793420774362965e-12
1.305066952313088e-13
-1.110404327508241e-39
5.568401874427493e-26
1.475531613838658e-24
4.367173016778962e-24
-5.942964178073871e-10
2.922835699343418e-07
2.009306598777212e-25
-9.330830772546422e-13
-2.613486547424027e-13
-4.239723995317084e-40
1.204404722984668e-25
-6.283888781212948e-27
7.04253172271248e-24
-4.98756143982966e-09
2.249266264596847e-06
1.469695197089163e-24
-8.060024580272573e-12
5.12356360475942e-13
2.786505007609463e-40
-1.161008905089041e-26
1.290676980484659e-24
-1.99811431375131e-24
3.552729895790581e-10
1.227781985530325e-07
-6.431281702215694e-27
5.892131578645206e-13
6.904857774327237e-14
-2.95646790530489e-40
7.486833499832576e-27
1.144373754510335e-25
-2.018330617150084e-24
6.218645995754292e-11
1.723845560333222e-08
-6.497259571196024e-27
1.090670405241636e-13
1.736572385017365e-14
-1.356929679610083e-40
6.556736928029275e-27
-5.474826030533541e-25
8.04595484060535e-25
-3.02033621918972e-10
-1.093279147038047e-07
2.582752594441256e-27
-4.935203629268883e-13
1.054287827069267e-12
1.61304837516221e-39
-4.959507086306665e-26
-2.372062796612502e-24
-1.052160492870421e-23
7.234442791626461e-10
2.963365031707981e-07
-3.389070489513804e-26
1.138771594082728e-12
4.376762978029546e-14
1.155092236774227e-39
-3.218177966194388e-26
-6.671900076026736e-25
-1.161832029174047e-23
1.933844965345275e-11
7.26281885890674e-09
-3.750982490827282e-26
3.145548272482237e-14
2.045686705179756e-13
-6.749284557827065e-40
2.41973666646523e-26
1.036335802454735e-24
4.16709048047187e-24
-6.73218986767777e-10
-2.652453611154436e-07
1.341091406000418e-26
-1.073293757859905e-12
4.412504737787951e-13
-1.575441472203268e-39
3.604469361653529e-26
2.342989594516371e-24
1.061474122328535e-23
8.364524913667973e-10
2.963052260812287e-07
3.433736760648101e-26
1.378155952697321e-12
-6.596199256732434e-15
1.214117990307355e-39
-3.263599406198982e-26
-7.376663306962028e-25
-1.176454285450655e-23
-1.955753502079946e-11
-6.967322966483523e-09
-3.797824684774719e-26
-3.193088299404665e-14
2.7193619125355e-13
7.527310544689124e-40
-1.410282805786262e-26
-1.088137234803131e-24
-5.289910770883658e-24
-7.249219518569872e-10
-2.6578581670275e-07
-1.711431542538959e-26
-1.182801845975864e-12
-4.305124383526086e-13
-1.600518802078062e-40
-6.797573419188698e-27
-1.571489466351315e-25
2.543018050911264e-24
3.035179650012542e-10
1.227022015267631e-07
8.225767691671326e-27
4.796074439049121e-13
-5.351361655429163e-14
-1.434762004180326e-40
-2.195552486979118e-27
9.635804844647562e-25
-1.499089963281703e-24
-1.97127315586018e-11
-1.711602013094847e-08
-4.855521708308312e-27
-1.90458729760033e-14
1.80117144043772e-13
6.622023404229489e-41
4.228296046866374e-27
9.148691948728794e-26
-1.210763399897947e-24
-2.814608963760834e-10
-1.106324704032733e-07
-3.929533646018577e-27
-4.500396713293938e-13
-1.049898810348025e-12
2.231690863098667e-40
5.821483643789643e-27
-1.250895003143982e-24
1.998163083289882e-24
-3.54725449876144e-10
-1.227781685013289e-07
6.43137032803487e-27
-5.880750300291454e-13
-6.902517213863209e-14
-9.705501647657902e-41
-2.974901951848288e-27
-1.454238846525273e-25
2.018292669990254e-24
-6.261294665844051e-11
-1.723847895953135e-08
6.497190724504148e-27
-1.099525487339844e-13
-1.738385374849694e-14
-1.007183261440782e-40
-3.88708711747648e-27
5.290793063370699e-25
-8.046179040429942e-25
3.017803158244078e-10
1.0932790099322e-07
-2.582793059756671e-27
4.929978037141821e-13
-1.05429829438124e-12
-1.61257089384506e-39
4.959158885069058e-26
2.372063217341842e-24
1.052160492799412e-23
-7.234442732853736e-10
-2.963365031707972e-07
3.389070486779868e-26
-1.138771594082721e-12
-4.376762977933592e-14
-1.155459357428339e-39
3.21845130161277e-26
6.671896817071141e-25
1.161832029285552e-23
-1.933845420596082e-11
-7.262818858905089e-09
3.750982492945285e-26
-3.14554827248077e-14
-2.045686705133778e-13
6.747077594006475e-40
-2.419577855901509e-26
-1.036335990610615e-24
-4.167090480033031e-24
6.732189841393991e-10
2.652453611154437e-07
-1.341091404778248e-26
1.073293757859936e-12
-4.412504737919087e-13
1.575905291807593e-39
-3.604820676717631e-26
-2.342990026719559e-24
-1.061474122561795e-23
-8.364524972440963e-10
-2.963052260812395e-07
-3.433736763382187e-26
-1.378155952697374e-12
6.596199255750848e-15
-1.21375606576127e-39
3.263330898620141e-26
7.376659959130516e-25
1.176454285326463e-23
1.955753046826736e-11
6.967322966474124e-09
3.797824682657033e-26
3.193088299402502e-14
-2.719361912518488e-13
-7.529313838285799e-40
1.410436828423089e-26
1.088137428090262e-24
5.289910771805574e-24
7.249219544853633e-10
2.657858167027454e-07
1.711431543761989e-26
1.182801845975837e-12
4.305124383597665e-13
-3.427090077845362e-40
1.259317398930817e-26
1.173669807683017e-25
-2.54306681740705e-24
-3.040655047041715e-10
-1.22702231578468e-07
-8.225856262810096e-27
-4.807455717402901e-13
5.349021094954932e-14
-2.416175149232315e-40
6.655504387193971e-27
-9.942146911619208e-25
1.499052364981829e-24
1.929110086949612e-11
1.711599693124074e-08
4.85545329882856e-27
1.816820112481771e-14
-1.801352739487458e-13
1.467820748988603e-40
-6.739781399633417e-27
-7.430407036406625e-26
1.210784601865997e-24
2.81697380752393e-10
1.106324835717514e-07
3.92957242559494e-27
4.505350845995603e-13
1.049909277653841e-12
-3.657752555130651e-43
1.930458846243129e-29
-6.741738400020278e-30
9.739132811362387e-38
-1.410727330132374e-24
2.510777123150688e-22
4.198197194397586e-39
1.954554208395231e-22
2.317883846877897e-24
-3.762580211931652e-27
-1.144833537568257e-14
-6.324438074894959e-14
-9.396208052152228e-24
-9.756241745443526e-12
-1.184834218964139e-11
1.27998855368519e-21
2.344418233079014e-09
4.057561932913821e-09
-5.500334945686047e-29
-1.231297599217724e-12
-1.965613683433034e-15
2.010693958413808e-21
-2.309345280336714e-10
-3.817287519880443e-12
4.01838140257652e-23
7.870725474243789e-08
-0.000955108105355394
-4.771012557914996e-27
-4.848780950701444e-15
-7.421981172102592e-14
2.549365585531202e-24
-1.291113435102408e-11
-3.047256782987477e-11
-4.097319314904374e-22
2.979715697173868e-09
1.040686615828151e-08
3.671721586922746e-29
1.57277856514905e-12
2.169411500161054e-15
-5.191443272097039e-22
6.67227669565148e-10
9.550264251930909e-13
-9.309002300306339e-24
-2.260486052106773e-07
0.0002466080063042905
-1.066488394546882e-27
1.059112166469351e-14
-1.658361843731488e-14
-5.424544421544014e-24
2.169132910536772e-12
-6.810844921050789e-12
7.389518269803399e-22
-6.387407876561809e-10
2.325190613731502e-09
-5.333783158341474e-26
-2.439365725514923e-13
2.545799874503591e-16
9.707475960225485e-23
-4.347786550263216e-10
-1.31659495368556e-13
-2.656494288402741e-24
1.364515670450404e-07
-6.181018679716601e-05
-6.862933178430891e-29
-1.260656964621576e-15
1.623056925013065e-14
3.401863674708382e-25
-2.330143550057884e-12
1.664991214523852e-11
-3.770492695560597e-23
6.249208338732971e-10
-5.677291760030375e-09
4.921962418556304e-26
2.250344112043073e-13
3.124495551229449e-16
-8.954398449220575e-23
4.011075045523343e-10
6.818088088841954e-13
1.009102800460755e-24
-1.25882782686613e-07
5.702055420202412e-05
5.333785317582803e-26
2.439365725514234e-13
-2.542425916475254e-16
-9.70747595861423e-23
4.347789202930654e-10
1.316594950240959e-13
2.656489781898865e-24
-1.364516556801248e-07
6.181018679682281e-05
6.494136347338873e-29
1.224083350764861e-15
-1.62828379093014e-14
-3.401882437372486e-25
2.299527386614246e-12
-1.665000898175532e-11
3.770528623523446e-23
-6.169125916519912e-10
5.677341238542175e-09
-4.921963852405097e-26
-2.250344112042605e-13
-3.126381611225447e-16
8.954398448514176e-23
-4.011076525945393e-10
-6.818088088333733e-13
-1.00910108216091e-24
1.258828322351314e-07
-5.702055420183225e-05
4.939631582508371e-29
1.253424775805782e-16
2.380834728725955e-16
1.091304949858462e-24
2.702211165037306e-11
6.79266570101151e-12
2.265270640770603e-23
-1.167509315252035e-08
-4.325079550249685e-06
1.75329557645211e-29
6.96764390148411e-17
-1.854845644330609e-16
1.084404963539446e-26
3.854009379626352e-12
1.072628823588517e-11
2.15934037836061e-23
-1.569201601350973e-09
-5.102682617267537e-07
-2.187401020275078e-29
-5.557304514062592e-17
-1.075410950326371e-16
-1.046969448355427e-24
-2.383297650628674e-11
2.615054966922125e-11
-9.65097210016371e-24
1.036451429297294e-08
3.886384096242415e-06
-2.581582494481255e-29
-1.141575106874383e-16
1.913473865357452e-16
1.428578220575226e-24
2.499686328419837e-11
-5.803380767458216e-12
-2.803884585673957e-23
-1.110776333500854e-08
-4.320784128710765e-06
3.596202863513247e-29
7.86184545623726e-17
1.472127447992764e-16
-2.578200281009095e-25
-2.175304993884195e-12
1.282479104076127e-11
1.76770287052963e-23
1.084806496778465e-09
5.022368505254823e-07
1.186826604395713e-29
5.153460574611985e-17
-8.471961128915178e-17
-1.214738552486601e-24
-2.298443696109682e-11
-2.591169685900136e-11
1.296326782907634e-23
1.01510990584886e-08
3.904137807194338e-06
-4.634230803706977e-29
-1.013164256431236e-16
-1.903689333567939e-16
-1.091303102644846e-24
-2.699416096688521e-11
-6.792577301719224e-12
-2.265308700041204e-23
1.16677826647088e-08
4.325079505082194e-06
-1.990252224221609e-29
-8.828693882244012e-17
1.484634418280481e-16
-1.084548338317253e-26
-3.875707512042037e-12
-1.072635670968439e-11
-2.159310816206321e-23
1.574880281286025e-09
5.102682967760152e-07
2.049456015800549e-29
4.482826806418072e-17
8.598911829475872e-17
1.046968612168444e-24
2.382031090208047e-11
-2.615058920256766e-11
9.651145161145978e-24
-1.036118879225426e-08
-3.886384075825798e-06
2.276181715679903e-29
9.013145874997034e-17
-2.390619260515397e-16
-1.428580067584838e-24
-2.502480981182993e-11
5.803292368156048e-12
2.803922644944543e-23
1.111507382282011e-08
4.320784173878263e-06
-3.832371067830466e-29
-9.722895437000016e-17
-1.84110668960889e-16
2.578186003156778e-25
2.153705332743399e-12
-1.282485951457398e-11
-1.767673472929625e-23
-1.079160181800098e-09
-5.022368156015682e-07
-1.051612848157723e-29
-4.078982866980584e-17
1.058448161002575e-16
1.214739368406435e-24
2.299676934966151e-11
2.5911736392286e-11
-1.296343518973137e-23
-1.015431244370865e-08
-3.904137827176784e-06
1.024871370131163e-40
-3.037510240330981e-27
-3.937983230229986e-28
2.850940994301623e-37
-4.936612820015561e-24
7.101296671644334e-22
6.079060977721414e-39
3.267755705614317e-22
3.386046186084422e-24
-1.974200710454342e-25
-8.729908095677203e-13
-4.893382288055247e-12
-3.367011872527285e-23
3.136693618856496e-11
-4.875829883348097e-10
2.195962112954288e-21
-4.718594899823441e-09
8.339678323684641e-08
-3.193703658039126e-27
-8.349479107824206e-11
-1.374012680875682e-13
5.686879515440695e-21
-7.272221831760968e-09
-2.206719579275184e-11
5.931857096269441e-23
1.238448835982478e-06
-0.001350725372839644
1.146377550624274e-40
-6.606600848657739e-27
-1.41077893570855e-28
2.850937701567578e-37
-4.936600750747205e-24
7.101296606446071e-22
6.073626041684798e-39
3.267771667334149e-22
3.385933159494718e-24
1.32904929305731e-25
1.301269738016644e-12
6.36341048703777e-14
-3.367331834967684e-23
3.13578783686148e-11
-4.876438704915747e-10
2.195814379785678e-21
-4.719567272140629e-09
8.339456635016541e-08
1.215793445536647e-27
1.299755088718125e-11
1.983812463871994e-14
5.686879468374375e-21
-7.273407149701413e-09
-2.206908802080722e-11
5.931659884513091e-23
1.238405682486188e-06
-0.001350725372909965
-4.389416167328209e-25
-6.350745685940641e-13
-8.891978531300711e-12
-2.175206790956066e-24
8.363596659531557e-11
-1.258715300130315e-09
-1.705606288319939e-25
-1.180217805806571e-08
2.152433105369438e-07
1.208280994610545e-24
1.419656329954612e-10
2.024709515617379e-13
-1.095236962527569e-21
4.800982340324391e-09
7.312432699469195e-12
-8.580476673264285e-24
-7.699638238149474e-07
0.0003487558379314217
-8.442148819334195e-26
9.328060472344152e-13
-1.986825567919646e-12
-1.313337609850379e-23
5.508322690924579e-11
-2.814163441162364e-10
8.014477696764444e-22
-7.084510109844244e-09
4.812332697638028e-08
4.139148438543004e-25
8.045793489049041e-13
3.903405272469773e-12
-2.178478213889183e-24
8.363307117409049e-11
-1.258774923170605e-09
-5.519785958445069e-25
-1.180282189683938e-08
2.152375881600501e-07
1.200407645843973e-24
-1.291747281463868e-10
-1.858132930667496e-13
-1.095236930313972e-21
4.802245791376448e-09
7.314164648471813e-12
-8.576955576140837e-24
-7.698425638854325e-07
0.0003487558381050701
1.062066476697774e-25
-7.999543016674204e-13
8.714469575265834e-13
-1.313410729117837e-23
5.509195858407814e-11
-2.814296661739608e-10
8.013625161784529e-22
-7.083735184065815e-09
4.812204869405509e-08
-7.542457733980609e-24
-5.256815767354434e-11
2.983931019302366e-14
5.629748391382496e-23
1.090835690674539e-09
1.908022815044062e-11
-7.498140034596061e-24
-2.301112418964059e-07
-8.741536528607941e-05
-2.899832311824999e-27
-3.574778604267892e-13
3.50186946622657e-12
1.795646902733338e-25
7.972027931808641e-13
6.893841288224335e-10
1.916664659006904e-24
-2.174980915623043e-10
-1.178705051390023e-07
6.96019963871277e-24
4.849419799162161e-11
8.312824287793889e-14
-5.186871781778269e-23
-1.006508067426282e-09
1.204644104861968e-12
1.60920107903841e-24
2.123081709547671e-07
8.063936312066572e-05
7.542457734563561e-24
5.256816891867911e-11
-2.983931017752257e-14
-5.629748391205652e-23
-1.090835654153562e-09
-1.908022815136671e-11
7.498140034336691e-24
2.301112418913766e-07
8.741536528607946e-05
2.7050443555845e-27
3.515910838109156e-13
-3.504071108134172e-12
-2.234318754164826e-25
-9.430302844515574e-13
-6.893844272320595e-10
1.916324820574333e-24
2.350229288823682e-10
1.178705810105778e-07
-6.960200434048877e-24
-4.849422175098021e-11
-8.313458157002398e-14
5.186842880998289e-23
1.006507501005811e-09
-1.204644022056028e-12
-1.580151678036941e-24
-2.123080842206663e-07
-8.063936312042338e-05
7.542577233235532e-24
5.256761502660743e-11
-1.188592109795536e-14
5.627801360904654e-23
1.090746620946272e-09
1.908044424655903e-11
-1.424444655609087e-23
-2.301582602637408e-07
-8.741536526741887e-05
2.81802818102189e-27
3.575660319235037e-13
-3.504076839596307e-12
1.795386732467379e-25
7.967365362059286e-13
6.893900365274285e-10
1.914107441009183e-24
-2.178178696556204e-10
-1.17867371969914e-07
-6.960253316349312e-24
-4.849395531254557e-11
-9.116358124201226e-14
-5.185074823577421e-23
-1.006425898362286e-09
1.204703051240021e-12
7.834684993298485e-24
2.123515455788583e-07
8.063936319861148e-05
-7.542577233818486e-24
-5.256762627174222e-11
1.188592108174695e-14
-5.627801360727809e-23
-1.090746584425296e-09
-1.908044424747383e-11
1.424444655635291e-23
2.301582602687695e-07
8.741536526741891e-05
-2.78669420990202e-27
-3.515029123144067e-13
3.501886912428488e-12
-2.234091484140358e-25
-9.425892425462221e-13
-6.893903921945033e-10
1.918780905319272e-24
2.353373628196273e-10
1.17867447836168e-07
6.960253639795232e-24
4.849397907190417e-11
9.115724256285076e-14
5.185045921811775e-23
1.006425331941815e-09
-1.204703133639386e-12
-7.805636092631551e-24
-2.123514588660084e-07
-8.063936319836914e-05
3.666434600944464e-40
2.127289943274788e-22
9.496911263003893e-25
-6.340039099749979e-40
2.965866388734407e-24
-1.336522588255193e-22
-1.208858340318413e-39
-2.204459028168093e-22
-1.729011676815273e-24
7.883622211298437e-22
-9.152437143089102e-09
4.224687202148988e-07
3.148898566622819e-24
-1.257332278709651e-10
4.797613223796869e-09
-8.173897356777855e-22
9.48752566906302e-09
-4.377052073997013e-07
-1.702658804770562e-23
1.355293232891925e-06
-0.0006146650973378331
2.900443200547964e-22
1.239371269693317e-08
3.965962506359967e-11
4.118666053899792e-24
-1.404946038350428e-06
0.0006367358782691933
-4.024741356012675e-39
2.129911320852707e-22
9.611886520854429e-25
-5.672979457710819e-40
2.963897939894646e-24
-1.336526135605375e-22
7.558084978385721e-40
-2.205631246778982e-22
-1.734155095641886e-24
7.909877091049451e-22
-9.174626761147998e-09
4.226769099235373e-07
2.998313778647584e-24
-1.262715832626218e-10
4.792958633638583e-09
-8.185643348779562e-22
9.497447526499189e-09
-4.377983247950883e-07
-1.692700000325752e-23
1.358332388963823e-06
-0.0006146650921643055
2.900412786438816e-22
1.231254974915162e-08
3.952628436974399e-11
4.074127128824803e-24
-1.406305392295385e-06
0.0006367358759552294
3.754509569657761e-40
2.127264523045353e-22
9.498748068872707e-25
-6.408402373452432e-40
2.967844889773569e-24
-1.336524007412161e-22
-1.212829042319849e-39
-2.204447377913658e-22
-1.72909426882391e-24
7.885289359371857e-22
-9.151524749314431e-09
4.224722708348849e-07
3.019531522706992e-24
-1.264411503349976e-10
4.794865887037531e-09
-8.174646206882288e-22
9.487115511641022e-09
-4.377068005470079e-07
-1.702373112263263e-23
1.355362353627473e-06
-0.0006146650972252234
2.900421023037492e-22
1.234022969093202e-08
3.957249012155187e-11
4.117388306737644e-24
-1.404977052484273e-06
0.0006367358782186701
-4.016366903483519e-39
2.129885577851873e-22
9.613622534388236e-25
-5.608259491260267e-40
2.961913592969759e-24
-1.336524787238689e-22
7.52093183245637e-40
-2.205620014907943e-22
-1.73423232240865e-24
7.911505499397057e-22
-9.17372253618525e-09
4.226803685580646e-07
3.124213696647144e-24
-1.255723751911197e-10
4.795640654802429e-09
-8.186368443430005e-22
9.497045247741982e-09
-4.377998665167704e-07
-1.692420397699268e-23
1.358399718738616e-06
-0.0006146650920545551
2.900434395594183e-22
1.23647611017132e-08
3.961138923479371e-11
4.072876684210517e-24
-1.406335405261854e-06
0.0006367358759063046
-1.560847593149223e-24
-1.160429469335664e-09
1.090958675369254e-06
-1.382811317425321e-24
3.299730132724699e-12
1.238604355692073e-08
6.875555424251251e-25
1.210057721841889e-09
-1.130208432466089e-06
8.780004140007983e-23
4.187067779540467e-07
0.0001587055541072346
-6.325566875473014e-22
7.532594226768384e-09
5.390424470289041e-12
-4.812831223035084e-23
-4.332258199462054e-07
-0.0001644056032885912
7.888298741366156e-25
2.159418181927309e-09
2.439478572220884e-07
-7.61392351042255e-24
5.78210169277185e-11
2.769665169202785e-09
-5.291114301556445e-25
-2.231272312587705e-09
-2.527244390826409e-07
1.135438190250729e-24
-1.188016478043946e-09
1.091496164489622e-06
-1.716891633375814e-24
2.954507466519876e-12
1.23781250042776e-08
-5.207800365381455e-25
1.222393260795911e-09
-1.130448862523072e-06
-8.249742796862716e-23
4.173286272789703e-07
0.0001587055519335511
-6.321126013958882e-22
7.683434306140598e-09
5.604998069577108e-12
2.803439756958673e-23
-4.326083552893042e-07
-0.0001644056023148894
-5.748402455970897e-25
2.14280600286e-09
2.440680281519529e-07
-7.68357871241742e-24
5.888652606376825e-11
2.767896112020939e-09
8.021022485309598e-26
-2.223835089846411e-09
-2.527781940302734e-07
-1.13578718379177e-24
-1.1599444009806e-09
1.090967722612104e-06
-1.713313604989184e-24
2.922588164272949e-12
1.237902045879908e-08
4.949605357352542e-25
1.209838952944227e-09
-1.130212531699377e-06
8.779442732763453e-23
4.185150537298451e-07
0.0001587055538327269
-6.325523347403389e-22
7.681423856958054e-09
5.603517826477519e-12
-4.812576795402343e-23
-4.331389512772939e-07
-0.0001644056031642307
8.838137558467318e-25
2.158073771565666e-09
2.439498782232292e-07
-7.687777607873046e-24
5.886446504348403e-11
2.768096327024527e-09
-5.721487053659468e-25
-2.230663121896042e-09
-2.527253547848963e-07
1.56119658669778e-24
-1.187530268905342e-09
1.091505211732823e-06
-1.388371819887459e-24
3.329705225007566e-12
1.238511744054849e-08
-7.086925789522815e-25
1.22217765562176e-09
-1.130452855541692e-06
-8.250303941231627e-23
4.171369030593487e-07
0.0001587055516589449
-6.321169435945784e-22
7.535254403113156e-09
5.392758947459897e-12
2.803687354898864e-23
-4.325237373854337e-07
-0.0001644056021936754
-4.797002247063787e-25
2.141461847585312e-09
2.4407004915303e-07
-7.610167784827902e-24
5.784746650600519e-11
2.769458103144009e-09
3.821931245245067e-26
-2.223241900114086e-09
-2.527790860002932e-07
-2.305877631624625e-38
-1.507998758800796e-24
1.569988236205451e-23
2.721452934451593e-38
2.869464680359572e-24
1.244062734670763e-24
1.186070182327996e-38
7.353151894709358e-25
-4.793389017492763e-23
1.193733747192063e-24
7.606414317907934e-11
-2.220888400797786e-09
-2.16323569262433e-24
9.123371787101367e-11
3.786862277632982e-08
-6.014608189864931e-25
-3.221792199059098e-11
3.174394994028237e-09
-7.208881614340719e-22
-1.026498911575341e-08
-3.062883995581785e-07
7.260041777265134e-22
-4.944585617175612e-08
-2.133891913107592e-05
3.390562018178256e-22
3.836943455159481e-09
-2.739334124839503e-07
2.615798394173187e-38
1.324098278007863e-24
-1.570815515316956e-23
2.894773823488066e-38
-1.098340321179901e-24
-9.780465193140429e-25
-1.010258482887238e-38
-6.163663330317065e-25
4.794585546549297e-23
-2.864021530828983e-24
-6.268135246610043e-11
2.071237121521511e-09
-3.449052457886738e-24
-1.84824146022082e-10
-3.287260040021327e-08
1.192607216497405e-24
2.502497966982899e-11
-3.031743504723291e-09
7.20817335874884e-22
8.068438038791843e-09
3.062846638197064e-07
7.184980211046902e-22
6.121981629157112e-08
2.1338956922259e-05
-3.056524242526121e-22
-2.676188937558845e-09
2.73935644222187e-07
-2.614218878653637e-38
-1.324012510329008e-24
1.570815685368303e-23
2.964257306632046e-38
2.726084565783017e-24
1.237601285193256e-24
1.329498646754479e-38
6.494354259716583e-25
-4.793778849434541e-23
2.861629284564819e-24
6.268524069896637e-11
-2.071237128732772e-09
-3.46439832382429e-24
1.016423816674668e-10
3.775220924153237e-08
-1.36705180983038e-24
-2.609529380751615e-11
3.105706927349221e-09
-7.208172668411632e-22
-8.068438291058291e-09
-3.062846638205496e-07
7.259491377909586e-22
-5.115455018797943e-08
-2.133892203692213e-05
3.390236707176947e-22
2.828755209933462e-09
-2.739351262168759e-07
2.303083344602616e-38
1.511514661966206e-24
-1.570014175055979e-23
2.656654642225005e-38
-9.541007297667581e-25
-9.718938798715865e-25
-8.758865364717406e-39
-6.966304864632015e-25
4.794246161045223e-23
-1.424346565228773e-24
-7.706098494318203e-11
2.215932852934512e-09
-2.342593118331588e-24
-1.959138636964504e-10
-3.276102259017889e-08
5.655738795647685e-25
3.131095404214238e-11
-3.094759470353525e-09
7.208841360536184e-22
1.016850769610994e-08
3.062882423314738e-07
7.185496408637641e-22
6.28392226870715e-08
2.133895968204255e-05
-3.056815207691736e-22
-3.590784583917421e-09
2.739340849281648e-07
-2.304663065249341e-38
-1.511588801687771e-24
1.570014009161901e-23
2.720503581296521e-38
2.872258200864773e-24
1.243861394243558e-24
1.185497185908071e-38
7.369000553683486e-25
-4.793401183664803e-23
1.426706051692733e-24
7.705678483052642e-11
-2.215932880534187e-09
-2.344515333292883e-24
9.046261980581214e-11
3.786476783120489e-08
-7.083928671089219e-25
-3.266787266211882e-11
3.172120476822758e-09
-7.208842035191523e-22
-1.016850811337601e-08
-3.062882423314714e-07
7.260011016050352e-22
-4.9520909632764e-08
-2.133891925337594e-05
3.390543863949047e-22
3.792659942403246e-09
-2.739334846101242e-07
2.615796018266994e-38
1.32408654620123e-24
-1.570815519482924e-23
2.894771674477005e-38
-1.098331369000275e-24
-9.780464870981966e-25
-1.010257456775307e-38
-6.163609974722836e-25
4.794585548440871e-23
-2.864308086704754e-24
-6.268199387390703e-11
2.071237155773701e-09
-3.449324527314204e-24
-1.848251251892385e-10
-3.287260042765261e-08
1.192732676246507e-24
2.502526085571815e-11
-3.031743520197152e-09
7.208173267406123e-22
8.068438705981433e-09
3.062846638205456e-07
7.184980164786188e-22
6.121981577026842e-08
2.133895692225818e-05
-3.056524202105642e-22
-2.676189238969243e-09
2.739356442218079e-07
-2.614216456558431e-38
-1.324000409179025e-24
1.570815690788727e-23
2.964255175486789e-38
2.726093751410913e-24
1.237601326941091e-24
1.329497527261326e-38
6.494301047905001e-25
-4.793778851823021e-23
2.861918397836906e-24
6.268588103357049e-11
-2.071237093293418e-09
-3.464669686435991e-24
1.01641400014286e-10
3.775220926807524e-08
-1.367183793069527e-24
-2.609558583425902e-11
3.105706911656069e-09
-7.208172576182614e-22
-8.068437601341386e-09
-3.062846638197036e-07
7.259491331939684e-22
-5.115454965822591e-08
-2.133892203692127e-05
3.390236665503182e-22
2.828754904516826e-09
-2.739351262172489e-07
2.304298275043232e-38
1.507900993820702e-24
-1.569988411668506e-23
2.657586569563592e-38
-9.56887787456652e-25
-9.716961454555381e-25
-8.764003071492527e-39
-6.949940481048479e-25
4.794235274001326e-23
-1.191311298522615e-24
-7.606771845885637e-11
2.220888373125068e-09
-2.16294164323736e-24
-1.95146724728714e-10
-3.275720123213869e-08
4.640848888733134e-25
3.087276205022447e-11
-3.09691763763275e-09
7.208880907435331e-22
1.026498868063794e-08
3.062883995581759e-07
7.185526933397314e-22
6.291362222363665e-08
2.133895980329862e-05
-3.056832441854365e-22
-3.63280276794162e-09
2.739340164184633e-07
4.357484083953562e-44
-6.213762988411645e-41
6.201122952568473e-39
3.398037059034526e-32
-4.932530943206062e-24
1.967990834684576e-22
-5.719100100643091e-37
2.510780147684035e-22
6.348416051072792e-25
-9.9273490407084e-31
-1.236197357829686e-22
-1.841602569609408e-24
-8.188959661382596e-18
-9.028178597749391e-09
9.588425999034878e-10
-1.32147476466869e-20
-1.453211815308101e-11
2.031426998110053e-12
1.731354977454651e-28
-1.401234591942256e-24
7.371872292849584e-23
1.073237821556546e-16
0.002135690075054307
5.386305823901514e-09
-5.802035229738725e-23
-8.888761182541462e-14
8.671382630913442e-12
-1.635721099018037e-31
-2.380012695960604e-22
-1.422750884791081e-24
-9.61095213843353e-18
-2.312823975180454e-08
2.181688939314399e-09
-1.550966896230945e-20
-3.73769949534729e-11
4.620786354213749e-12
4.546383400424882e-29
-1.410217944391556e-24
3.820111797066959e-23
9.955841738221387e-18
-0.0005514327609501621
-2.028056936449978e-08
1.511862456416125e-23
1.19151986725536e-13
-3.273764810878732e-11
3.649395459280025e-31
1.199161025886796e-22
1.26916074204619e-25
-2.149020106476422e-18
-5.171234064487378e-09
3.707687959102933e-10
-3.46789220404981e-21
-8.360937582151614e-12
7.851565875999276e-13
-2.810903093927003e-30
2.749761047516543e-24
-2.912112621050606e-23
8.356551369912372e-19
0.0001382119709684186
5.665527613089799e-08
-3.852057630969159e-24
3.041757878831809e-13
9.142333364966628e-11
-1.107592984915386e-33
-2.5599533471465e-23
-1.514391800982749e-25
2.103668699166951e-18
1.269887569870552e-08
-7.42538494037513e-11
3.39796165292671e-21
2.049105661512227e-11
-1.573117262742179e-13
2.594212979359999e-30
-1.239978065823374e-24
2.687177848165386e-23
-2.301387862245844e-19
-0.0001275020122027911
-5.226963269954697e-08
3.55352981946716e-24
4.083761638256924e-13
-8.434835120866093e-11
2.810903093924016e-30
-2.722252654052645e-24
2.912123818675903e-23
-8.356551662366039e-19
-0.0001382119709677097
-5.665528427467767e-08
3.852027988045858e-24
-3.041757882050533e-13
-9.142334679164021e-11
8.248966929626327e-34
2.394892141652247e-23
1.435456885777339e-25
-2.107616784907101e-18
-1.269898455750822e-08
7.49892299900591e-11
-3.397961662989187e-21
-2.049114613084864e-11
1.588386849990456e-13
-2.594212979358994e-30
1.224600578440841e-24
-2.68718402464782e-23
2.301387451974516e-19
0.0001275020122023948
5.226963725205809e-08
-3.553512245132711e-24
-4.08376163746636e-13
8.434835855524733e-11
1.50266477586613e-33
1.978462448863559e-23
4.813960421841312e-25
1.801989790635683e-20
9.67112017674752e-06
9.60602816085733e-09
-2.717816700281355e-25
8.261284396133534e-12
1.553343871040684e-11
7.865370055251785e-34
1.222881223549031e-23
1.004760447003104e-25
-1.39589004861959e-20
1.140987845443313e-06
1.212270017955358e-09
-3.283359372161019e-26
1.31846663330115e-11
2.003515917139727e-12
-6.662627286250215e-34
-8.002448464727693e-24
-3.867048193140081e-25
-8.058987453086367e-21
-8.69017321092028e-06
-8.557911384926977e-09
2.428328235739375e-25
3.225982973328359e-11
-1.378936858652477e-11
-1.320774475724709e-33
-1.674561378121283e-23
3.111913557898715e-25
1.441512833651236e-20
9.661517473941023e-06
9.467415121850412e-09
-2.737557780238277e-25
-7.232252370246863e-12
1.523981316021284e-11
9.307470660752329e-34
1.480105726382017e-23
2.470368091967309e-26
1.116670874258995e-20
-1.123031068347052e-06
-1.032112371141712e-09
3.093190689031209e-26
1.578794299732832e-11
-1.621949543442318e-12
5.964177580249122e-34
7.284440346078031e-24
-3.164863485673242e-25
-6.445611884084458e-21
-8.729872387853023e-06
-8.632337249570523e-09
2.48667557447847e-25
-3.179717616697375e-11
-1.394695788798735e-11
-1.199447295035615e-33
-1.827790754877756e-23
-4.738076895142457e-25
-1.441580483961653e-20
-9.6711200773721e-06
-9.60669947754104e-09
2.717903371829613e-25
-8.26120267976709e-12
-1.553483262663608e-11
-1.021408256018043e-33
-1.340083666367172e-23
-1.063741288392552e-25
1.116718228150731e-20
-1.140987922548117e-06
-1.211748548171258e-09
3.282680470050888e-26
-1.318472963022974e-11
-2.002433794886277e-12
5.306597497236421e-34
7.311177882512369e-24
3.832402475848435e-25
6.447188008810846e-21
8.690173166031137e-06
8.558216766037426e-09
-2.42836749775985e-25
-3.225986627793458e-11
1.379000027652712e-11
1.017556994927613e-33
1.52388968186771e-23
-3.1877970845976e-25
-1.80192214032774e-20
-9.66151757331368e-06
-9.46674380516671e-09
2.737471107894305e-25
7.232170653891359e-12
-1.523841924398359e-11
-1.165618317232248e-33
-1.596303751894354e-23
-3.056087711218688e-26
-1.395842693225466e-20
1.123030991502275e-06
1.032630867238084e-09
-3.093866646127655e-26
-1.578800629455989e-11
1.623026866925789e-12
-4.60814776773373e-34
-6.627964204140055e-24
3.198092802951797e-25
8.057411277922268e-21
8.729872431846778e-06
8.632042169616552e-09
-2.486637314752267e-25
3.17972127115591e-11
1.394634282141167e-11
2.474856955242171e-35
-1.739455922001652e-28
-1.134737469416483e-29
-7.847598769677414e-36
9.723887721871108e-22
2.443369770975946e-24
-2.299557344332816e-32
8.531821381108074e-24
-3.385012745888279e-22
1.200940920287896e-28
-1.625733207659809e-12
7.382758284676282e-15
-2.380433632758537e-19
-6.703252877593214e-10
1.707731708845054e-11
9.414584245078982e-17
2.283473722489689e-07
-4.12647026858944e-09
6.451462515480135e-19
-9.984562375400663e-15
9.694212833031855e-13
-2.27435658543875e-22
-4.101570829212012e-12
3.997583319730658e-10
-8.381838246477432e-17
-0.003699122727551942
-1.361735651470372e-07
1.012097540622518e-28
-1.679049474689911e-12
-7.399431875701192e-16
-2.462120187773374e-19
-1.730189548907719e-09
2.282178125195416e-11
9.723361345665614e-17
5.892701116555971e-07
-5.328248452317871e-09
-3.625953344913871e-19
3.359039753468923e-15
-1.089658876226297e-12
5.933691421684407e-23
4.381857927719667e-12
-1.155722023825176e-09
-7.199035941667204e-18
0.0009551085242230456
3.915602074602855e-07
2.829972327889201e-29
-3.754261008513808e-13
-8.254370576078441e-15
-5.50539974263993e-20
-3.868678801166622e-10
-3.654854342106379e-12
2.174200171271545e-17
1.317569444351411e-07
1.069233983020154e-09
2.603737362894897e-31
5.955349636765168e-15
2.462204834923681e-18
-1.509478439912327e-23
2.173938040676357e-11
7.530804469393481e-10
-2.040927257521031e-19
-0.000239395590016923
-2.363450011690552e-07
6.343068650887953e-31
-7.432158204645506e-16
9.225625404762672e-18
6.579432878329991e-22
9.476951866315938e-10
3.784449980248754e-12
2.497326693034314e-20
-3.227994580626715e-07
-9.907997072744627e-10
-4.567305346728298e-31
-2.624036430420444e-15
-1.081238764259499e-18
1.392325727068954e-23
5.809677539925904e-12
-6.947112896215349e-10
9.126280279229848e-20
0.0002208388407249672
2.180256913386442e-07
-2.604013950278599e-31
-5.955349636765117e-15
-2.462204834987025e-18
1.509476786211845e-23
-2.173938040823175e-11
-7.530804494842851e-10
2.040927257523579e-19
0.0002393955900169046
2.363450011690559e-07
-5.056192850696953e-31
-7.348306271074727e-16
9.225624858309129e-18
-6.579433178105215e-22
-9.476956347754486e-10
-3.731421229631536e-12
2.495517165104235e-20
3.227996809469178e-07
9.769273992391844e-10
4.571675602280796e-31
2.619769676735207e-15
1.081238764423688e-18
-1.392328297008665e-23
-5.809677539733911e-12
6.9471149367361e-10
-9.126280275722968e-20
-0.0002208388407242804
-2.180257599950853e-07
1.935065109578399e-33
-1.179906907628804e-26
3.557041901696176e-28
-1.174574520962145e-34
2.749314728378578e-21
8.549540720202351e-24
1.110886131205551e-33
1.248262768412855e-23
-5.658681563649588e-22
6.988271184440297e-20
-1.810936716126043e-10
1.283793187917508e-12
-3.00388272494763e-18
-2.112402904310891e-08
-4.856009097326584e-11
5.796059245648951e-16
3.597072170465536e-06
7.176523762037833e-09
8.126540319574484e-18
-1.110526267828124e-12
1.079872306002553e-10
-1.4199453307715e-19
-1.292540365912855e-10
1.259590868261983e-08
-3.962524559420337e-17
-0.005231334266324088
-2.144873476314273e-06
1.91655143719491e-33
2.897493640756312e-27
6.546163128396168e-27
-1.023947673742066e-34
2.749314587671586e-21
8.549544083058935e-24
1.119165657581949e-33
1.247605480629621e-23
-5.658709248597007e-22
-6.988270688623481e-20
9.918044888358447e-11
-1.681307107064279e-12
-3.003882724826738e-18
-2.112533503595458e-08
-4.85562065598364e-11
5.796684295635097e-16
3.596946825718154e-06
7.177849803073394e-09
8.126541031328331e-18
6.044251692078542e-13
-5.914396820864583e-11
1.406943998346346e-19
-1.292621275244462e-10
1.259668743870159e-08
-3.962524718208917e-17
-0.005231334267091048
-2.144798731568529e-06
-1.327281316349397e-20
-3.61832199035465e-10
2.128579141914916e-13
-3.933681326167866e-20
-5.454253397522117e-08
-1.29986994350105e-10
5.861935451312934e-21
9.287318166598913e-06
1.787299821072669e-08
1.672987185738478e-25
8.530993601365973e-13
-2.348175717941023e-10
1.701868107743645e-22
4.93637816990766e-11
-8.316602842166969e-09
3.621505736889009e-19
0.00135072282365699
1.333671581552467e-06
-2.967890020700189e-21
-8.09021167932811e-11
-1.731838972496791e-12
-8.794016954810793e-21
-1.219584464565524e-08
-9.208870787745191e-11
1.174420974678865e-21
2.076671805183758e-06
1.169673990164244e-08
1.327281298952857e-20
3.618322343480403e-10
-2.12857914197817e-13
-3.933681322606451e-20
-5.454314708348079e-08
-1.299872645391553e-10
-6.00962946526182e-21
9.286994532508658e-06
1.787318859551308e-08
-1.673304507898611e-25
-9.362977253231603e-13
2.348172833184598e-10
1.701870843926999e-22
4.936449112291572e-11
-8.317000728052705e-09
3.621507233405074e-19
0.001350722824457234
1.333461553475789e-06
2.967889981430292e-21
8.090202438272582e-11
1.731838972488444e-12
-8.794016944798929e-21
-1.219598173251126e-08
-9.20917219474275e-11
-1.480140542145437e-21
2.076599443832788e-06
1.169519089184029e-08
-1.343676516630432e-35
9.930308553023144e-25
-3.802332587865051e-22
-3.731541381570936e-35
-8.093572794154604e-22
-5.185411330160849e-24
6.01005009477884e-36
-1.050781360985317e-23
3.939618464606485e-22
-1.65856596302845e-19
3.937267274397155e-06
1.51509120146747e-08
-4.632392596786364e-19
3.59672169242147e-08
1.982853176578934e-10
7.426429805373191e-20
-4.081061409530446e-06
-1.570608611141187e-08
2.155020897059148e-22
-0.002380563483975975
-2.347714911941634e-06
1.273980300907932e-22
2.200840671409384e-10
-2.144646577032583e-08
-2.23161785322078e-22
0.002466063505706381
2.433456518035356e-06
1.19781746688172e-35
1.45900036935866e-24
-3.806870037707425e-22
-3.84437637473292e-35
-8.093669628837693e-22
-5.187588539439692e-24
-5.355856995534178e-36
-1.071633970399316e-23
3.941647883224174e-22
1.469223884659817e-19
3.946093173160358e-06
1.519420356402209e-08
-4.776661751154803e-19
3.579875709454076e-08
1.989927347293796e-10
-6.561471622981253e-20
-4.08500970872833e-06
-1.572544502058194e-08
2.190457679514796e-22
-0.002380563429970906
-2.352977602361401e-06
1.270010085832182e-22
2.190468620945149e-10
-2.134601264512085e-08
-2.247498520233773e-22
0.00246606348154733
2.435810802520152e-06
-1.198007252270148e-35
1.003434713799302e-24
-3.802288358272199e-22
-3.844376282584401e-35
-8.093653721856476e-22
-5.188856181795237e-24
5.358596878278505e-36
-1.051259264804029e-23
3.939598807273302e-22
-1.472315274487857e-19
3.937465453794282e-06
1.514990621473279e-08
-4.776661759572933e-19
3.581337633841125e-08
1.990667751943203e-10
6.593491413144219e-20
-4.081151202980217e-06
-1.570563436038038e-08
2.160097917568014e-22
-0.002380563482763016
-2.34783308736139e-06
1.27008305858269e-22
2.191425809152967e-10
-2.135472981915272e-08
-2.233920911587494e-22
0.002466063505157055
2.433510062329019e-06
1.343486680771514e-35
1.469401993848874e-24
-3.806825521396416e-22
-3.731541461328424e-35
-8.093589412103881e-22
-5.184158820084889e-24
-6.007309062565273e-36
-1.072086569790826e-23
3.941627852524137e-22
1.6554745732271e-19
3.946291352551228e-06
1.519319542901187e-08
-4.632392587937679e-19
3.595192607044641e-08
1.982142065625323e-10
-7.394410032572378e-20
-4.085097175640976e-06
-1.572499610726429e-08
2.195477057190383e-22
-0.002380563428758586
-2.353095777781654e-06
1.273933255621324e-22
2.199839510016012e-10
-2.143734811829407e-08
-2.249710672774665e-22
0.002466063481012021
2.435862959517338e-06
-6.524079946636745e-39
-5.788663930287566e-41
2.251040265895131e-39
9.011747465681458e-23
1.413685988372196e-24
-9.275834886601208e-23
2.915767485258289e-25
-4.734124873390299e-23
-2.992330902386167e-25
1.161634841869756e-24
-4.678980609659448e-23
-1.035692162841381e-25
-1.781378042986471e-09
2.483735788755466e-08
-3.027432072116483e-10
-3.772915332447265e-12
4.009284900947114e-11
-6.410965470177856e-13
-1.158699621221995e-22
-5.907078351942653e-25
5.837755556780049e-23
-1.126610055893791e-08
-0.0004027095079689232
-2.518776795359636e-09
-1.820955024723451e-11
1.74968458165471e-13
-4.072888825583943e-12
-6.530194119132748e-39
-5.78448829318525e-41
2.253774621026235e-39
9.011746600395779e-23
1.413686021039856e-24
-9.275834499633703e-23
2.915767403575096e-25
-4.734124873390353e-23
-2.992330865856193e-25
1.161908801241018e-24
-4.678980702592773e-23
-1.036917347179758e-25
-1.781376393549042e-09
2.483735787967104e-08
-3.027439448649572e-10
-3.772912274274914e-12
4.009284899674929e-11
-6.410979146752501e-13
-1.159011209999315e-22
-5.905411635833878e-25
5.83914902857869e-23
-1.126613367611765e-08
-0.0004027095079688199
-2.518761984906018e-09
-1.820957681214694e-11
1.749684581541772e-13
-4.072876945105476e-12
-5.506681651034101e-26
-9.021932364168116e-24
-3.093609140889866e-25
-3.977277411675551e-09
6.415919585926482e-08
-6.424063754934288e-10
-8.424126843470677e-12
1.035365781113677e-10
-1.360625365090074e-12
-6.006420272712901e-24
4.771225053526454e-25
-4.351865574699926e-23
4.277458168587422e-08
0.0001039791392294367
9.564557044040617e-09
6.902808367972996e-11
-6.337327843125688e-14
1.543538616986497e-11
-3.093143689616635e-25
-6.52746558189784e-23
-6.226021119725946e-25
-6.423947889776861e-10
1.434628404685264e-08
-8.842517278039905e-11
-1.360607264327917e-12
2.315193200921679e-11
-1.872790385661567e-13
-5.499538682448588e-26
-9.021932479795576e-24
-3.093928585226229e-25
-3.977273561333702e-09
6.415919585154417e-08
-6.424080974238225e-10
-8.424118947305123e-12
1.035365780989087e-10
-1.360628896361943e-12
-6.020660643201494e-24
4.771590277856714e-25
-4.351228722315766e-23
4.277457492616911e-08
0.0001039791392294447
9.564560067072673e-09
6.902807822536737e-11
-6.337327843690376e-14
1.543538860905595e-11
-3.094497450269102e-25
-6.527465552228557e-23
-6.225415697893867e-25
-6.423939683120246e-10
1.434628404512615e-08
-8.842553979466248e-11
-1.360605498691285e-12
2.315193200643066e-11
-1.872798281835589e-13
-2.326989441710046e-27
6.695510756591132e-25
-2.083336191279905e-24
-1.194449160956984e-07
-2.606212695564852e-05
-2.671206879697954e-08
-1.927455359680188e-10
-1.387021508289012e-12
-4.310633807244733e-11
3.638444131755212e-28
-6.768099351368015e-25
-7.018390639443141e-27
-1.840720128074559e-10
-3.514180739181443e-08
-1.764188420153585e-10
-3.898315573773339e-13
-5.670815176896446e-11
-3.736623394157722e-13
1.441006162226324e-27
-3.440453823324094e-25
1.923792961080472e-24
1.101965667638266e-07
2.404192117573096e-05
2.464012909902193e-08
1.778249529338439e-10
-2.651072677067134e-13
3.976179722984127e-11
2.327001111978872e-27
-6.695511215195127e-25
2.083336186060805e-24
1.194449160943571e-07
2.606212695565234e-05
2.671206879757953e-08
1.927455359680187e-10
1.387021508344775e-12
4.310633807244778e-11
5.43064444533591e-27
9.891144362937781e-25
1.068298739215518e-26
1.825205037042669e-10
3.514179066185632e-08
1.760718479209753e-10
3.866124457350963e-13
5.67081385869062e-11
3.729425241698264e-13
-1.412380445307463e-27
3.464176424531694e-25
-1.923770885394829e-24
-1.101965744412555e-07
-2.404192117577962e-05
-2.464013081614965e-08
-1.778249653242148e-10
2.651072676961254e-13
-3.976180000041252e-11
-5.44912460074702e-28
6.695500492792039e-25
-2.084133162052955e-24
-1.194449174735951e-07
-2.60621269556482e-05
-2.671206818076546e-08
-1.927455374780252e-10
-1.387021508280542e-12
-4.310633739713339e-11
3.632151553908584e-28
-6.768099356020942e-25
-7.018109227826738e-27
-1.840741184169117e-10
-3.514180739104774e-08
-1.764179003574484e-10
-3.898358822854835e-13
-5.670815176772367e-11
-3.736604052580481e-13
-2.04870161031178e-28
-3.440444350712753e-25
1.924529020934207e-24
1.101965671467012e-07
2.404192117573087e-05
2.464012892779525e-08
1.778249528924032e-10
-2.651072677144778e-13
3.976179724835704e-11
5.449007898210787e-28
-6.695500951396035e-25
2.084133167272053e-24
1.194449174749364e-07
2.606212695565203e-05
2.671206818016576e-08
1.927455374780252e-10
1.387021508342658e-12
4.310633739713386e-11
5.431826359805931e-27
9.891144365341326e-25
1.068245882495839e-26
1.825226093137227e-10
3.514179066108528e-08
1.760709062630651e-10
3.866167706432464e-13
5.670813858566544e-11
3.729405900121024e-13
2.33503848299007e-28
3.464166951920352e-25
-1.924506948813012e-24
-1.101965748253299e-07
-2.404192117577952e-05
-2.464013064438646e-08
-1.77824965282774e-10
2.651072677017723e-13
-3.976180001892831e-11
-1.419065582902121e-29
1.445467096423995e-28
-2.09712456611602e-30
1.16234921612382e-24
-1.832856652738384e-22
-1.150859484881514e-24
-1.611267810052704e-22
-2.445644587292125e-24
1.594471968738723e-22
6.056679010829777e-16
1.334571268921963e-12
6.738991483422445e-15
-1.863399276282923e-11
1.415485508330082e-09
2.984229844246525e-12
4.350516418111042e-09
-4.795670761229729e-07
-8.730466494815687e-10
-8.172606229297668e-13
5.255152133724499e-15
-1.828710261081455e-13
-8.424524901543647e-10
6.233988791897122e-12
-1.883554431840114e-10
2.869157977989837e-07
0.0006975118620117087
6.41483667451685e-08
-1.419022701791211e-29
1.445467337385514e-28
-2.09731633626931e-30
1.162349183815005e-24
-1.83285665273845e-22
-1.150859470432518e-24
-1.611267660569965e-22
-2.445644605628577e-24
1.594471901888051e-22
6.026542643705362e-16
1.334571268922118e-12
6.740339222735834e-15
-1.863387903194715e-11
1.415485508138445e-09
2.984178982245879e-12
4.350478835377473e-09
-4.795670760473426e-07
-8.730298419187989e-10
-8.176985626169365e-13
5.255670402353479e-15
-1.826751735254655e-13
-8.424525924601467e-10
6.233988792077822e-12
-1.883553974303632e-10
2.869158547478654e-07
0.0006975118620116414
6.414834127685552e-08
1.003395112376421e-18
-5.25508140472837e-19
-4.487316610126024e-19
-3.262841685452628e-12
3.654854698020721e-09
1.773442068069237e-11
4.411888205325217e-14
-1.238295253887711e-06
-4.766256374839581e-09
-3.072946738750203e-16
2.303844754872913e-15
1.440244222664907e-16
2.436517900316553e-09
-2.236392963133393e-12
5.448145476314292e-10
-8.25516152711948e-07
-0.0001800966266008905
-1.845885515004976e-07
-1.551980916651259e-18
6.991731987303198e-18
6.940684139815575e-19
1.773422623964206e-11
8.172424321778989e-10
8.094147040715307e-12
-4.766189415172077e-09
-2.768883760013634e-07
-2.131514158385676e-09
-1.003395304412418e-18
-5.255081404909954e-19
4.487322981339576e-19
-3.262548033583654e-12
3.654854697929502e-09
1.773428935558889e-11
-5.219209956923883e-14
-1.238295253852207e-06
-4.766213303225976e-09
3.080498547895276e-16
2.303712353776158e-15
-1.311660168687864e-16
2.436517878393798e-09
-2.236392963133393e-12
5.448145574352975e-10
-8.255161404482372e-07
-0.0001800966266008931
-1.845885569849962e-07
1.551981553657698e-18
6.991731987295985e-18
-6.940658023401746e-19
1.773429190219745e-11
8.172424321575013e-10
8.094117675525556e-12
-4.766210868229749e-09
-2.768883759934243e-07
-2.131504564278733e-09
6.687462191055298e-27
1.51120523105545e-26
1.649527046345701e-27
-1.107986798270992e-24
-5.766146196115582e-22
-4.685229971149995e-24
-1.277170836765742e-26
-3.879832934902237e-24
3.152698852658043e-22
-1.73739191829308e-13
2.875968112268993e-10
1.414028583307982e-12
1.061320021218502e-10
1.018586664353309e-08
7.519098746403645e-11
-1.459293171055149e-08
-1.633426168274288e-06
-9.550486003261648e-09
-1.761595244902474e-10
1.248460904814106e-12
-3.93889592802037e-11
-2.655471776521486e-08
5.064801750343713e-11
-5.937604722959748e-09
4.521648664800683e-06
0.0009864267664560812
1.011042310376196e-06
-6.684963256289388e-27
-1.511959586114596e-26
-1.650653976060414e-27
-1.107991980235017e-24
-5.766145668488014e-22
-4.685230736900232e-24
-6.79143153857848e-27
-3.866312733157585e-24
3.1527136114064e-22
1.736902609433005e-13
-2.875966151021978e-10
-1.414006700741422e-12
1.061322238783478e-10
1.018635395841228e-08
7.519344792843734e-11
-1.459308708481187e-08
-1.633168932748168e-06
-9.549221262588387e-09
1.761733156830777e-10
-1.287633450866991e-12
3.938275397939325e-11
-2.65550160276204e-08
5.064956485238316e-11
-5.937671569964507e-09
4.521491096026157e-06
0.0009864267675902599
1.011007082429774e-06
6.684954183924303e-27
1.511205301670165e-26
1.650648661232216e-27
-1.107987012764372e-24
-5.766146196116025e-22
-4.685229875225487e-24
-1.273521688421136e-26
-3.879832934496382e-24
3.152698689463333e-22
-1.738312058641029e-13
2.875968112470184e-10
1.414069733235627e-12
1.061356170008515e-10
1.018586664241936e-08
7.518937084102419e-11
-1.459350574792151e-08
-1.633426168062643e-06
-9.550229285744273e-09
-1.761733150420332e-10
1.248463872205887e-12
-3.93827919579569e-11
-2.655471777847308e-08
5.064801745175683e-11
-5.937604717027355e-09
4.521648732841002e-06
0.0009864267664560667
1.011042279947644e-06
-6.687453118738088e-27
-1.511959516088292e-26
-1.649540475722363e-27
-1.107992194199198e-24
-5.766145668488401e-22
-4.685230641212388e-24
-6.754948187205518e-27
-3.866312732749098e-24
3.152713448248058e-22
1.738801367604417e-13
-2.875966151223168e-10
-1.414091615788547e-12
1.061358364612254e-10
1.018635395729854e-08
7.519183233228286e-11
-1.459366124824687e-08
-1.633168932536505e-06
-9.548964488693042e-09
1.761595238482981e-10
-1.287630483472596e-12
3.938892187541487e-11
-2.655501652061752e-08
5.064956490496696e-11
-5.937671349486359e-09
4.521491164066357e-06
0.0009864267675902454
1.011007052001274e-06
1.243632451774048e-40
-7.165631910418605e-40
-5.647635148252038e-41
-1.015248736419951e-25
2.835746256954489e-24
1.054655373531507e-25
1.186058711077447e-23
8.705950139745699e-27
-1.094151093958192e-23
3.567588051101301e-23
1.226793372548059e-25
-3.291544720297733e-23
-6.939493804013294e-08
6.075351024416498e-11
6.402012816267153e-08
-1.119841155283593e-10
1.286935132044235e-13
1.033117735351907e-10
1.039150318031308e-24
-1.234128336783179e-23
-5.277438566144227e-25
0.0001009355143621961
6.184278997526216e-09
-9.311421671128329e-05
-2.819290823452349e-13
9.979798717138812e-12
4.837491158201e-13
-1.189201086805949e-40
6.425726491927789e-40
5.393479391180679e-41
1.0153152740255e-25
-2.835803272449916e-24
-1.054685692203993e-25
-1.186058710405557e-23
-8.706085850458544e-27
1.094151093648184e-23
-3.567611007527385e-23
-1.182362696615594e-25
3.291555423592844e-23
6.939493982068364e-08
-6.115288223305657e-11
-6.402012928869602e-08
1.119841181253504e-10
-1.295230024027987e-13
-1.033117752287229e-10
-1.011039420992523e-24
1.178836073731097e-23
5.144925949987619e-25
-0.0001009355143385426
-6.184333370032268e-09
9.311421670067866e-05
2.819478664923332e-13
-9.9798436857206e-12
-4.837575162637076e-13
1.20009112988904e-40
-7.131922353968508e-40
-5.45247781463688e-41
-1.015310166193192e-25
2.835751013758936e-24
1.054682875138272e-25
1.186058710499904e-23
8.705954613412953e-27
-1.094151093699909e-23
3.567606943263792e-23
1.225330131525406e-25
-3.291553181873509e-23
-6.939493686540896e-08
6.075260069094942e-11
6.402012763664719e-08
-1.119841133562944e-10
1.286918313504733e-13
1.033117725627393e-10
1.016991913662148e-24
-1.232412766329921e-23
-5.178201165359719e-25
0.0001009355143387007
6.184297191973755e-09
-9.311421670076702e-05
-2.819478664895098e-13
9.9798132672877e-12
4.837575163201764e-13
-1.232126092441909e-40
6.392459515820292e-40
5.585019138251605e-41
1.01525433449561e-25
-2.835807994330914e-24
-1.054658468603385e-25
-1.186058710983189e-23
-8.706090324735428e-27
1.094151093906514e-23
-3.567592243595091e-23
-1.180909111081875e-25
3.291547044854194e-23
6.939494098349632e-08
-6.115198113733919e-11
-6.402012980806175e-08
1.119841202781936e-10
-1.295213341968823e-13
-1.033117761904289e-10
-1.032945987302879e-24
1.177138384877806e-23
5.242755591765628e-25
-0.000100935514361882
-6.184351453638976e-09
9.311421671110784e-05
2.819290823339411e-13
-9.979858235945248e-12
-4.837491158201001e-13
-9.937284680667762e-28
-5.748566140918532e-28
4.252451811181581e-28
-1.791822341321585e-07
-1.838042583648922e-10
1.653026570589056e-07
-2.891491350741761e-10
-3.892798082653135e-13
2.667536248812255e-10
4.222133609632032e-25
-4.931614313504075e-25
-2.633124345092365e-25
-2.606171674176045e-05
-2.342870596215397e-08
2.404194789769711e-05
-5.181538771093179e-13
-3.780716349214174e-11
-2.08509516785389e-13
-3.128737042790899e-24
-7.701905936781365e-27
2.887603948255951e-24
-4.006843850168184e-08
-1.763666232543965e-10
3.696225393723557e-08
-6.466020303623919e-11
-3.735509855681963e-13
5.964697046948448e-11
9.572605211682708e-28
4.466282330200725e-27
-3.961205630788489e-28
1.791822314062642e-07
1.827720583388208e-10
-1.653026592454249e-07
2.891491294907435e-10
3.871380619478017e-13
-2.667536278799721e-10
-4.121439460739698e-25
6.241566762813698e-25
2.594795823545613e-25
2.606171674654211e-05
2.342869504031355e-08
-2.404194789985564e-05
5.181577339460824e-13
3.780715499807562e-11
2.085077919425524e-13
3.128835908088049e-24
1.006826104914456e-26
-2.887638618547596e-24
4.006843792064766e-08
1.761357499905852e-10
-3.696225443889926e-08
6.466020178774574e-11
3.730720765326241e-13
-5.964697114002477e-11
-9.572683427367807e-28
-6.031368429641873e-28
4.088483730368511e-28
-1.791822314062644e-07
-1.838063718087458e-10
1.653026558329677e-07
-2.891491294907438e-10
-3.892841363770625e-13
2.667536223731406e-10
4.121439213121053e-25
-4.853523534237299e-25
-2.58776686958798e-25
-2.606171674654028e-05
-2.3428702257656e-08
2.404194789984182e-05
-5.181577339347886e-13
-3.780716050465044e-11
-2.085077919566696e-13
-3.128835909837008e-24
-7.625249837784743e-27
2.887648429953501e-24
-4.00684379206477e-08
-1.763670737632112e-10
3.696225367585058e-08
-6.466020178774571e-11
-3.735519533634307e-13
5.964696990865966e-11
9.937362896371374e-28
4.494497739522959e-27
-4.123418004103321e-28
1.791822341321586e-07
1.827741678121831e-10
-1.653026604576092e-07
2.891491350741763e-10
3.871423836522034e-13
-2.667536303658621e-10
-4.222133851910028e-25
6.163663801005285e-25
2.63950266882739e-25
2.60617167417623e-05
2.3428691339926e-08
-2.404194789772522e-05
5.181538771015534e-13
3.78071520106043e-11
2.085095167917417e-13
3.128737044539856e-24
9.99175632937775e-27
-2.887594672193286e-24
4.006843850168185e-08
1.761361996116422e-10
-3.696225469720875e-08
6.466020303623918e-11
3.730730428953584e-13
-5.964697169588639e-11
1.113736346332696e-31
5.566640486315394e-33
-4.984551903859107e-32
5.109759857255696e-23
1.233825272054193e-25
-4.713685462192461e-23
1.463861245512171e-25
-1.48476368908395e-23
-3.16732537165392e-25
3.197193113835514e-19
-6.32531304593982e-18
-1.429450468181148e-19
-9.223708907619967e-10
-3.082768666482948e-12
8.508908275913374e-10
2.894706428596416e-07
8.070994111451178e-10
-2.670373491648117e-07
2.270914314872803e-15
-4.807161143188259e-16
-1.01650705047857e-15
3.920785445024461e-12
4.61427427429056e-10
4.778227226649899e-12
-0.0001748267645513873
-1.571668899425821e-07
0.0001612777854873492
-1.116986716312925e-31
5.511335824321307e-33
4.994005030551146e-32
-5.109759854979383e-23
-1.233866468252229e-25
4.713685459722204e-23
-1.463966945495307e-25
1.484836383670893e-23
3.167410090956384e-25
1.363115924804325e-18
-5.021794030919746e-18
-6.096417504869491e-19
9.223708112637834e-10
3.053965813687524e-12
-8.508908655048581e-10
-2.894706162881811e-07
-7.995688249779377e-10
2.67037362128846e-07
-1.961244191616833e-15
-2.390254846367866e-16
8.766334739837242e-16
-3.920713104367596e-12
-4.614276761375801e-10
-4.778259578113349e-12
0.0001748267645111183
1.571670094256162e-07
-0.0001612777854690903
1.116938580579815e-31
5.31823995000221e-33
-4.996413004682485e-32
5.109759854998131e-23
1.233825446910804e-25
-4.713685461183426e-23
1.46396694393778e-25
-1.484764508313896e-23
-3.167372803711398e-25
-1.363115924767007e-18
-5.021794477050572e-18
6.096417503304278e-19
-9.223708103402599e-10
-3.082831009414618e-12
8.50890791456936e-10
2.894706162881812e-07
8.071200126593794e-10
-2.670373372142905e-07
1.961244191617528e-15
-2.407134074426243e-16
-8.775567321543055e-16
3.920713104288539e-12
4.614274834640331e-10
4.778259578305344e-12
-0.0001748267645111184
-1.571669211520818e-07
0.0001612777854692803
-1.113688210599632e-31
5.766480440086141e-33
4.976793938475791e-32
-5.109759857237022e-23
-1.233866643141617e-25
4.713685460732438e-23
-1.463861243955642e-25
1.484837201939617e-23
3.167362982133817e-25
-3.197193113432846e-19
-6.325312599788976e-18
1.429450466878915e-19
9.223708916817991e-10
3.054028056694512e-12
-8.508909013001788e-10
-2.894706428596418e-07
-7.995893875989632e-10
2.670373739446366e-07
-2.270914314873059e-15
-4.787616698355889e-16
1.014660534139661e-15
-3.920785445047049e-12
-4.61427732172852e-10
-4.778227226887068e-12
0.0001748267645513874
1.571670406004929e-07
-0.0001612777854870395
5.887883345580903e-40
2.951910164067346e-40
-2.379535631412273e-40
-1.902459978682025e-25
8.952786284703943e-25
1.160784456062178e-24
9.456014744025682e-25
1.141139428173692e-25
-8.478373447915579e-25
-5.478980577913555e-25
-1.032297552558124e-25
4.570772431532339e-25
-1.174145883240663e-08
-1.44521636647299e-09
1.049970628712097e-08
-1.897456097209167e-11
-2.370242156486509e-12
1.692737382482342e-11
9.293380014884657e-24
6.23558926590725e-24
-3.78970272971832e-24
7.061490599474036e-06
8.313210786116698e-07
-6.35125212266641e-06
3.875792778213255e-12
6.625483425535186e-12
1.573085919699799e-11
-4.385250697982824e-40
4.195189500761811e-40
1.940632664412328e-40
1.788669978963798e-25
9.26895973711197e-25
-1.118834085785168e-24
9.463809011290159e-25
-1.074586477785678e-25
-8.569208115515508e-25
-4.1073818718087e-25
-4.263637560388678e-28
4.006343905998671e-25
-1.162808921966753e-08
1.298255654241814e-09
1.056036021028061e-08
-1.873442108256525e-11
2.058982024945716e-12
1.705582214122983e-11
-8.278957492386805e-24
7.094582117694203e-24
3.547316411908916e-24
7.056814172384263e-06
-8.225760050277231e-07
-6.370584538016792e-06
-3.669953062242577e-12
7.485573608270899e-12
-1.546514675981967e-11
-5.182108922140007e-40
-3.500673929174402e-40
2.056609465490954e-40
1.903023569605307e-25
-8.953223855554812e-25
-1.160810015088451e-24
-9.456013457744997e-25
-1.141140426243759e-25
8.478372866711808e-25
5.435203732231152e-25
1.066283010805424e-25
-4.550929293383953e-25
1.174182259811675e-08
1.444934061411388e-09
-1.049987083170671e-08
1.897531666581036e-11
2.369655931452447e-12
-1.692771478538644e-11
-8.773146737935e-24
-6.639678764263523e-24
3.553116178019343e-24
-7.061490533331041e-06
-8.313211299034055e-07
6.351252092887657e-06
-3.875738445324382e-12
-6.625525511596362e-12
-1.573088349561509e-11
3.740616666627604e-40
-4.692506570122516e-40
-1.659214242617711e-40
-1.789147041720416e-25
-9.269328328892055e-25
1.118855098053756e-24
-9.46381021664446e-25
1.074585545844992e-25
8.569208648599072e-25
4.148688895222028e-25
3.618522959964213e-27
-4.024560303279354e-25
1.162772380526833e-08
-1.298538159412476e-09
-1.056019865899589e-08
1.873366233067528e-11
-2.059568880926585e-12
-1.705548583328401e-11
7.789882676909791e-24
-7.472317357790402e-24
-3.33235305538062e-24
-7.056814205410306e-06
8.225759794749755e-07
6.370584552686277e-06
3.669925294156286e-12
-7.485595117354091e-12
1.546515917808077e-11
5.826746443191195e-40
2.999383212273728e-40
-2.351804065538105e-40
-1.902546506068173e-25
8.952853399260933e-25
1.160788356689588e-24
9.456014663099182e-25
1.141139490857791e-25
-8.478373411729477e-25
-5.476510857121643e-25
-1.034213120139154e-25
4.569659730269246e-25
-1.174145718371909e-08
-1.445217645696742e-09
1.04997055422634e-08
-1.897455791392003e-11
-2.370244528845684e-12
1.692737244500942e-11
9.262221589347298e-24
6.25977005365409e-24
-3.77560880448548e-24
7.061490566356945e-06
8.313211042927088e-07
-6.351252107757207e-06
3.875766213413144e-12
6.625504002508316e-12
1.573087107732223e-11
-4.385254190756116e-40
4.19519220563566e-40
1.940634240857563e-40
1.788669978183269e-25
9.268959737713085e-25
-1.118834085750346e-24
9.463809011290385e-25
-1.074586477785733e-25
-8.569208115515308e-25
-4.107381881603217e-25
-4.263802317233597e-28
4.006343909830939e-25
-1.162808921966614e-08
1.298255654240598e-09
1.056036021027963e-08
-1.873442108256583e-11
2.058982024945985e-12
1.70558221412296e-11
-8.278957527911279e-24
7.094582145848411e-24
3.547316427795926e-24
7.056814172384486e-06
-8.22576005027795e-07
-6.370584538016656e-06
-3.669953062248225e-12
7.485573608254819e-12
-1.546514675984543e-11
-5.182105598631719e-40
-3.500671363822722e-40
2.056607993748314e-40
1.903023570388732e-25
-8.953223854947001e-25
-1.160810015123271e-24
-9.45601345774487e-25
-1.141140426243489e-25
8.478372866711562e-25
5.435203740910391e-25
1.066282845109209e-25
-4.550929297813155e-25
1.174182259811844e-08
1.444934061412471e-09
-1.049987083170723e-08
1.897531666581025e-11
2.369655931451982e-12
-1.6927714785386e-11
-8.773146776610316e-24
-6.63967879358413e-24
3.553116195315524e-24
-7.061490533330999e-06
-8.313211299032472e-07
6.351252092887495e-06
-3.87573844532297e-12
-6.625525511588729e-12
-1.573088349561527e-11
3.679472954110454e-40
-4.739749297661417e-40
-1.632259211717057e-40
-1.789233570670373e-25
-9.269395263226777e-25
1.118858936739625e-24
-9.463810297571242e-25
1.074585483157761e-25
8.569208684796154e-25
4.151158820083688e-25
3.809589934403836e-27
-4.025656676777681e-25
1.162772545395606e-08
-1.298536884538057e-09
-1.05601993887866e-08
1.873366538884721e-11
-2.059566515586128e-12
-1.705548718878391e-11
7.758724253700731e-24
-7.496406188871291e-24
-3.318577684671677e-24
-7.056814238527503e-06
8.225759538508913e-07
6.370584567397972e-06
3.669898729357587e-12
-7.485615694319147e-12
1.546517105838401e-11
