# Created from matlab git hash 15d6ecd77b971f955de2852a201e878a95b43822
# name: foo
# type: matrix
# rows: 2808
# columns: 1
0
-8.069380874632104e-39
-8.141625069135378e-41
-8.170749851097642e-39
-2.557140697794517e-22
-4.528089415495357e-24
5.651392829636367e-38
-1.237264623206231e-24
1.458571488045423e-22
4.255706097472908e-38
4.029999355532542e-24
-1.279394286200005e-23
-1.547608669735465e-21
-1.857591874244373e-09
-4.608284483617655e-10
-7.520050035088591e-24
-6.507090158224267e-12
-9.687039906946967e-13
1.73648393745895e-40
-9.572266830247591e-23
-9.253902814520934e-25
-7.717002447903392e-23
-7.335985963387058e-09
0.0008271420726049558
1.168013881262955e-21
-1.735457366897087e-11
-4.996518418013257e-12
-3.332244858479348e-38
2.802928307632865e-24
-8.529439163918791e-23
8.287836657899222e-22
-4.236717601599763e-09
-9.732030654114698e-10
3.944445153078539e-24
-1.481124625456879e-11
-2.237694058587436e-12
-1.25984808901725e-39
-3.303660668797737e-23
-1.819774416291709e-25
1.785081212357008e-23
2.626653718949035e-08
-0.0002135678567514659
-3.015818279901126e-22
6.368051349916849e-11
1.496710512812982e-13
5.635309998866702e-38
-3.414927219460846e-25
-7.402329283189621e-24
-8.934757311295659e-22
-7.204298508518887e-10
-2.17087961667359e-10
-4.34161992255604e-24
-2.515714293868409e-12
-5.01007199788373e-13
6.50647140120907e-40
3.338424021067967e-23
1.861025239452954e-24
-2.205977916780231e-24
-7.358771591312003e-08
5.352882973238579e-05
7.558650404276813e-23
-1.780791531308484e-10
-3.576606781847309e-13
-4.160368690803486e-39
2.768012393646487e-25
1.313963988176221e-25
4.504828529626619e-23
1.36344392306634e-10
4.648335204423562e-10
2.551996011908671e-25
4.758077480050084e-13
1.127570795977048e-12
3.848815993537444e-42
-3.083282113653497e-23
-1.211763639336451e-24
5.19766938672684e-26
6.789238124701171e-08
-4.938102113529816e-05
-6.973906934412531e-23
1.643067530850429e-10
3.968742126598171e-13
-5.486798889178312e-40
-3.338592172708592e-23
-1.852080666755525e-24
2.205991638648182e-24
7.35878387497337e-08
-5.352882972273008e-05
-7.558650399892591e-23
1.780796358124031e-10
3.576809457928635e-13
2.872266884031143e-39
-2.431572798122428e-25
-3.029424914302257e-25
-4.504823267408092e-23
-1.386908018848161e-10
-4.650778179159403e-10
-2.552002842494198e-25
-4.850294930327798e-13
-1.128032940120498e-12
-5.90000908480379e-41
3.083362861985952e-23
1.207363268443218e-24
-5.197846476605208e-26
-6.789244165588699e-08
4.938102113054814e-05
6.973906932389647e-23
-1.643069905218061e-10
-3.968841831086385e-13
3.054419907560506e-39
6.454666763615601e-26
-1.033760649834005e-24
-1.885560968381666e-23
-1.250350421399631e-08
3.743808321492912e-06
3.518933419567341e-24
-3.036639048545947e-11
4.106420729459889e-13
1.303389265508179e-39
-4.664548722921984e-26
-4.904682006573628e-24
-9.777825242422003e-24
-1.644503323159363e-09
4.389551992251352e-07
3.785056788252785e-25
-4.191946001153164e-12
6.69918586531003e-13
-1.138070986412866e-39
-1.521765833353375e-25
-1.26328262776472e-24
1.416364544685203e-23
1.107550703405012e-08
-3.372645520010998e-06
-3.175292527153112e-24
2.670071120765409e-11
1.852044046922485e-12
-3.09507681122646e-39
3.974831793587848e-25
4.479935661373341e-24
2.193224897840856e-23
-1.223078144888284e-08
3.743453956344985e-06
3.712780804981508e-24
-2.941457513045322e-11
-4.436464627889755e-13
1.781732695133795e-39
-1.656969611793055e-25
-3.062572594878849e-24
-9.834210455044487e-24
1.281911929780051e-09
-4.382928922424468e-07
-4.667523331436526e-25
2.923076156851981e-12
9.275902955902562e-13
1.45956639176429e-39
-2.964708006978473e-25
-1.971622578195949e-25
-1.615879341892813e-23
1.124328893324512e-08
-3.374111987027486e-06
-3.336884292577423e-24
2.728798595026235e-11
-1.688354248945069e-12
-1.827726871136613e-39
-9.728350210949e-26
1.19537142385542e-24
1.885588619302801e-23
1.250571655679254e-08
-3.743808093049213e-06
-3.518932545251899e-24
3.03750807572864e-11
-4.102087971938834e-13
-2.252108598020205e-39
7.199671988906375e-26
4.779824103280008e-24
9.777611402571753e-24
1.64279411883656e-09
-4.389553758255879e-07
-3.785063546974207e-25
4.185232099424262e-12
-6.7025346305813e-13
5.762020953084297e-40
1.67075417690722e-25
1.19040641642325e-24
-1.416377039812089e-23
-1.107650468185694e-08
3.372645417208352e-06
3.17529213262951e-24
-2.670462991220074e-11
-1.852239150999101e-12
1.971539243626353e-39
-3.663615515617165e-25
-4.6314261892052e-24
-2.1932510708002e-23
1.222870810045978e-08
-3.743454173864475e-06
-3.712781630886185e-24
2.940643097897423e-11
4.432361173929516e-13
-2.653293797528857e-39
1.898088396963095e-25
2.944899307395089e-24
9.834007348609169e-24
-1.283522462313871e-09
4.382927233981699e-07
4.667516920319773e-25
-2.929402338001305e-12
-9.279088912176284e-13
-9.689885607317272e-40
2.827958715929942e-25
2.643824841270018e-25
1.615890927573274e-23
-1.124236895335214e-08
3.374112083723626e-06
3.336884658694423e-24
-2.728437247630329e-11
1.688536534939505e-12
8.327311864177972e-40
-6.195250466515312e-26
3.764244181276124e-24
-4.189219553505063e-24
8.494821183104707e-10
1.842022851533677e-07
-1.983560113494217e-26
2.202644589099945e-12
2.508366148722633e-13
-8.63982676864041e-40
4.657498535038152e-26
-4.106225459659797e-25
-4.830128364634424e-24
1.485023102940503e-10
2.583062362357452e-08
-2.372953695854447e-26
3.986664390247447e-13
-1.223261451996948e-13
-4.244903425791794e-40
3.212421516678924e-26
-1.637054438315614e-24
1.555816374202624e-24
-6.990432328097264e-10
-1.635040185267043e-07
7.174607196012256e-27
-1.748642060981052e-12
3.545409349712648e-12
3.647169005269416e-39
-1.598021513468595e-25
-5.345057817678858e-24
-2.358329496549233e-23
1.563118215067387e-09
4.445301831363855e-07
-1.139179120175642e-25
3.575748838790351e-12
1.865963246467971e-13
2.557338825127024e-39
-1.070957652950466e-25
-1.455599037681319e-24
-2.598809739184809e-23
4.567909996920482e-11
1.097400434321641e-08
-1.25668371288177e-25
1.15839908992379e-13
6.112481479756402e-13
-1.476376011788654e-39
7.288387103703639e-26
2.302623883713819e-24
8.737833732872196e-24
-1.485108364939962e-09
-3.976600047193722e-07
4.138020291614279e-26
-3.499668412051656e-12
1.494523801124604e-12
-3.519463808446114e-39
1.283743954830329e-25
5.247410149946782e-24
2.389791201968404e-23
1.944131016281617e-09
4.44460587049183e-07
1.159076245475476e-25
4.907722039021738e-12
2.008279854483765e-14
2.75697953631285e-39
-1.106882510863452e-25
-1.692714352478788e-24
-2.64801685085298e-23
-4.626660037742815e-11
-1.031165623916615e-08
-1.282580434538495e-25
-1.178147190570584e-13
9.857519639958958e-13
1.738272528794743e-39
-5.61004273154409e-26
-2.477139976140375e-24
-1.252130906030795e-23
-1.65962306019099e-09
-3.98873176732855e-07
-6.1531016625698e-26
-4.109872172017077e-12
-1.434994003613691e-12
-6.830037843465194e-40
-2.674125163468062e-26
3.784193708974998e-25
6.024694092893851e-24
6.737402328540292e-10
1.8403140868499e-07
2.961162487717258e-26
1.586935215381886e-12
-1.617090951547035e-13
-5.365405980644881e-40
-1.348402933646173e-26
2.699941756380863e-24
-3.081654231486257e-24
-6.682055085488672e-12
-2.555618776046198e-08
-1.457163572574929e-26
9.580751881521102e-14
7.846591032669121e-13
2.769694990480478e-40
1.41559397260416e-26
-4.943348235779402e-26
-2.924931527203968e-24
-6.279034377709595e-10
-1.664315586965215e-07
-1.448529157996002e-26
-1.498584935824711e-12
-3.522265440295988e-12
8.25761313731197e-40
2.340446772764164e-26
-3.542908269415179e-24
4.189599936258138e-24
-8.46451553306632e-10
-1.842019698616557e-07
1.983674975017576e-26
-2.190742367026604e-12
-2.502401870850095e-13
-4.418459325440981e-40
-1.63827375118126e-26
2.374484493416767e-25
4.829830921191358e-24
-1.508735056362531e-10
-2.583086974790613e-08
2.372863857962038e-26
-4.079797171287899e-13
1.218601478213393e-13
-3.831814037526798e-40
-1.385544625953002e-26
1.531620119813822e-24
-1.55599589757306e-24
6.975993370231779e-10
1.635038705752705e-07
-7.175151682028929e-27
1.742971387676367e-12
-3.545690659624778e-12
-3.644418639317155e-39
1.597649328323516e-25
5.345068033125248e-24
2.358329512791475e-23
-1.563118074902876e-09
-4.44530183128072e-07
1.139179122549379e-25
-3.57574833003793e-12
-1.865963085219699e-13
-2.559443362506077e-39
1.07125504383978e-25
1.455591081192753e-24
2.598809724591554e-23
-4.567920922985966e-11
-1.097400434967798e-08
1.256683711180859e-25
-1.158403050027842e-13
-6.112481604870154e-13
1.475068644719967e-39
-7.286640611562206e-26
-2.30262861628456e-24
-8.737833807530834e-24
1.485108299984209e-09
3.976600047155636e-07
-4.138020302125226e-26
3.499668177814129e-12
-1.494523808488199e-12
3.522085286003039e-39
-1.284117064264329e-25
-5.247421682122333e-24
-2.389791185381443e-23
-1.944131175220138e-09
-4.444605870580744e-07
-1.159076244165927e-25
-4.907722596531832e-12
-2.008281541924494e-14
-2.754925400046154e-39
1.106602857669237e-25
1.692705475280825e-24
2.648016861693457e-23
4.626647794018177e-11
1.031165623230597e-08
1.28258043569698e-25
1.178142892462817e-13
-9.857519770221693e-13
-1.739368990771123e-39
5.611632563767073e-26
2.477144954401434e-24
1.252130898760799e-23
1.659623128815329e-09
3.988731767367222e-07
6.153101656541679e-26
4.10987241431701e-12
1.434994011049505e-12
-9.808605593117702e-40
6.536381803010543e-26
-5.997539660292807e-25
-6.025074803938777e-24
-6.767707790839254e-10
-1.840317239761408e-07
-2.961277386073413e-26
-1.598837388697716e-12
1.611126681170601e-13
-7.274956777402813e-40
4.302902256765007e-26
-2.869423143254334e-24
3.081362437255856e-24
4.361575909918141e-12
2.555594562374973e-08
1.457075530370874e-26
-1.049214862530156e-13
-7.851167294699322e-13
4.027328819244366e-40
-3.041577349235443e-26
1.420710709235184e-25
2.925092508106542e-24
6.291715793799609e-10
1.664316928322897e-07
1.448577501260204e-26
1.503564996608343e-12
3.522517748680644e-12
-2.041561899759861e-42
1.004674682714381e-28
-3.757139709144409e-29
2.187874962496948e-37
-4.762839125682626e-24
5.649004751916844e-22
1.415008139832535e-38
4.398926605555634e-22
7.833101051980898e-24
-2.095487342472793e-26
-1.20195560251243e-13
-3.524119655529047e-13
-3.170839044946258e-23
-5.432669371615205e-11
-4.040484246505907e-11
2.87933734911672e-21
7.904910254720641e-09
9.26156845145778e-09
-3.953436925033463e-28
-6.85944374933409e-12
-2.06360609688162e-14
4.523656963601171e-21
-7.807855403865838e-10
-2.127084717374163e-11
1.355882596259141e-22
1.774850521355139e-07
-0.001432651787966366
-2.657130721544025e-26
-5.091269867399786e-14
-4.134544985320242e-13
8.607682976267951e-24
-7.19230803860004e-11
-1.032094903127421e-10
-9.222180080927615e-22
1.005595943991237e-08
2.352498725768885e-08
2.033935922881716e-28
8.761311188458014e-12
2.27751664883079e-14
-1.167959040241091e-21
2.25138420607963e-09
5.318767465392413e-12
-3.141373497413786e-23
-5.084869603578067e-07
0.0003699096210690831
-5.938018933800005e-27
1.111895496690375e-13
-9.213413696151215e-14
-1.83048009459979e-23
1.207862426925197e-11
-2.301498025403688e-11
1.66219917570036e-21
-2.153859992505676e-09
5.250018137092478e-09
-1.797858872304907e-25
-1.358819548711568e-12
2.674726601343795e-15
2.184779565160153e-22
-1.466997740246225e-09
-7.300265091973723e-13
-8.959687255975797e-24
3.069768631006898e-07
-9.271475763358386e-05
-3.931160810630159e-28
-1.35100599203235e-14
9.020491300000697e-14
1.146764216186383e-24
-1.306114035716169e-11
5.608856558316339e-11
-8.470997469492477e-23
2.118179144650582e-09
-1.275812017702929e-08
1.660100021038452e-25
1.253522679752472e-12
3.278371791561118e-15
-2.015000721711901e-22
1.353519907137954e-09
3.795269872927974e-12
3.403743310466727e-24
-2.832149551487322e-07
8.55300763940912e-05
1.797864379038898e-25
1.358828084010473e-12
-2.666115167518362e-15
-2.184779560823473e-22
1.467004502462499e-09
7.300743159232625e-13
8.959637386067518e-24
-3.06977793277812e-07
9.271475762483348e-05
3.543940040179391e-28
1.257752515309148e-14
-9.075561973953118e-14
-1.146783911683254e-24
1.273984272609836e-11
-5.609103434197273e-11
8.471182270968787e-23
-2.073595187359591e-09
1.275863951611203e-08
-1.660103678029908e-25
-1.253530133032625e-12
-3.28319139207183e-15
2.01500071993033e-22
-1.35352368089544e-09
-3.795296237534318e-12
-3.403728995414156e-24
2.832154750748767e-07
-8.553007638919974e-05
3.405171255189166e-28
1.58030069293782e-15
2.492692307120789e-15
2.319112002359971e-24
9.373843475681318e-11
2.399237965234796e-11
4.793670036955516e-23
-2.662082554165164e-08
-6.489440446837737e-06
4.591397446709625e-29
5.240145392958505e-16
-1.957777116339649e-15
-1.525036899694077e-25
1.458784333886547e-11
3.38393822273663e-11
5.079290053268626e-23
-3.773627363421604e-09
-7.678925511083556e-07
-1.509161867621795e-28
-6.980185779270945e-16
-1.142145597569866e-15
-2.295570600439826e-24
-8.142257271051477e-11
8.84144116253412e-11
-1.975179451509392e-23
2.344332188921825e-08
5.822847762016181e-06
-9.300823847611364e-29
-1.295086152775222e-15
2.015477967658957e-15
3.457177940277725e-24
8.231685001735719e-11
-1.847584424657625e-11
-6.610672736741356e-23
-2.469018919234825e-08
-6.479780766357112e-06
2.393891495626677e-28
7.534178860590413e-16
1.535381824911698e-15
-6.812162540304451e-25
-5.347829355145989e-12
4.553081827331688e-11
3.75845500377124e-23
2.15192014248073e-09
7.498358623094712e-07
4.567527913115729e-29
5.902030827386529e-16
-8.797475861513654e-16
-2.859541646195961e-24
-7.66250493798462e-11
-8.708812241847538e-11
3.092750163401343e-23
2.271498694934817e-08
5.862768057118677e-06
-3.084557736447925e-28
-9.677070556748459e-16
-1.990533614901339e-15
-2.319092037833279e-24
-9.344509479988455e-11
-2.399012308955323e-11
-4.793893946108502e-23
2.658012623729723e-08
6.489439972764023e-06
-7.08468857803438e-29
-9.998983151875748e-16
1.567264944562387e-15
1.52488149615988e-25
-1.481624751559879e-11
-3.384113756458155e-11
-5.079115720454077e-23
3.805318074796581e-09
7.678929198878638e-07
1.362286548616608e-28
4.192164535897924e-16
9.12108500791873e-16
2.295561401623143e-24
8.128714767144343e-11
-8.841544806889435e-11
1.975282753070438e-23
-2.342452998283943e-08
-5.822847544452544e-06
6.094688660199167e-29
6.824925155121409e-16
-2.517636659878367e-15
-3.457197895218493e-24
-8.261008424297135e-11
1.847359375989472e-11
6.610896645895349e-23
2.473088849683755e-08
6.479781240430841e-06
-2.641210089309978e-28
-1.226511756677158e-15
-1.92274812100124e-15
6.812008757180494e-25
5.121935115658119e-12
-4.55325538013445e-11
-3.758282491742145e-23
-2.120569043859394e-09
-7.498354967249844e-07
-3.168421755796517e-29
-3.210654808983693e-16
1.098886905856017e-15
2.859550301887057e-24
7.675198049406871e-11
8.708910178804748e-11
-3.0928471572772e-23
-2.273260237085249e-08
-5.862768263614326e-06
3.383119200228254e-40
-2.08810506465932e-26
-1.955184225733824e-27
6.401741967341734e-37
-1.665845393080007e-23
1.59769097153103e-21
2.048164927830841e-38
7.352196760094012e-22
1.144082226639145e-23
-7.368490623759322e-25
-3.808462788562706e-12
-2.181615846239333e-11
-1.136159623493188e-22
1.748192503327652e-10
-1.645939695712842e-09
4.939780013332158e-21
-1.593082993103592e-08
1.877761805684992e-07
-1.562287998536845e-26
-3.591763953310072e-10
-1.05506262965216e-12
1.27940046028606e-20
-2.454450797528378e-08
-1.229441356536692e-10
2.001505444378562e-22
2.786886489940351e-06
-0.002026070650691973
3.793722896779021e-40
-3.26369548423943e-26
-1.117003964996075e-27
6.401723589123366e-37
-1.665839281893298e-23
1.597690935123858e-21
2.046327585510151e-38
7.35224933654165e-22
1.144044735213448e-23
3.775456722645257e-25
8.304405855334826e-12
-5.077863349581305e-12
-1.136337822521084e-22
1.747241517304251e-10
-1.646278926410651e-09
4.939281563841927e-21
-1.593624731326095e-08
1.877686945385704e-07
3.019984334627536e-27
-3.350613216688763e-11
-1.790512067330208e-13
1.279400426320671e-20
-2.455111111532609e-08
-1.229640007600463e-10
2.001422053558326e-22
2.786740837274669e-06
-0.002026070651083762
-1.508368562032314e-24
-3.120989916181297e-12
-3.548376982868243e-11
-7.329654364829679e-24
4.659253539476879e-10
-4.247663354204296e-09
-6.077817766668517e-25
-3.982657203278143e-08
4.843555859859455e-07
4.076787210978476e-24
4.93118525582096e-10
1.168926754409276e-12
-2.464192212544993e-21
1.619950751853522e-08
4.072798145585793e-11
-2.895897732751269e-23
-1.732238792342631e-06
0.0005231293495110284
-2.608088614258037e-25
5.52353808245099e-12
-7.918107539119601e-12
-4.432114330998762e-23
3.068291240582278e-10
-9.492871633268351e-10
1.802921909265048e-21
-2.390657129958843e-08
1.082687693520754e-07
1.368941715423347e-24
4.900560734205738e-12
7.696760503210294e-12
-7.347875070458709e-24
4.658949498349445e-10
-4.24799550089374e-09
-1.894648129176725e-24
-3.983015953149117e-08
4.843362739391437e-07
4.049566317986554e-24
-4.218588830131244e-10
-9.940272374752908e-13
-2.464192036287098e-21
1.620654562155183e-08
4.074616373102403e-11
-2.894680348270201e-23
-1.731829578136262e-06
0.000523129350478394
3.82142363323403e-25
-4.128705955943007e-12
1.707300480102398e-12
-4.432521421890924e-23
3.069207936692839e-10
-9.493611770852529e-10
1.802634351704619e-21
-2.390225438414647e-08
1.082644644876304e-07
-1.695440792885952e-23
-1.774022758595185e-10
2.103845598738167e-13
1.271299549722935e-22
3.678613169311324e-09
1.062965501498266e-10
-2.909999971484069e-23
-5.175106416710899e-07
-0.000131127109315957
-1.027403954567381e-26
-2.005046220313916e-12
1.180129840661216e-11
5.562517492376727e-25
4.090547105061793e-12
2.325983812320143e-09
6.534049741204429e-24
-7.149357432952027e-10
-2.651635399827053e-07
1.565296199981324e-23
1.636474702328716e-10
4.432056765536777e-13
-1.169096537113966e-22
-3.395651021980586e-09
6.706090310349914e-12
8.965112735107371e-24
4.775640477173158e-07
0.0001209582055198336
1.69544079395096e-23
1.774025627069021e-10
-2.103867533841847e-13
-1.271299549205528e-22
-3.678612238578533e-09
-1.062965400321423e-10
2.909999971020758e-23
5.175106415451787e-07
0.0001311271093159581
8.785717786565205e-27
1.944567716254921e-12
-1.182449302243428e-11
-8.005578523527316e-25
-5.621064191436866e-12
-2.325991849132843e-09
6.397292414110797e-24
8.125420107710504e-10
2.651643364370581e-07
-1.565297389437613e-23
-1.63648064560904e-10
-4.433673422346692e-13
1.169066200984284e-22
3.395636582753907e-09
-6.706158432082488e-12
-8.803321337994273e-24
-4.775631371847542e-07
-0.000120958205513655
1.695566250046361e-23
1.773884395366792e-10
-2.192424650161295e-14
1.270643685086942e-22
3.678117081679239e-09
1.062988187642565e-10
-4.426545449898769e-23
-5.176693112158563e-07
-0.0001311271092120535
9.414193660262104e-27
2.007310031120941e-12
-1.182463913058546e-11
5.560983727230006e-25
4.085463062496564e-12
2.326016555557783e-09
6.52524364311791e-24
-7.16730144004977e-10
-2.651529739891665e-07
-1.565352908651755e-23
-1.636412708560092e-10
-5.276507926385278e-13
-1.168490657324341e-22
-3.395193348899432e-09
6.706707746162497e-12
2.296618015576136e-23
4.777104178262221e-07
0.0001209582059540161
-1.69556625111137e-23
-1.773887263840628e-10
2.192644002538779e-14
-1.270643684569399e-22
-3.678116150619764e-09
-1.062988086481872e-10
4.426545450388033e-23
5.176693113465098e-07
0.0001311271092120526
-9.641629974716465e-27
-1.942335709717264e-12
1.180174323435789e-11
-8.00439018443745e-25
-5.616623073954973e-12
-2.326025194806556e-09
6.405534411549098e-24
8.142803042880649e-10
2.651537703078158e-07
1.56535289506682e-23
1.636418882432982e-10
5.274892654869809e-13
1.168460318680755e-22
3.395178905709203e-09
-6.706780088129441e-12
-2.280439401904321e-23
-4.777095078355732e-07
-0.0001209582059478375
-1.298505894225671e-39
4.781383444339711e-22
3.190223696450421e-24
-1.402146569746336e-39
9.994998100139873e-24
-3.004069479124372e-22
-2.93810113067679e-39
-4.955687569278976e-22
-5.823137608705068e-24
1.772521130127238e-21
-3.085772073748361e-08
9.502403529706932e-07
1.066231647722254e-23
-7.007829189145438e-10
1.619059428321516e-08
-1.838349924850428e-21
3.200200330910691e-08
-9.845839998607252e-07
-5.744665955422894e-23
3.047016040570692e-06
-0.0009219956810453064
6.517038713621542e-22
4.185216240647654e-08
2.210334997146499e-10
1.388543422781186e-23
-3.15988199149649e-06
0.000955091550868028
-1.102583224106262e-38
4.790195163682841e-22
3.230272860015269e-24
-1.18275723778826e-39
9.979656792672526e-24
-3.00408649748224e-22
1.416340627984955e-39
-4.959628649172288e-22
-5.841062592997351e-24
1.781382312126305e-21
-3.098129783804183e-08
9.509427438183531e-07
1.010392359637327e-23
-7.029681133032523e-10
1.617062863931048e-08
-1.84231585566486e-21
3.205725850460842e-08
-9.848982205712428e-07
-5.707830803448215e-23
3.057272670253225e-06
-0.0009219956522226243
6.516896029718468e-22
4.151610945447562e-08
2.200581140084279e-10
1.372066773862727e-23
-3.164470523137735e-06
0.0009550915379730851
-1.268271664967641e-39
4.781299335236379e-22
3.190844182779564e-24
-1.425642304535211e-39
1.000156510557998e-23
-3.004074264078656e-22
-2.951805029372766e-39
-4.955648382764227e-22
-5.823417382087308e-24
1.773087838629096e-21
-3.085261763170014e-08
9.502524395688008e-07
1.022207791033399e-23
-7.047480870522784e-10
1.618124849674596e-08
-1.838605222067011e-21
3.199969870153139e-08
-9.845894350854565e-07
-5.743488369372146e-23
3.047251258782986e-06
-0.0009219956804109908
6.516947187445204e-22
4.167028403064962e-08
2.205431262543604e-10
1.388015769781287e-23
-3.15998776590125e-06
0.0009550915505826035
-1.099801539626183e-38
4.790109172683453e-22
3.230836493499001e-24
-1.161294762195627e-39
9.973050393270415e-24
-3.004082109914387e-22
1.40406208582734e-39
-4.959591752224039e-22
-5.84131276662802e-24
1.781927444843945e-21
-3.097628050232347e-08
9.509543179795802e-07
1.052485326977866e-23
-6.990944364544854e-10
1.617961053071829e-08
-1.842557922381189e-21
3.20550366138527e-08
-9.849033692282107e-07
-5.706696681624052e-23
3.057497911540868e-06
-0.0009219956516183239
6.516983555145266e-22
4.169090407115015e-08
2.205271764138994e-10
1.371560406607499e-23
-3.164570720530124e-06
0.0009550915377044391
-5.267132906455992e-24
-3.886685402914617e-09
2.454340672244128e-06
-4.659392377772292e-24
1.830512493132012e-11
4.180020894336127e-08
2.297241367198232e-24
4.070436218230244e-09
-2.542510385519821e-06
2.004619380163113e-22
9.428932945754642e-07
0.0002380572782642472
-1.423050925859874e-21
2.54138657979607e-08
3.001095376786581e-11
-1.195587065948564e-22
-9.748808120802763e-07
-0.0002466073112834119
2.521255914482124e-24
7.307323617080823e-09
5.488188944741907e-07
-2.569406829649864e-23
3.220190436146298e-10
9.34744083516726e-09
-1.827698779578859e-24
-7.535942944114304e-09
-5.685345987779521e-07
3.831848976404553e-24
-4.040369201322495e-09
2.456154251551535e-06
-5.796513486882859e-24
1.653373893564429e-11
4.177149059117274e-08
-1.786094117508455e-24
4.139148719968614e-09
-2.543321786007675e-06
-1.825634143648905e-22
9.382426470593838e-07
0.0002380572661556176
-1.421552429490258e-21
2.592797863152517e-08
3.121553561135641e-11
5.175419382028489e-23
-9.727945890307477e-07
-0.0002466073058513756
-2.078927166756263e-24
7.214780564013044e-09
5.492242625938685e-07
-2.592021900695066e-23
3.280735063594496e-10
9.341036115748679e-09
2.267519845547105e-25
-7.494470821992774e-09
-5.687159614114741e-07
-3.833792472916719e-24
-3.883984943753998e-09
2.454371200659313e-06
-5.776577895731168e-24
1.619862192703549e-11
4.177647839423105e-08
1.642270885457493e-24
4.069209173945359e-09
-2.542524334883682e-06
2.004424412376651e-22
9.422463179293235e-07
0.0002380572767353619
-1.423035797402752e-21
2.591677737608686e-08
3.119998812506403e-11
-1.195497907160594e-22
-9.745851895507983e-07
-0.0002466073105828854
2.841404976759594e-24
7.29983399427022e-09
5.48825699587315e-07
-2.594360271582496e-23
3.278418864088425e-10
9.342151047212877e-09
-1.973992149739771e-24
-7.532509869233798e-09
-5.685377082161761e-07
5.269076402985073e-24
-4.037656765585563e-09
2.456184779975676e-06
-4.690369432088524e-24
1.861982736801337e-11
4.179505032722114e-08
-2.414983606975845e-24
4.137954901986216e-09
-2.543335143685696e-06
-1.825829192837109e-22
9.375956705300022e-07
0.000238057264625698
-1.42156750887577e-21
2.542868609447636e-08
3.003546837912691e-11
5.176272041802314e-23
-9.725115043524856e-07
-0.0002466073051838806
-1.757908378027443e-24
7.207293622412431e-09
5.492310677053738e-07
-2.567315223207733e-23
3.222967331393387e-10
9.346287839870556e-09
8.628335469197403e-26
-7.491205732068413e-09
-5.68718939005898e-07
-5.177794631987977e-38
-5.07800774872822e-24
3.51940262784976e-23
6.141766784125858e-38
7.53963338068103e-24
4.198927922090092e-24
2.839484973408609e-38
2.52082307402665e-24
-1.076472611036249e-22
4.01937573380386e-24
4.236557970107348e-10
-7.495280023081196e-09
-7.325278538169285e-24
1.923538291271141e-10
8.795760120102709e-08
-2.176415465513101e-24
-1.827861293240825e-10
1.079465104271643e-08
-1.6207804661401e-21
-3.46341721225035e-08
-6.888559166485431e-07
1.63625455851775e-21
-1.035610060875034e-07
-3.199172425999719e-05
7.812587424272986e-22
1.317142470985715e-08
-6.160226916731711e-07
5.863630516858577e-38
4.45906759538616e-24
-3.522285154788845e-23
6.448141339097709e-38
-1.577892910464912e-24
-3.293364788219212e-24
-2.087545640083858e-38
-2.040118705452678e-24
1.077065846665656e-22
-9.653073737703968e-24
-3.491189347778618e-10
6.990500841229789e-09
-1.157199318161963e-23
-7.137036986104533e-10
-7.110395344601437e-08
3.828703257300388e-24
1.367684482767432e-10
-1.01471450384555e-08
1.620520757313618e-21
2.722306434960855e-08
6.88835111262303e-07
1.610924587855027e-21
1.432934422636502e-07
3.199193473729765e-05
-6.685791644152641e-22
-8.862982042422392e-09
6.160378864716611e-07
-5.858346202586806e-38
-4.458584030939816e-24
3.522286193951033e-23
6.68194135903034e-38
7.055219033062198e-24
4.176304974116215e-24
3.162085832037499e-38
2.223755934610788e-24
-1.076612978227121e-22
9.639746184718048e-24
3.491596711960072e-10
-6.990500502543565e-09
-1.172937996389366e-23
2.505233169927362e-10
8.75639142034634e-08
-4.799889263485876e-24
-1.480026259387839e-10
1.055907191693967e-08
-1.620520433018622e-21
-2.722306060741241e-08
-6.888351112539086e-07
1.636052242555127e-21
-1.093410721599287e-07
-3.1991740499625e-05
7.811373479656723e-22
9.712682721823488e-09
-6.160324495035975e-07
5.168407337078426e-38
5.089464498439992e-24
-3.519490194571099e-23
5.923426496643613e-38
-1.094934202263572e-24
-3.272038404126355e-24
-1.794583577698399e-38
-2.30239159993604e-24
1.076951725791216e-22
-4.792039296809994e-24
-4.292281698236602e-10
7.478556731552551e-09
-7.855789751013323e-24
-7.752332552387661e-10
-7.07287691321601e-08
1.748037713062875e-24
1.710793664609666e-10
-1.035600307628246e-08
1.620764025149584e-21
3.430861014030194e-08
6.88855040930641e-07
1.61111208462692e-21
1.487403289835401e-07
3.199195004401099e-05
-6.686832147090531e-22
-1.189516406128488e-08
6.160294032822688e-07
-5.173692898766062e-38
-5.08988418631862e-24
3.519489186035447e-23
6.138543363792512e-38
7.54890347046518e-24
4.198248312479829e-24
2.837483538357034e-38
2.52601289961557e-24
-1.076476844406273e-22
4.805178454708295e-24
4.291841679143344e-10
-7.478557435029946e-09
-7.938434069759153e-24
1.880487694518654e-10
8.794455836617734e-08
-2.543155110116816e-24
-1.853219082410367e-10
1.078684668044701e-08
-1.620764342032465e-21
-3.430862077869652e-08
-6.888550409599115e-07
1.636241992754344e-21
-1.038149206553946e-07
-3.199172494354761e-05
7.81251211470428e-22
1.301949087536386e-08
-6.160231023755502e-07
5.863617372501478e-38
4.459002631874544e-24
-3.522285185635378e-23
6.448129323979527e-38
-1.577844011607421e-24
-3.293364551500578e-24
-2.08754014570267e-38
-2.040088743368023e-24
1.077065848087283e-22
-9.654663549712479e-24
-3.491256766687936e-10
6.990501191814738e-09
-1.157350956243915e-23
-7.137139574749993e-10
-7.110395374064861e-08
3.829385963592351e-24
1.367713194619737e-10
-1.014714519939879e-08
1.620520701138123e-21
2.722307118616552e-08
6.888351112830971e-07
1.610924556066121e-21
1.432934368546296e-07
3.19919347372811e-05
-6.685791398818371e-22
-8.862985176292449e-09
6.160378864621451e-07
-5.858332571623571e-38
-4.458515174657299e-24
3.522286238791542e-23
6.681929532335776e-38
7.055270388573048e-24
4.176305316181578e-24
3.162079355372766e-38
2.223726093613248e-24
-1.076612980171027e-22
9.641362842374642e-24
3.491663857340673e-10
-6.990500121691355e-09
-1.173088892587027e-23
2.505129947552487e-10
8.75639144752468e-08
-4.800640429986313e-24
-1.480057735214492e-10
1.055907175040441e-08
-1.620520375784331e-21
-2.722305319648499e-08
-6.888351112317396e-07
1.636052211111656e-21
-1.093410665354442e-07
-3.19917404996077e-05
7.81137321785457e-22
9.712679485809251e-09
-6.160324495132849e-07
5.172511078525928e-38
5.077456414941898e-24
-3.519403711632433e-23
5.926552699348581e-38
-1.104171533035903e-24
-3.271378963889527e-24
-1.796254511148676e-38
-2.296903097883796e-24
1.076948214701037e-22
-4.005886631375257e-24
-4.236932405845012e-10
7.495279317741404e-09
-7.251700080652535e-24
-7.709697596597949e-10
-7.071591338078036e-08
1.4116083805798e-24
1.686670397557218e-10
-1.036315934068101e-08
1.620780133374192e-21
3.463416102900357e-08
6.88855916618058e-07
1.611124478833503e-21
1.489906015634972e-07
3.19919507166045e-05
-6.686901016392409e-22
-1.20344799453788e-08
6.160290305405766e-07
4.691868642580006e-43
-2.38964610822816e-40
1.517616209981275e-38
8.650625390032619e-31
-1.665912675911036e-23
4.42806249071362e-22
2.109087049813688e-33
5.649024996057748e-22
2.142838139515985e-24
-2.58544693732421e-29
-2.780074095948961e-22
-6.395204477677275e-24
-1.157074084578807e-16
-2.045996128791782e-08
3.233149204101416e-09
-3.899711596421372e-19
-4.924434936548149e-11
1.13115640825632e-11
1.817194710957646e-27
-4.980657792944228e-24
1.658056648145973e-22
2.736325795242893e-15
0.00320351834630416
1.221633368084337e-08
5.82164138207148e-18
-4.985083427146729e-13
2.942769430165664e-11
-1.762574962189477e-30
-5.353146434048404e-22
-4.785112489356624e-24
-1.039225782146127e-16
-5.181120602351514e-08
7.362846718092025e-09
-4.038489462756502e-19
-1.257697944227314e-10
2.574010991358212e-11
3.423008994105388e-28
-4.894039180493041e-24
8.592834632113971e-23
2.538101643913367e-16
-0.0008271447290390244
-4.559497250694839e-08
5.421388499153465e-19
6.618847685918322e-13
-1.104282170581938e-10
5.77748664580401e-30
2.697863079619099e-22
4.372113550990443e-25
-1.99205907532584e-17
-1.158313734836165e-08
1.251870426176834e-09
-8.442383366024499e-20
-2.812487413574383e-11
4.374572041581291e-12
-1.511941078331079e-29
9.37327899572646e-24
-6.546902654081415e-23
2.130621605046069e-17
0.0002073171445202555
1.27437568927644e-07
5.681252407495755e-20
1.691399365243592e-12
3.083977886390285e-10
-4.626296360783456e-32
-5.867576259010458e-23
-5.214215065754641e-25
2.255318350500476e-17
2.855070201792306e-08
-2.49424855908011e-10
8.790961607206187e-20
6.906941339366556e-11
-8.709249430443079e-13
1.399142917907016e-29
-4.229756142905012e-24
6.043657019871589e-23
-5.866572349820089e-18
-0.0001912516605497436
-1.175873587147507e-07
-3.348751976783006e-21
2.274877558220607e-12
-2.845969465141083e-10
1.512068773147134e-29
-9.215770795732367e-24
6.547025652320815e-23
-2.137595794614514e-17
-0.0002073171445021773
-1.274376542601113e-07
-5.701581595804331e-20
-1.691360031885199e-12
-3.083981234412343e-10
-2.766978807164567e-32
5.293388418148146e-23
4.749921850468641e-25
-2.270281393832365e-17
-2.855184479974472e-08
2.535106267864854e-10
-8.832789604815432e-20
-6.907169569069207e-11
8.869312839591426e-13
-1.399210663238756e-29
4.141710877682897e-24
-6.043724905353008e-23
5.897563320668516e-18
0.0001912516605396419
1.175874064087348e-07
3.439294034018184e-21
-2.274899531441104e-12
2.845971336633382e-10
5.917395490986813e-32
4.718783463086266e-23
1.219045972664376e-24
4.535743593440899e-19
1.451065106722225e-05
2.166726117240085e-08
1.568720731089819e-21
2.896785622179924e-11
5.263993045596392e-11
-2.61751219170133e-32
2.528014053230405e-23
2.63276038391032e-25
-4.15548525637969e-19
1.717036842071728e-06
2.842402083879711e-09
-1.393142776320481e-21
4.15603557989218e-11
7.240960182403205e-12
-2.658788609773642e-32
-1.892697401749911e-23
-9.23760098955169e-25
-2.068016349799857e-19
-1.302012721874876e-05
-1.919685787721719e-08
-7.122253136478524e-22
1.092632394265018e-10
-4.629245334221651e-11
-1.95972507248978e-32
-3.684593661248877e-23
6.259653286805458e-25
4.099158434144083e-19
1.448906336174197e-05
2.120104612771715e-08
1.425485437852099e-21
-2.323956403166371e-11
5.101149287895316e-11
4.649688378999215e-33
3.403705538717701e-23
1.438298697102945e-25
2.533892502129768e-19
-1.676672002659349e-06
-2.233336562329461e-09
9.275726729326128e-22
5.605547336126458e-11
-5.110239039025702e-12
8.865163215272954e-33
1.642319041998354e-23
-6.771268693113777e-25
-1.806371034913996e-19
-1.310939551482555e-05
-1.944919887903011e-08
-6.29187685406295e-22
-1.066870878062096e-10
-4.71757725509803e-11
-5.937211961361876e-33
-4.194709052702975e-23
-1.174543319905865e-24
-3.282316499957251e-19
-1.451065002402259e-05
-2.167099118679902e-08
-1.19997410178509e-21
-2.8965772757386e-11
-5.265454161973111e-11
-1.515042690682237e-32
-2.936732428555341e-23
-2.97964850446128e-25
3.183400390687507e-19
-1.717037653351918e-06
-2.839497675485631e-09
1.107130057015483e-21
-4.156197664703817e-11
-7.229582820380999e-12
2.474004506114507e-33
1.64831123936242e-23
9.030764039658455e-25
1.499206784236955e-19
1.302012674078371e-05
1.919858017311138e-08
5.452072429607196e-22
-1.092641959974692e-10
4.629920016542929e-11
-3.363949222326536e-32
3.160519175733948e-23
-6.704679820291822e-25
-5.352585527628231e-19
-1.448906440487116e-05
-2.119731611325906e-08
-1.794232067157828e-21
2.323748081856197e-11
-5.099688171501172e-11
-4.579897911488951e-32
-3.806673777599565e-23
-1.780696274165682e-25
-3.501214294533877e-19
1.6766711980074e-06
2.236209815411781e-09
-1.2123690111953e-21
-5.605707974987553e-11
5.121494159351483e-12
1.46381326809166e-32
-1.41785303084768e-23
6.962549399215344e-25
2.358689756143907e-19
1.31093959699635e-05
1.944758451131166e-08
7.919920887419154e-22
1.066879947649016e-10
4.716944919417189e-11
6.715536290293004e-34
-9.706997766172632e-28
-5.800662474189491e-29
3.540446614235679e-33
2.187749313731568e-21
8.248745109283636e-24
-6.165084276477019e-31
2.881569214958232e-23
-7.617201182498073e-22
1.653463829402135e-19
-9.056959131443083e-12
7.751700036849617e-14
-6.167582642370527e-18
-2.262949662366542e-09
9.51241739511936e-11
1.011515308605071e-15
5.140071778843019e-07
-1.39220210886519e-08
1.64462775702535e-17
-1.048321004228052e-13
5.401069967427678e-12
1.100345235606768e-17
-2.286389308783776e-11
1.349924737359476e-09
-2.137047930652643e-15
-0.005548653192026761
-3.065698593145799e-07
5.215728674192166e-20
-9.353972867304082e-12
-7.765262849718764e-15
-6.287540190181677e-18
-5.837338582981215e-09
1.271469847723837e-10
1.022359798678136e-15
1.325376701588696e-06
-1.798361559153691e-08
-9.245264921555485e-18
3.526546513547208e-14
-6.070165440574043e-12
9.519950209830238e-19
2.440354066718907e-11
-3.900034564530359e-09
-1.835239828943864e-16
0.001432653204077904
8.809064823136842e-07
-1.060900330033737e-19
-2.091082145951748e-12
-8.666346558584353e-14
-1.394289325968957e-18
-1.304996491007723e-09
-2.035703608554747e-11
2.259469251366191e-16
2.963194775401677e-07
3.607101143997751e-09
-1.634593273898211e-22
6.252717241312471e-14
6.2773161770876e-17
4.168936213924942e-20
1.211005679177934e-10
2.541146014932901e-09
-5.222130178887218e-18
-0.0003591021667037857
-5.31721916334975e-07
1.852037481883117e-22
-7.867047784421209e-15
2.350770769666347e-16
1.320904240485148e-20
3.197511147726739e-09
2.12123084961833e-11
6.568945170361593e-19
-7.261773168991027e-07
-3.358699447673542e-09
7.34575211244296e-23
-2.758320047764665e-14
-2.64137171899695e-17
-1.653849170983017e-20
3.236496013327708e-11
-2.34407912963558e-09
2.338677734586911e-18
0.0003312538050237725
4.90488783963208e-07
1.634593273891065e-22
-6.252717027924874e-14
-6.277316108675704e-17
-4.171560719169249e-20
-1.211005548091793e-10
-2.541146079754213e-09
5.222130166262613e-18
0.0003591021667033151
5.317219163344937e-07
1.850630585100957e-22
-7.653233189335881e-15
2.354055257509039e-16
-2.065255488612086e-20
-3.197522574062595e-09
-2.065565377028005e-11
6.449383774862192e-19
7.261796567951159e-07
3.281436322088771e-09
-7.274494218040294e-23
2.747439234200323e-14
2.871817803862063e-17
1.651909439338609e-20
-3.236505202531785e-11
2.34408433219632e-09
-2.332136696136737e-18
-0.0003312538050062615
-4.904895046684591e-07
4.881572771288513e-32
-4.971383390116024e-26
8.917408473461001e-27
1.41237500497873e-33
6.184443779907365e-21
2.884737852161626e-23
-1.879991123800489e-31
4.214171896466111e-23
-1.272930566448528e-21
1.707513033118301e-19
-7.011006185341049e-10
6.172879792286925e-12
-7.67073478747859e-17
-7.12914899442484e-08
-2.705878870338891e-10
6.094238553281169e-15
8.093521613124095e-06
2.422304559710322e-08
2.063959704228301e-16
-7.433908198844633e-12
4.180932309888367e-10
8.082991169712762e-18
-7.201222606995997e-10
4.250973068080212e-08
-1.009958650458906e-15
-0.007846929083670882
-4.826010651335312e-06
4.896810584493078e-32
-1.202020442820803e-28
2.931908843849991e-26
1.811568176734583e-33
6.184442994395887e-21
2.884740045549685e-23
-1.880636855947622e-31
4.2119536071319e-23
-1.272939690725204e-21
-3.405312458321228e-18
2.44772556213068e-10
-1.034643165283037e-11
-7.665640356224433e-17
-7.12987655983e-08
-2.705471009048717e-10
6.095838080703976e-15
8.093098581104978e-06
2.423043345848927e-08
2.079908658908425e-16
2.120270467978834e-12
-1.460005880978633e-10
1.528778928596847e-17
-7.202072093803574e-10
4.251406935905417e-08
-1.010635191730101e-15
-0.00784692908794392
-4.825758366195452e-06
-3.377513146715916e-19
-1.221115335211735e-09
1.186667761489944e-12
-1.004366551070093e-18
-1.84074103841842e-07
-7.24188230768292e-10
1.483292043841165e-19
2.089581069701145e-05
6.031738827230864e-08
-6.147740749216324e-20
4.547470469290371e-12
-7.924287116726396e-10
1.158662031598021e-19
2.749913498380623e-10
-2.806506029638509e-08
9.271442668640298e-18
0.002026062049544977
3.000632608865252e-06
-7.613496008262686e-20
-2.729872066290805e-10
-9.647964859553196e-12
-2.223158515364077e-19
-4.115738944180405e-08
-5.130255394353861e-10
5.667176318712834e-20
4.672246597832908e-06
3.947471716722179e-08
3.377513137220186e-19
1.221116235646025e-09
-1.186666996970143e-12
-1.004751787604291e-18
-1.840775195847874e-07
-7.241910664548901e-10
-1.537654226046351e-19
2.089471848192084e-05
6.031844963132477e-08
5.905126880618567e-20
-5.420978575896288e-12
7.924213558951978e-10
1.158578626256599e-19
2.749987973138582e-10
-2.806727677480794e-08
9.2175407077023e-18
0.002026062054003029
2.999923832032072e-06
7.613262531330244e-20
2.729848503085291e-10
9.647944122167585e-12
-2.224022636847445e-19
-4.115815301302313e-08
-5.130571843838912e-10
-1.142452047478694e-20
4.672002428145353e-06
3.946608762306043e-08
-1.315269639457161e-33
3.343688679362607e-24
-8.547889549336099e-22
3.952921431176393e-34
-1.818545550051159e-21
-1.74681433774672e-23
5.85366043504514e-34
-3.538738199227763e-23
8.856000292303159e-22
-4.204624560080738e-18
8.853544361440703e-06
5.108689729635894e-08
-1.183642670258392e-17
1.213898721118779e-07
1.10475652797849e-09
1.820346367892133e-18
-9.178972609683272e-06
-5.297604215750593e-08
-2.802381509998654e-18
-0.00357079228585176
-5.279135429982527e-06
3.554626627337348e-18
1.226261015306343e-09
-7.238042782597232e-08
1.265231530533584e-18
0.003699040365060165
5.473179677879185e-06
8.584604599703279e-34
4.922829443772649e-24
-8.563137855400158e-22
3.883546506951053e-35
-1.818581859455828e-21
-1.747259932655782e-23
-3.883074173729873e-34
-3.609442739385287e-23
8.862821150796712e-22
3.737791552283353e-18
8.883328454014911e-06
5.132806910513935e-08
-1.220656093093751e-17
1.207885677902795e-07
1.108340311005437e-09
-1.733500958523529e-18
-9.192299718132731e-06
-5.30838842451934e-08
1.695389406278023e-18
-0.003570791985000522
-5.296894614065817e-06
2.692908333799776e-18
1.22000074915882e-09
-7.202184758138527e-08
-7.492145346417392e-19
0.003699040230433508
5.481126154115663e-06
-8.578942188323134e-34
3.378820795009748e-24
-8.547742723292843e-22
4.145112533262908e-35
-1.818572948989844e-21
-1.747962069839179e-23
3.792796968728719e-34
-3.540379996847406e-23
8.855935335496186e-22
-3.735183475636196e-18
8.854213149319311e-06
5.108129921525306e-08
-1.219547139179261e-17
1.208700059729211e-07
1.109117636377651e-09
1.608553535388342e-18
-9.179278198468356e-06
-5.297351817040468e-08
-1.694452551413952e-18
-0.003570792279092929
-5.279534260611159e-06
2.695511043584735e-18
1.221005659111994e-09
-7.207040643233425e-08
7.667739053164327e-19
0.003699040361965223
5.473361915121155e-06
1.314695454722753e-33
4.957948255823497e-24
-8.562989444868402e-22
3.926691553985558e-34
-1.818554857154603e-21
-1.746120409624048e-23
-5.907983061985822e-34
-3.610943224515722e-23
8.86275407759209e-22
4.200626268110399e-18
8.883997241734059e-06
5.132244650765691e-08
-1.184347251100729e-17
1.21304692592332e-07
1.1040099600279e-09
-1.938620558990972e-18
-9.192592346235599e-06
-5.30813900581978e-08
2.803399698270217e-18
-0.003570791978248408
-5.297293444707131e-06
3.550243286988733e-18
1.225209940012918e-09
-7.232963788834888e-08
-1.241758488343071e-18
0.003699040227485731
5.481300662646905e-06
-1.459935172390601e-38
-2.163503470802269e-40
5.251951781906497e-39
2.027107135955587e-22
4.767808313558156e-24
-2.086779290199743e-22
9.835091244838496e-25
-1.065095614218672e-22
-1.009918202042476e-24
3.90664960246027e-24
-1.05258735593312e-22
-3.563866589242003e-25
-6.012119891467808e-09
5.583571146333332e-08
-1.022272386769508e-09
-2.10181992225952e-11
1.352210018167062e-10
-3.572312887051699e-12
-2.606012680980019e-22
-2.064744481793658e-24
1.313200264956119e-22
-2.525715568575075e-08
-0.00060406096173871
-5.645505976670497e-09
-6.135879742744331e-11
9.734783041700306e-13
-1.371665521050791e-11
-1.463420335452819e-38
-2.159001195014465e-40
5.26753826925389e-39
2.027106232608345e-22
4.767809145224468e-24
-2.086778886205954e-22
9.835089183686312e-25
-1.065095614198408e-22
-1.009918109863912e-24
3.909530011244178e-24
-1.052587601567983e-22
-3.57674832708093e-25
-6.012107205454414e-09
5.583571135190658e-08
-1.022278060191497e-09
-2.101815870693806e-11
1.352210014412944e-10
-3.572331006411415e-12
-2.60774787152658e-22
-2.062995135029268e-24
1.31397627703898e-22
-2.525750332828657e-08
-0.0006040609617360758
-5.64535050496863e-09
-6.135947473356949e-11
9.734839086482291e-13
-1.371635230696995e-11
-1.856161120344669e-25
-2.026811011337383e-23
-1.042566635818945e-24
-1.342207592730323e-08
1.443310355635819e-07
-2.168128893479752e-09
-4.692911890441575e-11
3.49347246473513e-10
-7.580397434804976e-12
-1.34741846597642e-23
1.599120728484124e-24
-9.79080207103416e-23
9.623064734801566e-08
0.0001559678402643472
2.151708936147682e-08
2.329370308479065e-10
-3.533419666318161e-13
5.20847932088641e-11
-1.042161003884146e-24
-1.46848762077185e-22
-2.100649078710152e-24
-2.168000885926444e-09
3.22725731568632e-08
-2.98485803359798e-10
-7.579896538763982e-12
7.811517342584925e-11
-1.043497827088299e-12
-1.852091493408928e-25
-2.026811136931438e-23
-1.042748637858984e-24
-1.342205358678385e-08
1.443310354799856e-07
-2.168138884602873e-09
-4.692903213761475e-11
3.49347246148853e-10
-7.580436238589495e-12
-1.353794867247845e-23
1.599395706069256e-24
-9.787950404077099e-23
9.62305763931853e-08
0.0001559678402645511
2.151712109369382e-08
2.3293689179078e-10
-3.533415311552373e-13
5.208485539742334e-11
-1.043261932428558e-24
-1.468487574000116e-22
-2.100156720304951e-24
-2.167996917772198e-09
3.227257314083549e-08
-2.984875780013562e-10
-7.579879023510367e-12
7.811517335797648e-11
-1.043505660257236e-12
-1.082192020266488e-26
2.260267809311438e-24
-4.672440094090783e-24
-2.686904707672654e-07
-3.909421427512119e-05
-6.00998100575367e-08
-6.502506195242665e-10
-7.726345449324692e-12
-1.45474280168678e-10
7.546478389490077e-27
-1.351630940419233e-24
-1.973074143910526e-26
-6.230442914402684e-10
-7.905545866299475e-08
-5.95687276270965e-10
-2.180299708224968e-12
-1.913304521798115e-10
-2.083131408556308e-12
6.1609941937978e-27
-1.158711237814531e-24
4.320972816052931e-24
2.479098786899482e-07
3.60624592463081e-05
5.543114598815308e-08
6.000188239702507e-10
-1.476868852644669e-12
1.341561237506799e-10
1.082234238746323e-26
-2.26026913092511e-24
4.672439903124642e-24
2.686904707331728e-07
3.909421427521822e-05
6.009981007294848e-08
6.502506194026489e-10
7.726345795091304e-12
1.454742802235476e-10
2.458727991394238e-26
2.400836219966928e-24
4.004756986159398e-26
6.14400361484723e-10
7.905528304535579e-08
5.937527550429582e-10
2.146503296724777e-12
1.913301161126485e-10
2.075571301069276e-12
-5.861830957173256e-27
1.171875094408034e-24
-4.32074200100504e-24
-2.479099592925062e-07
-3.606245924754859e-05
-5.543116403233045e-08
-6.000191398547048e-10
1.476866230932996e-12
-1.341561944396812e-10
-5.039567527601305e-27
2.260262303808711e-24
-4.675026058281515e-24
-2.686904852242699e-07
-3.909421427511316e-05
-6.009980359215371e-08
-6.502506579305829e-10
-7.726345427691471e-12
-1.454742629927766e-10
7.549041227606026e-27
-1.351630972962942e-24
-1.973188765313346e-26
-6.230564346722529e-10
-7.9055458654806e-08
-5.956818456335817e-10
-2.180346983048145e-12
-1.913304521478531e-10
-2.083110266545401e-12
8.05046927000339e-28
-1.15870613590555e-24
4.32336808463402e-24
2.479098827062171e-07
3.606245924630585e-05
5.543114419201921e-08
6.000188228724102e-10
-1.476868854271678e-12
1.341561242416067e-10
5.039145342841082e-27
-2.260263625132366e-24
4.67502624492922e-24
2.686904852583625e-07
3.909421427521015e-05
6.009980357707221e-08
6.502506580522001e-10
7.726345773392439e-12
1.454742629388684e-10
2.460005778216616e-26
2.400836194160944e-24
4.00418553961571e-26
6.144125223392273e-10
7.905528303701784e-08
5.937473165243238e-10
2.14655060016451e-12
1.913301160802495e-10
2.075550146260112e-12
-5.05475504014841e-28
1.171869992157581e-24
-4.323137452133136e-24
-2.479099633391942e-07
-3.606245924754632e-05
-5.543116222259272e-08
-6.000191388655595e-10
1.476866232590357e-12
-1.34156194881998e-10
-8.030546789077857e-29
8.068687165800899e-28
-6.6348937643958e-30
3.919292516859101e-24
-4.12286091809365e-22
-3.883026706901144e-24
-3.623387456764434e-22
-8.246601938798477e-24
3.586306038718783e-22
6.380347006532706e-15
7.434841206145936e-12
7.074460682690344e-14
-1.038164444896162e-10
4.776766595386899e-09
1.662244692434517e-11
1.468367870975715e-08
-1.078917555329297e-06
-2.945363594215783e-09
-4.552073804214781e-12
5.517147158486372e-14
-1.018884021540111e-12
-2.842880654755836e-09
3.472564207661192e-11
-6.353904701985119e-10
6.453962787580179e-07
0.00104625932743665
1.442707742661789e-07
-8.030820344314399e-29
8.068693632158879e-28
-6.633669395628943e-30
3.919291767824034e-24
-4.12286091806453e-22
-3.883026371919379e-24
-3.623385948874676e-22
-8.246602431363201e-24
3.586305364363373e-22
6.303505410110496e-15
7.434841325529996e-12
7.077897155089144e-14
-1.038152187014589e-10
4.776766590420413e-09
1.662189872741748e-11
1.468346328672013e-08
-1.078917554516806e-06
-2.945267252736518e-09
-4.556671646781777e-12
5.518468499927812e-14
-1.016827787515842e-12
-2.842883263190086e-09
3.472565115816036e-11
-6.353893036595982e-10
6.453968765744331e-07
0.001046259327434933
1.442705069124353e-07
2.558610174476868e-17
-1.34111402123583e-17
-1.146521819381094e-17
-1.817827467404781e-11
1.233457307017141e-08
9.880392566312056e-11
2.264568075415936e-13
-2.786078402553099e-06
-1.608570287496182e-08
-3.22041122546726e-15
2.418885248430139e-14
1.60845474357669e-15
8.222503956257636e-09
-1.246027637397103e-11
1.838514387601472e-09
-1.857307541519629e-06
-0.0002701424502963607
-4.152927982198168e-07
-3.954705635686585e-17
1.782945271228126e-16
1.841729396807754e-17
9.880044610321928e-11
2.757988101855317e-09
4.509383387182001e-11
-1.608515927350251e-08
-6.229701318566556e-07
-7.193528626641694e-09
-2.558610239392294e-17
-1.339170969839125e-17
1.141970965332561e-17
-1.81751814789001e-11
1.233457306784136e-08
9.880254233907411e-11
-3.112218669783907e-13
-2.786078402179775e-06
-1.608546241687888e-08
3.239666081564742e-15
2.418547668718046e-14
-1.28058538886574e-15
8.222503397349031e-09
-1.246027596886341e-11
1.838514637553013e-09
-1.85730741279092e-06
-0.000270142450296427
-4.152928557891582e-07
3.959610765387062e-17
1.782558750085216e-16
-1.697665953012052e-17
9.88011286337824e-11
2.7579881013392e-09
4.509352863372113e-11
-1.608527739272877e-08
-6.229701317741479e-07
-7.193475801923638e-09
2.241496024543354e-26
5.104346095820967e-26
5.868332325515392e-27
-3.733478662247244e-24
-1.296665615625222e-21
-1.579782009631546e-23
-6.445636536635463e-26
-1.308038662023994e-23
7.088628195908782e-22
-9.68473565986744e-13
9.705763593521762e-10
7.877693134549155e-12
5.91274965215206e-10
3.437411309994336e-08
4.188937342112953e-10
-4.924709596901729e-08
-3.67511379554905e-06
-3.223178781073847e-08
-5.944787264131048e-10
6.858715706296721e-12
-1.329139226241305e-10
-8.961803581011499e-08
2.821528478606291e-10
-2.003682276349208e-08
1.017333452729817e-05
0.001479620735394755
2.274664921939268e-06
-2.238880282891116e-26
-5.112227773226122e-26
-5.880267689694874e-27
-3.733507987434415e-24
-1.296665321198166e-21
-1.579782252110309e-23
-4.442007813569904e-26
-1.30346946332376e-23
7.088680736240249e-22
9.672260409190372e-13
-9.705713579539511e-10
-7.877125362867598e-12
5.912773102412853e-10
3.437682787812989e-08
4.189195595196413e-10
-4.924796161674472e-08
-3.67424567523919e-06
-3.222474191821427e-08
5.946235024807062e-10
-7.270014335755691e-12
1.328482156247824e-10
-8.961969633735514e-08
2.821690929314197e-10
-2.003719556917102e-08
1.017280273686859e-05
0.001479620741713389
2.274546067760583e-06
2.238871584917629e-26
5.104347856209014e-26
5.880069213457523e-27
-3.733482103447079e-24
-1.296665615624279e-21
-1.579781855736663e-23
-6.416024972593466e-26
-1.30803866887861e-23
7.088626871641113e-22
-9.687056083173553e-13
9.705763592905265e-10
7.877796906749959e-12
5.913129917860669e-10
3.437411307149289e-08
4.188767281494579e-10
-4.925029961338999e-08
-3.675113793323676e-06
-3.223035509222803e-08
-5.946234861268848e-10
6.858790514510988e-12
-1.32849183984568e-10
-8.961803974572626e-08
2.82152852085765e-10
-2.00368210034197e-08
1.017333524155481e-05
0.001479620735394387
2.274664602513375e-06
-2.241487326580655e-26
-5.112225962538574e-26
-5.868608598111477e-27
-3.733511430337482e-24
-1.296665321197078e-21
-1.579782098139205e-23
-4.412404080596868e-26
-1.303469470200742e-23
7.088679412322794e-22
9.699531334198815e-13
-9.705713590552598e-10
-7.878344957017399e-12
5.913152782649601e-10
3.437682784969849e-08
4.189025796409195e-10
-4.925116658475898e-08
-3.674245673013353e-06
-3.222330860775287e-08
5.944787100572467e-10
-7.269937824530167e-12
1.329129688945711e-10
-8.961970530962831e-08
2.821690997877336e-10
-2.003719155663049e-08
1.01728034511222e-05
0.00147962074171302
2.274545748336045e-06
4.392465518687733e-40
-1.670420122880601e-39
-1.994855317798781e-40
-3.415854399031498e-25
6.380988991753751e-24
3.552350985956455e-25
2.667911475135689e-23
2.939740899914527e-26
-2.461163450646612e-23
8.023822292291072e-23
4.205379639274712e-25
-7.40437939275825e-23
-1.561157374820325e-07
2.04475037815249e-10
1.440321494472084e-07
-3.778541757948392e-10
7.143167826548793e-13
3.486276055122082e-10
3.583013578022935e-24
-2.816671670192105e-23
-1.815672863605099e-24
0.0001514022333287184
1.390944576883528e-08
-0.0001396701694535151
-1.570707322531357e-12
3.36633236583643e-11
2.694801491080706e-12
-4.07820277736241e-40
1.392225740156173e-39
1.847702970693019e-40
3.416564290366549e-25
-6.381406206356271e-24
-3.552676122719818e-25
-2.66791145752606e-23
-2.939912744954071e-26
2.461163442452648e-23
-8.024069448040773e-23
-3.936952537930897e-25
7.404494883186709e-23
1.561157593303467e-07
-2.066917651974214e-10
-1.440321626673353e-07
3.778542682568979e-10
-7.230062504426553e-13
-3.486276604095304e-10
-3.424914763831229e-24
2.62068784124058e-23
1.741007810131216e-24
-0.0001514022330768792
-1.391001738466876e-08
0.0001396701693402126
1.571199408676816e-12
-3.366447319508077e-11
-2.695023037274503e-12
4.142695520782062e-40
-1.651092738682545e-39
-1.882705786836395e-40
-3.416499390345623e-25
6.381038913748392e-24
3.552640194704583e-25
2.667911460410206e-23
2.939752296961852e-26
-2.461163444042176e-23
8.024024802598469e-23
4.189701162402893e-25
-7.404470242708733e-23
-1.561157283655008e-07
2.044679815440328e-10
1.440321453602142e-07
-3.778541467650358e-10
7.142943143948592e-13
3.48627592496694e-10
3.45899995538655e-24
-2.807074132781762e-23
-1.760061413822534e-24
0.0001514022330809096
1.390963759243848e-08
-0.0001396701693424656
-1.571190475932293e-12
3.366369763435712e-11
2.695018043891048e-12
-4.321279586902569e-40
1.373377321410954e-39
1.955981769264025e-40
3.415931781947084e-25
-6.381455239178848e-24
-3.552393990118171e-25
-2.667911471948369e-23
-2.939923925712227e-26
2.461163448884074e-23
-8.02387048116892e-23
-3.92153275713604e-25
7.404406179446207e-23
1.561157682789858e-07
-2.06684828228735e-10
-1.440321666596924e-07
3.778542967204845e-10
-7.229841844522012e-13
-3.486276731069907e-10
-3.546285089074309e-24
2.611277985222111e-23
1.795141777948614e-24
-0.0001514022333207081
-1.391020638222387e-08
0.0001396701694490375
1.570724723388949e-12
-3.366484115858259e-11
-2.694811218344956e-12
-5.498257918604475e-27
2.346136630664619e-27
2.384119178929221e-27
-4.03118498345975e-07
-6.215120565657876e-10
3.719083341754396e-07
-9.756996524856651e-10
-2.174308545112209e-12
9.001983816151638e-10
1.436093947182551e-24
-1.04956261726454e-24
-8.929036440584314e-25
-3.909282999222145e-05
-5.270829554457248e-08
3.606254941481998e-05
-2.886249507087702e-12
-1.275718062242515e-10
-1.16165341783183e-12
-7.027846009745848e-24
-2.369460009612781e-26
6.490688200795163e-24
-9.015158308056479e-08
-5.95428512770862e-10
8.315820110229971e-08
-2.182187274264887e-10
-2.082119923629934e-12
2.01279088450885e-10
5.28619274616871e-27
1.924528225822041e-26
-2.15522975841476e-27
4.031184824648844e-07
6.157624263485589e-10
-3.719083628264297e-07
9.756995909329579e-10
2.151827728567947e-12
-9.00198494208971e-10
-1.391007028953063e-24
1.480907404274163e-24
8.763950310989069e-25
3.909283004244101e-05
5.270818087551524e-08
-3.6062549437792e-05
2.886348002339681e-12
1.275715895754323e-10
1.16160833312396e-12
7.028641432328212e-24
3.662030584325106e-26
-6.490945577245174e-24
9.01515802560144e-08
5.941411647835528e-10
-8.315820784083967e-08
2.182187149971265e-10
2.077090003443944e-12
-2.012791142365846e-10
-5.286271737740753e-27
2.181525336219824e-27
2.288314520265093e-27
-4.031184824648227e-07
-6.215243792192332e-10
3.719083269985288e-07
-9.756995909328282e-10
-2.174356306154108e-12
9.00198353798191e-10
1.391006359909577e-24
-1.014568204030428e-24
-8.724945330207229e-25
-3.909283004239399e-05
-5.270825662909654e-08
3.606254943743967e-05
-2.886347834721743e-12
-1.275717299487901e-10
-1.161609055839293e-12
-7.028641451752116e-24
-2.307728596155212e-26
6.491048131879379e-24
-9.015158025588064e-08
-5.954307048141218e-10
8.315819982474786e-08
-2.182187149967488e-10
-2.082129568885979e-12
2.012790828315666e-10
5.498336910185539e-27
1.940919386478173e-26
-2.249105187984599e-27
4.031184983459131e-07
6.157747060599911e-10
-3.719083698541971e-07
9.756996524855348e-10
2.151875322751639e-12
-9.001985214471145e-10
-1.436094642647411e-24
1.446054377434103e-24
8.963142541093383e-25
3.90928299922683e-05
5.270814206479875e-08
-3.606254941553568e-05
2.886249673970839e-12
1.275715135236639e-10
1.161651919082557e-12
7.027846025791326e-24
3.600538481535152e-26
-6.490594047486347e-24
9.01515830806703e-08
5.941433485952269e-10
-8.315820908978999e-08
2.182187274268066e-10
2.077099613818894e-12
-2.012791197348881e-10
1.179721093417219e-30
3.717248339737446e-32
-5.287074428751955e-31
1.149111537388379e-22
4.159527621173368e-25
-1.059995408218723e-22
4.912188708707165e-25
-3.338232137299942e-23
-1.066744437719974e-24
8.150491765667088e-18
-1.612616492883344e-16
-4.159038079056803e-18
-3.112670093349706e-09
-1.724480793723316e-11
2.87139094506917e-09
6.512700228420252e-07
2.731978545691579e-09
-6.007878484037889e-07
2.384359014037078e-14
-5.062537190905338e-15
-1.06868067955957e-14
2.184394196025964e-11
1.557050987750352e-09
2.661895627214141e-11
-0.0002622408335831303
-3.535904853170126e-07
0.000241913235377073
-1.17831275323819e-30
4.328950772837482e-32
5.265188324581705e-31
-1.149111532081506e-22
-4.159971628594994e-25
1.059995402031255e-22
-4.913254957782336e-25
3.338654316677609e-23
1.066832638831714e-24
3.475841960357717e-17
-1.281110174791128e-16
-1.596286417592524e-17
3.112669250574737e-09
1.694246634966601e-11
-2.871392441241959e-09
-6.512698706052563e-07
-2.690038435435531e-09
6.007880411353515e-07
-2.059242483307453e-14
-2.497785280250749e-15
9.197512014105494e-15
-2.184209416935968e-11
-1.557057331899463e-09
-2.661981533144315e-11
0.0002622408331604055
3.535917399294005e-07
-0.0002419132351816498
1.178190849657994e-30
3.835500648273478e-32
-5.273664590944425e-31
1.149111532141303e-22
4.159531691605033e-25
-1.059995405850632e-22
4.913254927178037e-25
-3.338240409158114e-23
-1.066792557659309e-24
-3.475001756140402e-17
-1.27990434643944e-16
1.512284430340735e-17
-3.112669227051979e-09
-1.724548020884408e-11
2.871390553280455e-09
6.51269870605349e-07
2.73209667419197e-09
-6.007877795968852e-07
2.059242480912937e-14
-2.540827408528877e-15
-9.221059018668853e-15
2.184209642521171e-11
1.557052419171286e-09
2.661978854585579e-11
-0.0002622408331604056
-3.535908131956501e-07
0.000241913235186494
-1.179599189837055e-30
4.229669118829121e-32
5.264394197766944e-31
-1.149111537320916e-22
-4.15997568087317e-25
1.059995404352928e-22
-4.912188677919288e-25
3.338662562845247e-23
1.066785389625222e-24
-8.158893807442838e-18
-1.613137188828977e-16
3.134286394246245e-18
3.112670116759962e-09
1.694313602527662e-11
-2.871392824254514e-09
-6.512700228420584e-07
-2.690156146054297e-09
6.007881084950604e-07
-2.384359011642317e-14
-5.012699167970964e-15
1.06397179714595e-14
-2.184393750888693e-11
-1.557058757840048e-09
-2.661899787387098e-11
0.0002622408335831304
3.535920669251989e-07
-0.0002419132353691709
1.473481024264999e-39
5.355300837937717e-40
-5.931351081735603e-40
-4.37188536255882e-25
1.991403425445038e-24
2.634136099941464e-24
2.125915075238654e-24
2.601136516448983e-25
-1.90124411699694e-24
-1.333763436178122e-24
-2.709886066382195e-25
1.068613048413378e-24
-2.646857005280735e-08
-3.341692644630766e-09
2.358099099679638e-08
-6.424313945156168e-11
-8.373966479939608e-12
5.694803056618695e-11
2.187932786951586e-23
1.322755349211769e-23
-8.861456862161839e-24
1.059402304532465e-05
1.249868984739468e-06
-9.519467528317725e-06
1.329557307949776e-11
2.139513685252858e-11
5.335589110251968e-11
-9.407578355576227e-40
9.75367816712399e-40
4.311765442046006e-40
4.001599316247043e-25
2.098935096405092e-24
-2.493540916615905e-24
2.128604280328952e-24
-2.377304092631059e-25
-1.931884110147511e-24
-8.588618907484591e-25
-6.911010198407433e-26
8.722565021469359e-25
-2.608679324713827e-08
2.845131992450147e-09
2.378622984833175e-08
-6.290917177051339e-11
6.637128570134146e-12
5.766614034715393e-11
-1.83592595902372e-23
1.620384008724508e-23
7.990051586397612e-24
1.058350592199595e-05
-1.23020261198912e-06
-9.562952970813724e-06
-1.214874119408417e-11
2.618622088737198e-11
-5.187620501749817e-11
-1.202354646792857e-39
-7.468090587710716e-40
4.673622264140932e-40
4.376141760539224e-25
-1.991734510324718e-24
-2.634331360937402e-24
-2.125913399745982e-24
-2.601149551907e-25
1.901243347478992e-24
1.306842184342784e-24
2.919280603837161e-25
-1.05626774646568e-24
2.647058764341036e-08
3.340124305827154e-09
-2.358191282035765e-08
6.425105196420889e-11
8.367815762480259e-12
-5.695164581494588e-11
-2.000447536774426e-23
-1.468635411180292e-23
7.999689056602064e-24
-1.059402235099346e-05
-1.24986952400778e-06
9.519467212727223e-06
-1.329418782478269e-11
-2.139621300156565e-11
-5.335652163255248e-11
7.044794988151222e-40
-1.157180414006122e-39
-3.295697395291926e-40
-4.004952400972183e-25
-2.099193618110817e-24
2.493686780112271e-24
-2.12860575159656e-24
2.37729274983351e-25
1.931884749932536e-24
8.830895164706297e-25
8.779373153400266e-26
-8.828100207764103e-25
2.608476298961156e-08
-2.846698866815735e-09
-2.378534141976198e-08
6.290121883424686e-11
-6.643266339991374e-12
-5.76626603334109e-11
1.665791499676942e-23
-1.751532623076481e-23
-7.250666671393349e-24
-1.05835062686912e-05
1.230202344184632e-06
9.562953123316335e-06
1.214803322385347e-11
-2.618676763116682e-11
5.187651599203859e-11
1.43863578839488e-39
5.626440425949392e-40
-5.771271603410144e-40
-4.372788652839101e-25
1.991473620764991e-24
2.634177287597799e-24
2.125914871019917e-24
2.601138103853084e-25
-1.901244023746137e-24
-1.33106997369408e-24
-2.730815760569219e-25
1.067385933413683e-24
-2.646855738601383e-08
-3.341702486463949e-09
2.358098522565597e-08
-6.424309902826148e-11
-8.373997893429044e-12
5.694801212951512e-11
2.170582086267322e-23
1.336242369235686e-23
-8.78218595456573e-24
1.059402269768952e-05
1.249869254732121e-06
-9.51946737032834e-06
1.32948957970138e-11
2.13956629975454e-11
5.335619935797491e-11
-9.407606408448584e-40
9.753699954625622e-40
4.311778215045828e-40
4.001599293306493e-25
2.098935098189959e-24
-2.493540915578418e-24
2.128604280322659e-24
-2.377304092581846e-25
-1.931884110144602e-24
-8.588618402667212e-25
-6.911031641270995e-26
8.722564777444883e-25
-2.608679324694347e-08
2.845131992399371e-09
2.378622984824354e-08
-6.290917177009392e-11
6.637128569965053e-12
5.766614034696393e-11
-1.835926048162431e-23
1.620384079466294e-23
7.990051989863853e-24
1.058350592199526e-05
-1.23020261198844e-06
-9.56295297081306e-06
-1.21487411960814e-11
2.618622088886318e-11
-5.187620501666843e-11
-1.202352355252513e-39
-7.468072902113713e-40
4.673612211050706e-40
4.376141776201777e-25
-1.991734509108495e-24
-2.634331361628618e-24
-2.125913399741173e-24
-2.601149551869293e-25
1.901243347476823e-24
1.306842151860252e-24
2.919278599710999e-25
-1.056267733696138e-24
2.647058764332035e-08
3.340124305857619e-09
-2.358191282031669e-08
6.425105196412614e-11
8.367815762571569e-12
-5.695164581490706e-11
-2.000447636858216e-23
-1.468635486990948e-23
7.999689499061098e-24
-1.059402235099444e-05
-1.249869524008352e-06
9.519467212727445e-06
-1.329418782678698e-11
-2.139621300310349e-11
-5.335652163165621e-11
6.69629166972729e-40
-1.184046042522298e-39
-3.144060871930962e-40
-4.005855729924197e-25
-2.09926335463769e-24
2.493726390562183e-24
-2.128605955826503e-24
2.377291173586096e-25
1.931884839353449e-24
8.857832882137554e-25
8.987346457920324e-26
-8.839922516029149e-25
2.608477565656108e-08
-2.846689086372653e-09
-2.378534697872605e-08
6.290125925784956e-11
-6.64323513342957e-12
-5.766267805420332e-11
1.648440807922737e-23
-1.764923134744345e-23
-7.174739210780992e-24
-1.058350661632647e-05
1.230202075645194e-06
9.562953276271232e-06
1.214735594138363e-11
-2.618729068415362e-11
5.187681353628488e-11
