# Created from matlab git hash 15d6ecd77b971f955de2852a201e878a95b43822
# name: foo
# type: matrix
# rows: 2808
# columns: 1
0
-7.580340442585789e-40
-1.543465450281853e-42
-3.034989244909091e-40
-2.840454886300479e-23
-1.671533153839613e-25
6.296755122788513e-39
-4.580652985057981e-26
1.620749088582131e-23
1.485199136703303e-39
1.221338511130885e-25
-1.430559682090453e-24
-1.720130686883725e-22
-6.904385434736043e-11
-3.70320082557643e-11
-2.785563715017361e-25
1.301827605851272e-25
-3.006464128712048e-14
-4.857412104679522e-42
-1.064287514272467e-23
-2.037534748529797e-26
-2.859331680065345e-24
-7.732230588184825e-10
0.0002757171648193203
1.297978306352109e-22
-6.241382200171148e-13
-2.764715539838036e-20
-3.698499544830069e-39
1.030804744840882e-25
-9.496096693734914e-24
9.208290473978536e-23
-1.569769785602056e-10
-9.56162342953023e-11
1.460902045972644e-25
-1.223841370954497e-25
-7.70472246359542e-14
-4.596861080168418e-41
-3.67387275104605e-24
-1.647923393438816e-27
6.612374593063886e-25
2.928825877302456e-09
-7.118989145261519e-05
-3.35135942297126e-23
2.363251596666243e-12
4.901497320098562e-21
5.299899012855884e-39
-6.93034027618152e-27
-8.259340175472089e-25
-9.931151633238932e-23
-2.664609354742516e-11
-2.138043994522687e-11
-1.608245960710287e-25
8.193724851962617e-26
-1.735782875284216e-14
3.396792711913498e-41
3.716127195024547e-24
5.368354473919959e-26
-8.173721077156956e-26
-8.179081734126153e-09
1.78431221560507e-05
8.399722321263033e-24
-6.5994892762381e-12
-1.910059296058447e-21
-4.140296735626427e-40
9.601158670044169e-27
3.251721426669201e-26
5.010393654178889e-24
5.128232688699624e-12
5.237116837976644e-11
9.461179702189209e-27
-4.269426260028917e-26
4.226040995520209e-14
-4.062716546336187e-42
-3.42817557858908e-24
-3.798089118022855e-26
1.808854584746913e-27
7.545309077084784e-09
-1.646051111438562e-05
-7.748852882979581e-24
6.088114529088192e-12
1.012204371968889e-21
-3.396792711914766e-41
-3.716127195024548e-24
-5.36835447392013e-26
8.173721077157786e-26
8.179081734126183e-09
-1.784312215605072e-05
-8.399722321263047e-24
6.599489276238172e-12
1.886060029387866e-21
3.639423418428326e-40
-9.601158669980111e-27
-3.251721426668881e-26
-5.010393654178819e-24
-5.128232688728717e-12
-5.23711683796408e-11
-9.461179702188786e-27
-4.216919474744851e-27
-4.226040995421611e-14
4.062716546313912e-42
3.428175578589081e-24
3.798089118022753e-26
-1.808854584732741e-27
-7.545309077084779e-09
1.646051111438562e-05
7.748852882979582e-24
-6.088114529088192e-12
-1.007969207232617e-21
3.058683744353365e-40
2.324873729854853e-26
-2.693610738278323e-25
-2.214921751877922e-24
-1.382652443221587e-09
1.247908556846367e-06
3.972247563649525e-25
-1.111489354641417e-12
1.59772744445565e-14
1.91090904340175e-40
-1.061596619834162e-27
-4.573529399340878e-25
-1.088810561608802e-24
-1.680791010459758e-10
1.462572516433335e-07
4.533180376127013e-26
-1.302389359778588e-13
2.988021723470866e-14
-1.216037823982511e-40
-2.357570738441314e-26
-7.438633783052035e-26
1.651044308558932e-24
1.238213928350409e-09
-1.12439399648503e-06
-3.581862282697201e-25
1.001566619422496e-12
6.604620287433816e-14
-2.926670382099922e-40
3.438236223966108e-26
3.755654065621195e-25
2.329063250255666e-24
-1.372401690360812e-09
1.247868951305345e-06
4.044255229420442e-25
-1.111489354641414e-12
-1.597727463857998e-14
2.20251551014331e-40
-7.814529566770099e-27
-4.057682247643822e-25
-1.090929564787329e-24
1.547447905374608e-10
-1.461831876267229e-07
-4.860169093861062e-26
1.30238935977864e-13
2.988021719505913e-14
1.274612923930915e-40
-2.835586109798233e-26
2.994716631019423e-26
-1.725075093891643e-24
1.244374180455288e-09
-1.124557703397586e-06
-3.641834074369938e-25
1.001566619422531e-12
-6.604620312888921e-14
-2.601451053883708e-40
-2.32487372985511e-26
2.693610738278283e-25
2.214921751877952e-24
1.382652443221586e-09
-1.247908556846368e-06
-3.972247563649519e-25
1.111489354641412e-12
-1.597727444190952e-14
-2.265079962507811e-40
1.061596619845397e-27
4.573529399340826e-25
1.088810561608821e-24
1.680791010459763e-10
-1.462572516433354e-07
-4.533180376127154e-26
1.302389359778595e-13
-2.988021723667183e-14
1.011557148497358e-40
2.35757073844336e-26
7.438633783052388e-26
-1.651044308558975e-24
-1.23821392835041e-09
1.124393996485023e-06
3.581862282697178e-25
-1.001566619422505e-12
-6.604620287424992e-14
2.469437691630132e-40
-3.438236223965851e-26
-3.755654065621175e-25
-2.329063250255675e-24
1.372401690360818e-09
-1.247868951305345e-06
-4.044255229420453e-25
1.111489354641422e-12
1.597727463602124e-14
-2.556686429249586e-40
7.814529566781914e-27
4.057682247643841e-25
1.090929564787366e-24
-1.547447905374651e-10
1.46183187626727e-07
4.860169093861079e-26
-1.302389359778647e-13
-2.988021719798184e-14
-1.070132248445891e-40
2.835586109796252e-26
-2.994716631020065e-26
1.725075093891603e-24
-1.244374180455271e-09
1.124557703397586e-06
3.641834074369922e-25
-1.001566619422501e-12
6.604620312438933e-14
3.90264006498111e-41
-6.262712255453363e-28
2.378643613920625e-25
-5.336951752768375e-25
8.400712382891258e-11
6.137839945136951e-08
-9.084059774381557e-28
6.519977775298776e-14
7.672930058705826e-15
-4.593147515812508e-41
-4.992834217718434e-29
9.376561945828323e-26
-4.722415878778469e-25
1.402074636542863e-11
8.618407358273837e-09
-7.085532689696203e-28
9.145275343299596e-15
1.237674391822663e-14
-1.77339034711646e-41
5.864551659826671e-28
-9.9005266486288e-26
2.285514245354884e-25
-7.366814602420516e-11
-5.482728764954141e-08
4.028160158847853e-28
-5.842394927772403e-14
1.318079314736683e-13
4.010896793113715e-40
-7.030888839013215e-27
-5.918188218688618e-25
-2.639177096619944e-24
1.880156667770146e-10
1.481615451407259e-07
-4.250039721790208e-27
1.574061877149254e-13
3.178231740007117e-15
2.930324806185998e-40
-4.108354461493825e-27
-1.716683348617531e-25
-2.919173173442234e-24
4.679768771443741e-12
3.600539534021903e-09
-4.725472609927761e-27
3.788097078860019e-15
2.988010356159019e-14
-1.734646466170296e-40
3.888112604740852e-27
2.623287179771916e-25
1.11265696340214e-24
-1.715770886199954e-10
-1.326914944561004e-07
1.892252287520773e-27
-1.41047890713639e-13
5.459663274466249e-14
-3.964355889815877e-40
3.712894874598681e-27
5.881746864420991e-25
2.650813077195519e-24
2.021485440525558e-10
1.481536671087898e-07
4.287690589115525e-27
1.574061877149184e-13
-3.178231637723477e-15
3.00373186975228e-40
-4.028504466868975e-27
-1.804921162113491e-25
-2.93747998799553e-24
-4.709823396109692e-12
-3.526475517407506e-09
-4.726378705991729e-27
-3.788097078857706e-15
2.98801037825527e-14
1.831991373918407e-40
-9.149381897093814e-28
-2.688085818481842e-25
-1.253124496375202e-24
-1.780396562385102e-10
-1.328268234218105e-07
-1.925990322259683e-27
-1.410478907136297e-13
-5.459663298962926e-14
-9.914056108800006e-42
-7.480868743991467e-28
-1.14419670772339e-25
6.01841729045398e-25
7.760418384932072e-11
6.135938019984694e-08
9.240014773195907e-28
6.519977775298673e-14
-7.672930016340394e-15
-1.633337554145051e-41
1.428465977856211e-28
1.857822982979988e-25
-4.072910584624879e-25
-8.647734390542648e-12
-8.587729038109073e-09
-7.107407783700394e-28
-9.145275343307518e-15
1.237674445244192e-14
4.152068118883334e-42
6.450740000501956e-28
5.026463106797344e-26
-2.793387274496851e-25
-7.114785132893795e-11
-5.515400067397662e-08
-4.167907674486769e-28
-5.842394927773138e-14
-1.318079315925286e-13
2.563606655244801e-41
6.262712255399046e-28
-2.378643613920712e-25
5.33695175276837e-25
-8.400712382891229e-11
-6.137839945137085e-08
9.084059774382782e-28
-6.51997777529855e-14
-7.672930058570721e-15
-4.15585656166686e-42
4.992834218558662e-29
-9.376561945828439e-26
4.722415878779753e-25
-1.402074636543534e-11
-8.618407358274868e-09
7.085532689699746e-28
-9.145275343308394e-15
-1.237674391739255e-14
-1.118403098025125e-41
-5.864551659703687e-28
9.900526648629124e-26
-2.285514245354779e-25
7.366814602420323e-11
5.482728764954137e-08
-4.028160158855485e-28
5.84239492777194e-14
-1.318079314755901e-13
-4.010896793113761e-40
7.030888839011615e-27
5.918188218688667e-25
2.639177096619969e-24
-1.880156667770135e-10
-1.481615451407254e-07
4.250039721790326e-27
-1.574061877149238e-13
-3.178231739863739e-15
-2.930324806185931e-40
4.108354461488647e-27
1.716683348617484e-25
2.919173173442285e-24
-4.679768771442426e-12
-3.600539534021203e-09
4.725472609928195e-27
-3.788097078857422e-15
-2.988010356065582e-14
1.734646466170197e-40
-3.888112604736696e-27
-2.62328717977193e-25
-1.112656963402143e-24
1.715770886199995e-10
1.326914944561004e-07
-1.892252287522072e-27
1.410478907136426e-13
-5.459663274794915e-14
3.964355889815841e-40
-3.712894874596652e-27
-5.881746864421002e-25
-2.650813077195537e-24
-2.021485440525634e-10
-1.481536671087951e-07
-4.287690589115604e-27
-1.574061877149252e-13
3.178231637602158e-15
-3.003731869752344e-40
4.028504466864331e-27
1.804921162113499e-25
2.937479987995559e-24
4.709823396104906e-12
3.526475517402611e-09
4.726378705991832e-27
3.78809707885569e-15
-2.988010378235039e-14
-1.831991373918511e-40
9.149381897052454e-28
2.688085818481821e-25
1.253124496375202e-24
1.780396562385057e-10
1.328268234218084e-07
1.925990322260492e-27
1.410478907136265e-13
5.459663299150421e-14
-5.47484110934661e-41
7.480868744043739e-28
1.144196707723442e-25
-6.018417290453832e-25
-7.76041838493219e-11
-6.135938019984635e-08
-9.240014773197451e-28
-6.519977775298972e-14
7.672930016147385e-15
-3.375395617837575e-41
-1.42846597776251e-28
-1.857822982979962e-25
4.072910584624186e-25
8.647734390538023e-12
8.587729038108084e-09
7.107407783698032e-28
9.145275343300699e-15
-1.237674445280175e-14
2.476586633254469e-41
-6.450740000619743e-28
-5.026463106797596e-26
2.793387274496534e-25
7.114785132894199e-11
5.515400067397649e-08
4.167907674489114e-28
5.842394927773863e-14
1.318079315930167e-13
3.619368878249848e-54
-4.751520567610011e-39
2.664442209532127e-38
2.438390867873867e-38
-1.762529245441335e-25
6.277127110875035e-23
5.256755572607666e-40
4.885217148811574e-23
2.891401021508414e-25
-3.071001055819874e-38
1.580199896592675e-25
-7.408452824886426e-23
-1.17458841455488e-24
4.0775872047646e-25
-1.473654218277622e-12
3.200450925907305e-22
2.931840421271285e-10
1.004446217584535e-09
4.513898307157584e-38
-9.921197390513673e-23
4.108055498813837e-22
5.027040980413353e-22
-2.88424762666166e-11
-1.071553146924429e-19
5.02387124446059e-24
1.964716126770732e-08
-0.0004775561266204053
1.072625698919719e-38
-1.950346277868576e-25
4.065767230197814e-23
3.185943989870993e-25
-2.853499561966694e-25
-3.802715035495875e-12
-1.024077312558504e-22
3.724747002091212e-10
2.593468982126664e-09
-1.090374441512125e-38
2.99764118718845e-23
1.118611727877323e-23
-1.297955173354663e-22
8.341238290826479e-11
1.919941346571218e-20
-1.163722851569867e-24
-5.652135629167332e-08
0.0001233044809145578
-1.773687255813369e-38
1.449760412489158e-25
-4.226347468978824e-23
-6.781489373303375e-25
2.195032957519686e-25
-8.508146596635152e-13
1.847729328906752e-22
-7.987574755993498e-11
5.799172941267425e-10
-6.672077008996779e-27
-9.349202982425432e-24
8.470329472542821e-24
2.426405030486795e-23
-5.435397212891644e-11
-7.532946345594567e-21
-3.321887180552781e-25
3.411581680069571e-08
-3.090519802826143e-05
9.035782121867183e-40
-1.790273745508237e-26
1.542395962117108e-24
4.254546716326663e-26
-8.37896305679106e-25
2.083064823609668e-12
-9.435638561041543e-24
7.760945609890498e-11
-1.420501463687935e-09
6.155077654858797e-27
8.626915051247162e-24
-8.470329472543214e-24
-2.238390139179843e-23
5.014224488902943e-11
4.054464374863746e-21
1.261865449441105e-25
-3.147228387563327e-08
2.851042819024193e-05
6.672077008996791e-27
9.349202982425436e-24
-8.470329472542842e-24
-2.426405030486799e-23
5.435397212891675e-11
7.453889935837844e-21
3.321887180552776e-25
-3.411581680069574e-08
3.090519802826144e-05
-9.035789352916306e-40
1.790273745503832e-26
-1.542395230730999e-24
-4.254546716326496e-26
-6.914097354754966e-25
-2.083064823605849e-12
9.435638561041421e-24
-7.760945609838846e-11
1.420501463687708e-09
-6.155077654858795e-27
-8.626915051247167e-24
8.470329472543293e-24
2.238390139179843e-23
-5.014224488902949e-11
-4.043170600887366e-21
-1.261865449441267e-25
3.147228387563329e-08
-2.851042819024193e-05
-5.00017143528694e-40
-2.343544310317406e-25
1.187546492177874e-25
2.898880164900467e-25
3.246876013277516e-12
7.8764658304708e-13
6.000128704192385e-24
-2.880991635612411e-09
-2.161960570658221e-06
-5.030620149786318e-40
-2.366346357955207e-26
1.829758914652955e-25
2.100375264577211e-26
3.804531959338256e-13
1.472939947066728e-12
5.152907492689234e-24
-3.641141248708315e-10
-2.542336188941151e-07
2.073786391228934e-40
2.135644638080614e-25
1.227531428349043e-25
-2.697102328728148e-25
-2.925770380722836e-12
3.255705696176142e-12
-2.627333145502569e-24
2.577656385250775e-09
1.945427076369878e-06
6.598603962824966e-40
-2.468843622810551e-25
8.457845825908935e-25
3.32050194965609e-25
3.246876013277505e-12
-7.876465835429471e-13
-6.673564901015749e-24
-2.810986955761982e-09
-2.160886320632238e-06
-3.624371791530872e-40
3.272576599837391e-26
8.220273499083164e-26
-5.18719528799835e-26
-3.804531959340556e-13
1.472939946883205e-12
4.663175160795047e-24
3.028443414897785e-10
2.522247264587766e-07
-3.434742741862323e-40
2.200813550567881e-25
-9.851074792044892e-25
-2.907202825760496e-25
-2.925770380722302e-12
-3.255705697395869e-12
3.041436007157526e-24
2.551403764337201e-09
1.949867418567941e-06
5.000171435286944e-40
2.343544310317416e-25
-1.187546492177514e-25
-2.898880164900433e-25
-3.246876013277478e-12
-7.876465830386097e-13
-6.000128704192412e-24
2.880991635612401e-09
2.161960570658222e-06
5.030620149786157e-40
2.366346357954572e-26
-1.829758914655115e-25
-2.100375264577576e-26
-3.804531959340866e-13
-1.472939947074316e-12
-5.152907492689216e-24
3.641141248709197e-10
2.542336188941184e-07
-2.07378639122919e-40
-2.135644638080742e-25
-1.227531428351931e-25
2.697102328728134e-25
2.925770380722332e-12
-3.255705696174378e-12
2.627333145502613e-24
-2.577656385250594e-09
-1.945427076369866e-06
-6.598603962824902e-40
2.468843622810542e-25
-8.457845825909118e-25
-3.32050194965613e-25
-3.246876013277547e-12
7.876465835334182e-13
6.673564901015733e-24
2.810986955761997e-09
2.16088632063224e-06
3.624371791530742e-40
-3.272576599838161e-26
-8.220273499108711e-26
5.187195287998008e-26
3.804531959338201e-13
-1.472939946894454e-12
-4.663175160795105e-24
-3.02844341489704e-10
-2.522247264587836e-07
3.434742741861988e-40
-2.200813550567733e-25
9.851074792045065e-25
2.90720282576043e-25
2.925770380722816e-12
3.255705697378576e-12
-3.041436007157408e-24
-2.551403764337376e-09
-1.949867418567941e-06
1.323605108850168e-41
2.314355972674901e-28
-1.624358975051133e-29
7.14107320733923e-38
-6.172339117381483e-25
1.775409883735393e-22
7.616365113383489e-40
8.169798647279852e-23
4.225004415632695e-25
-2.065063827350434e-26
3.735011420639784e-25
-3.097402834780458e-13
-4.209429486995302e-24
1.072696820490587e-24
-6.094420787056121e-11
5.490782831290628e-22
-5.897686301938342e-10
2.083909996524048e-08
-1.6851202254253e-28
-6.030697104615264e-12
-1.644955373946583e-22
1.421838784682538e-21
-9.090655159916717e-10
-2.911082833123579e-19
7.416269030819909e-24
3.095829152270636e-07
-0.0006753661681428989
1.475098183308875e-41
-2.31435597277397e-28
1.624358970016084e-29
7.14107320733923e-38
-6.172339117381504e-25
1.775409883735393e-22
7.609590137131294e-40
8.169819347508969e-23
4.224859128549654e-25
2.065063827343487e-26
3.063350805674586e-25
3.097402833577187e-13
-4.209429486995314e-24
1.138414816867324e-24
-6.094420787059425e-11
5.490598126366796e-22
-5.897686301938343e-10
2.083882292510884e-08
1.685120223459482e-28
6.030697104396705e-12
-1.005828457988444e-21
1.421838784682538e-21
-9.090655159917156e-10
-2.905661822261152e-19
7.41611830908507e-24
3.095775212075928e-07
-0.0006753661681428989
-5.331971874779279e-26
2.202208308508241e-25
-7.997459728177206e-13
-2.722133255525383e-25
-9.200111734766323e-25
-1.573509216769124e-10
-3.344448220387754e-26
-1.475401840918847e-09
5.380632474384013e-08
1.510591472298853e-25
1.694734031881736e-11
-1.046448046936688e-22
-2.738143924617282e-22
6.002442697503334e-10
5.149960319306146e-20
-1.072440495045213e-24
-1.925020105391151e-07
0.0001743788005714161
-1.192265156613332e-26
3.330789190426793e-25
-1.788286360453623e-13
-1.641708816759382e-24
2.521981161217226e-25
-3.518615481974563e-11
2.003834083058384e-22
-8.855944310390778e-10
1.203145997462424e-08
5.331971874777406e-26
2.666416042968557e-25
7.997459728720049e-13
-2.722133255525369e-25
-1.016471634192355e-24
-1.573509216768953e-10
-8.113508846836278e-26
-1.475401840918847e-09
5.380560942929618e-08
1.501120492260028e-25
-1.694734031874107e-11
1.385247155663656e-22
-2.738143924617282e-22
6.002442697503492e-10
5.154477830512285e-20
-1.072016939941608e-24
-1.924868523771189e-07
0.0001743788005714161
1.192265156611741e-26
2.768056202220639e-25
1.788286359751894e-13
-1.64170881675939e-24
3.389061374965876e-25
-3.518615481976426e-11
2.003727443620888e-22
-8.855944310390778e-10
1.203130002542969e-08
-1.886889229971256e-24
-6.57135859681386e-12
1.074800048807177e-23
1.403922236991202e-23
1.364025417545324e-10
-1.514494909690689e-20
-5.151902869201624e-25
-5.754678788005717e-08
-4.370687032176656e-05
-3.498506893205501e-28
-1.495990102425757e-25
4.380389096090768e-13
2.521448121942411e-26
-3.844152896044194e-24
8.618530549531309e-11
2.34525667684987e-25
-2.829435937960535e-11
-2.947093779864277e-08
1.740679809440035e-24
6.062163612136564e-12
-4.094256367132386e-24
-1.29513648874465e-23
-1.258331154881805e-10
5.77111781934459e-21
-1.899868552956648e-25
5.308765886721522e-08
4.031984947988167e-05
1.886889229971259e-24
6.571358596813853e-12
-7.924630904984664e-24
-1.403922236991211e-23
-1.364025417545319e-10
1.490777987167569e-20
5.151902869204966e-25
5.754678788005709e-08
4.370687032176658e-05
3.498506893189177e-28
-1.575930052472544e-25
-4.380389096090757e-13
-2.521448122035057e-26
-3.476301311503996e-24
-8.61853054953022e-11
2.447725433869002e-25
2.829435938073351e-11
2.947093779864244e-08
-1.740679809440034e-24
-6.062163612136575e-12
4.09428926789122e-24
1.295136488744651e-23
1.258331154881803e-10
-5.737236493376483e-21
1.899868552962355e-25
-5.308765886721518e-08
-4.031984947988167e-05
1.886889229971255e-24
6.571358596820084e-12
-1.334085398068887e-23
1.403678607185653e-23
1.364025417545272e-10
-1.516753663678172e-20
-2.202875320611333e-24
-5.755266548186797e-08
-4.370687032176656e-05
3.498506893175474e-28
1.625184429998845e-25
-4.380389096006062e-13
2.521448121942453e-26
-3.855940413620776e-24
8.618530549531395e-11
2.342127517156698e-25
-2.829435937960548e-11
-2.947054600473129e-08
-1.740679809440034e-24
-6.062163612142307e-12
7.659814545497537e-24
-1.294911737086332e-23
-1.258331154881757e-10
5.782411589282002e-21
1.366924497092039e-24
5.309308103118621e-08
4.031984947988167e-05
-1.886889229971258e-24
-6.571358596820077e-12
1.122313442224257e-23
-1.403678607185661e-23
-1.364025417545268e-10
1.493036741962845e-20
2.202875320611669e-24
5.755266548186789e-08
4.370687032176658e-05
-3.498506893191483e-28
1.446735724897455e-25
4.380389096006054e-13
-2.5214481220351e-26
-3.464513793927461e-24
-8.618530549530307e-11
2.450854593562172e-25
2.829435938073337e-11
2.947054600473097e-08
1.740679809440033e-24
6.062163612142318e-12
-7.659753190838673e-24
1.294911737086333e-23
1.258331154881755e-10
-5.74853027139183e-21
-1.366924497091468e-24
-5.309308103118617e-08
-4.031984947988167e-05
3.282825437720027e-40
5.323365648492652e-23
1.195944782982928e-25
-1.633590160434328e-40
3.714874136291399e-25
-3.34466057836976e-23
-2.778504306691595e-40
-5.515519410852628e-23
-2.167923532400101e-25
1.972421865380496e-22
-1.145532458129708e-09
1.056450928698022e-07
3.917125502949397e-25
-2.347861833363904e-25
5.996401016327429e-10
-2.044289454951743e-22
1.186675266364031e-09
-1.094472186927531e-07
-2.12837456435755e-24
3.390661304265376e-07
-0.0003073329421036896
7.259033168796291e-23
1.547552110316835e-09
4.431676380034499e-20
5.15144011554242e-25
-3.513583021921489e-07
0.000318370393529734
-7.86349579507056e-40
5.326661119467385e-23
1.209592511366568e-25
-1.546993168217649e-40
3.717409386236107e-25
-3.344662357765863e-23
2.206282088422155e-40
-5.516993190276105e-23
-2.174026982081135e-25
1.975702573988139e-22
-1.145532458129708e-09
1.056711169896191e-07
3.757551868305258e-25
1.737284045731087e-25
5.993007981523857e-10
-2.045756632443956e-22
1.186675266364031e-09
-1.094588570329461e-07
-2.117761313553087e-24
3.394459567434656e-07
-0.0003073329421036894
7.259014709229105e-23
1.540945812633565e-09
4.436193888009464e-20
5.103976215020344e-25
-3.515281656850078e-07
0.000318370393529734
3.293537615745258e-40
5.323332918556604e-23
1.196174502031428e-25
-1.641887777853058e-40
3.717409386236124e-25
-3.344662357765864e-23
-2.783294938341888e-40
-5.515504773580248e-23
-2.168026265881814e-25
1.972627874056986e-22
-1.145532458129708e-09
1.056455309087118e-07
3.757551868305376e-25
-2.42934548258953e-25
5.99300798152353e-10
-2.04438158483266e-22
1.186675266364031e-09
-1.094474145897088e-07
-2.128136252370092e-24
3.390746591201733e-07
-0.0003073329421036896
7.259014709229109e-23
1.540945812633599e-09
4.499439015814844e-20
5.150374351934987e-25
-3.513621163398947e-07
0.000318370393529734
-7.852783617045334e-40
5.326628389531336e-23
1.209822230415546e-25
-1.538695550798964e-40
3.714874136291379e-25
-3.344660578369762e-23
2.201491456771845e-40
-5.516978553003726e-23
-2.174129715562865e-25
1.975908582664629e-22
-1.145532458129708e-09
1.056715550285287e-07
3.917125502949101e-25
1.601472780737818e-25
5.996401016327559e-10
-2.045848762324873e-22
1.186675266364031e-09
-1.094590529299018e-07
-2.117523001565646e-24
3.394544854371012e-07
-0.0003073329421036896
7.259033168796281e-23
1.547552110316769e-09
4.391018798566293e-20
5.10291045141272e-25
-3.515319798327536e-07
0.000318370393529734
-1.951262412300285e-25
-1.467477103672101e-10
2.727744568623329e-07
-1.732039370342091e-25
-4.827290287605793e-25
1.548262888204096e-09
8.726310791669467e-26
1.520182837705353e-10
-2.825915035239791e-07
2.162479226788172e-23
1.04584559512235e-07
7.935298791718385e-05
-1.581445884492747e-22
9.418410871002845e-10
1.372193374551966e-20
-1.077865238127837e-23
-1.082830407231039e-07
-8.220302044242552e-05
1.153949348932379e-25
2.688125568437595e-10
6.099422280696696e-08
-9.51604478522387e-25
-3.375143360957491e-25
3.46202374094761e-10
-7.284293979121281e-26
-2.784671968312176e-10
-6.318938117434118e-08
1.419350296829939e-25
-1.4674771036721e-10
2.728416508507662e-07
-2.14405672332245e-25
1.740613998409479e-25
1.547386810384856e-09
-6.347527495210155e-26
1.520182837705353e-10
-2.826215535891424e-07
-2.096206807380195e-23
1.044122799220434e-07
7.935298791718385e-05
-1.580890836163439e-22
9.604059682649333e-10
1.373322751949605e-20
8.266770553180365e-24
-1.082059949481431e-07
-8.220302044242553e-05
-5.514115787141707e-26
2.688125568437595e-10
6.100924783954856e-08
-9.608174666140874e-25
-2.625781335764378e-27
3.460064771390411e-10
3.423119416581222e-27
-2.784671968312176e-10
-6.319610057318468e-08
-1.419350296820541e-25
-1.467477103672101e-10
2.727755878739342e-07
-2.144056723322008e-25
-5.078365078876421e-25
1.547386810384892e-09
6.347527495132718e-26
1.520182837705353e-10
-2.825920093277439e-07
2.162412256846075e-23
1.045605923537101e-07
7.935298791718385e-05
-1.581440697023339e-22
9.604059682649194e-10
1.369934620160587e-20
-1.077835288259242e-23
-1.082723222839661e-07
-8.220302044242553e-05
1.272888513759232e-25
2.688125568437595e-10
6.099447570884934e-08
-9.608174666141164e-25
-2.579604851734916e-25
3.460064771390224e-10
-7.816206094601188e-26
-2.784671968312176e-10
-6.318949427550145e-08
1.951262412309682e-25
-1.467477103672101e-10
2.728427818623676e-07
-1.732039370342775e-25
1.383696794284615e-25
1.548262888204069e-09
-8.726310791746871e-26
1.520182837705353e-10
-2.826220593929071e-07
-2.096273777322293e-23
1.043883127635184e-07
7.935298791718385e-05
-1.580896023632848e-22
9.418410871003306e-10
1.376710883738622e-20
8.267070051866328e-24
-1.081952765090052e-07
-8.220302044242552e-05
-4.32472413887315e-26
2.688125568437595e-10
6.100950074143094e-08
-9.516044785223675e-25
7.578179302715932e-26
3.462023740947688e-10
-1.89600173821745e-27
-2.784671968312176e-10
-6.319621367434472e-08
-5.770291061274981e-39
-1.890753878514265e-25
3.94155163593701e-24
6.776752700678809e-39
5.970448805119727e-25
1.553883303757521e-25
2.7729157755059e-39
8.964969385166834e-26
-1.200366890464242e-23
1.49413180629159e-25
1.32281848019313e-24
-2.776149259246211e-10
-2.679801185462305e-25
1.792695704136161e-11
9.156605740816474e-09
-6.672896290993955e-26
-3.141101401757572e-24
3.920261563408987e-10
-1.803220635924737e-22
-1.283302346958748e-09
-7.659414396910325e-08
1.811497932040522e-22
-1.321266997181658e-08
-1.067278569547601e-05
8.270964428834337e-23
4.668986030252388e-10
-6.850788503729608e-08
6.55769752880167e-39
1.660043247142766e-25
-3.942532919655525e-24
7.303165972892105e-39
-3.74970388743635e-25
-1.226327702545229e-25
-2.731031195429376e-39
-7.933200075403361e-26
1.200410774806242e-23
-3.583149246412485e-25
1.719092394062772e-24
2.589033540441317e-10
-4.352197988853595e-25
-1.792695704136264e-11
-8.532007568085961e-09
1.601526629556212e-25
-3.458440483128782e-24
-3.836580870024439e-10
1.803143903788369e-22
1.008693885480788e-09
7.659414396910889e-08
1.802119606982249e-22
1.468385348541192e-08
1.067278569547605e-05
-7.853306221058078e-23
-3.440899656121564e-10
6.850788503729404e-08
-6.555698455021562e-39
-1.660043247143139e-25
3.942532919655502e-24
7.390288238178012e-39
5.791741118500977e-25
1.546282312757947e-25
3.131312743778555e-39
7.933200075411627e-26
-1.200410774806243e-23
3.583149246413356e-25
1.310741400344271e-24
-2.589033540443423e-10
-4.297947136568963e-25
1.792695704136307e-11
9.142111819561793e-09
-1.601526629558194e-25
-3.25439400724935e-24
3.836580870029034e-10
-1.80314390378837e-22
-1.008693885481284e-09
-7.659414396910963e-08
1.811438495583267e-22
-1.342538077142293e-08
-1.067278569547609e-05
8.270621272288399e-23
3.440899656132439e-10
-6.850788503729437e-08
5.766777056750288e-39
1.895382590459354e-25
-3.941584123116423e-24
6.695683195911674e-39
-3.567410815961972e-25
-1.218978356156094e-25
-2.384472911151756e-39
-8.985669614275797e-26
1.200368343335079e-23
-1.785472070549296e-25
1.711871297818107e-24
2.769954453575964e-10
-2.959723236059522e-25
-1.792695704136135e-11
-8.517993494414976e-09
7.975809561900096e-26
-3.302737278522345e-24
-3.917491162088977e-10
1.80321726568429e-22
1.271240952749271e-09
7.659414396910503e-08
1.802176432862476e-22
1.488722156923697e-08
1.067278569547607e-05
-7.853634305430548e-23
-4.615045835533336e-10
6.850788503729665e-08
-5.768776130530399e-39
-1.895382590459731e-25
3.94158412311647e-24
6.775579240369915e-39
5.974034189975537e-25
1.553631659147772e-25
2.772238277880678e-39
8.98566961428354e-26
-1.200368343335069e-23
1.785472070550161e-25
1.317962496588935e-24
-2.769954453578087e-10
-2.905472383773065e-25
1.792695704136139e-11
9.15612589323271e-09
-7.975809561923406e-26
-3.159039166729944e-24
3.917491162092781e-10
-1.803217265684289e-22
-1.271240952749767e-09
-7.659414396910455e-08
1.811495321463495e-22
-1.322201268759719e-08
-1.067278569547595e-05
8.270949356660846e-23
4.6150458355431e-10
-6.850788503729448e-08
6.557697528801666e-39
1.660043247142765e-25
-3.942532919655573e-24
7.303165972892102e-39
-3.749703887436309e-25
-1.226327702545329e-25
-2.731031195429377e-39
-7.93320007540335e-26
1.200410774806237e-23
-3.583149246412486e-25
1.719092394062772e-24
2.589033540441326e-10
-4.352197988853742e-25
-1.792695704136261e-11
-8.532007568085892e-09
1.601526629556212e-25
-3.459973482943782e-24
-3.836580870024421e-10
1.803143903788368e-22
1.008693885480787e-09
7.659414396910856e-08
1.802119606982249e-22
1.46838534854118e-08
1.067278569547596e-05
-7.853306221058079e-23
-3.440899656121561e-10
6.850788503729346e-08
-6.555698455021559e-39
-1.660043247143138e-25
3.942532919655571e-24
7.390288238178012e-39
5.79174111850093e-25
1.546282312757951e-25
3.131312743778554e-39
7.933200075411614e-26
-1.200410774806236e-23
3.583149246413361e-25
1.310741400344272e-24
-2.589033540443435e-10
-4.297947136569113e-25
1.79269570413628e-11
9.142111819561704e-09
-1.601526629558198e-25
-3.252861007434347e-24
3.836580870029003e-10
-1.803143903788369e-22
-1.008693885481282e-09
-7.659414396910875e-08
1.811438495583267e-22
-1.342538077142281e-08
-1.067278569547599e-05
8.270621272288397e-23
3.440899656132439e-10
-6.850788503729334e-08
5.768291987494873e-39
1.890753878513888e-25
-3.941551635937034e-24
6.696856656220565e-39
-3.570996200817785e-25
-1.218726711545908e-25
-2.385150408776976e-39
-8.964969385159162e-26
1.200366890464245e-23
-1.494131806290729e-25
1.707015314213911e-24
2.776149259244109e-10
-2.73405203774905e-25
-1.792695704136137e-11
-8.517513646831223e-09
6.672896290970183e-26
-3.292840474471791e-24
-3.92026156340526e-10
1.803220635924738e-22
1.28330234695825e-09
7.659414396910276e-08
1.802179043439502e-22
1.489656428501758e-08
1.067278569547602e-05
-7.853649377604033e-23
-4.668986030242773e-10
6.850788503729658e-08
-3.183804805010946e-55
-6.089267691668469e-42
1.413542354020872e-39
9.070898073845318e-39
-6.158937615633638e-25
4.919809527112639e-23
-6.96476468759449e-40
6.27712533147909e-23
7.933923701962259e-26
7.012492082380568e-40
-3.091475863765308e-23
-2.198930827268944e-25
1.928846380115166e-23
-2.246010022301277e-09
1.199070779539716e-10
3.189736937495558e-26
-1.81295769878337e-12
-4.967810455330504e-26
-7.606428028445886e-39
-1.608083821110472e-25
1.843400048581096e-23
1.799945012915388e-22
0.001067848390417158
1.339261623467234e-09
-1.473760605528006e-23
-7.354504737770397e-20
1.081039107948015e-12
9.085111018435069e-40
-5.951432202998509e-23
-1.78715281090976e-25
-1.09115319717816e-23
-5.799172941545342e-09
2.72717342991483e-10
-1.748159893723475e-26
-4.678792854629117e-12
1.088410409616047e-25
3.173834747220237e-39
-1.685939930739444e-25
9.55195744220069e-24
-2.964615315390096e-23
-0.0002757172631379902
-5.072875226012775e-09
3.82879480816224e-24
1.100013454436849e-20
-4.093271836477229e-12
-6.739172631644329e-40
2.998070343130848e-23
1.53529798308099e-26
1.125082239911205e-23
-1.296734491015232e-09
4.633691723447991e-11
1.841595479507315e-26
-1.046711615468982e-12
-4.126755913710994e-26
-7.102835703478726e-40
3.384852518511767e-25
-7.28420133506445e-24
-1.230213183300242e-24
6.9106147644705e-05
1.416658512276583e-08
-9.661396951606851e-25
-4.523155938337964e-21
1.143065073044568e-11
1.333448180964236e-40
-6.287159947487785e-24
-1.843878922430234e-26
-4.434345485150918e-25
3.176337834946592e-09
-9.334362410699576e-12
-7.488806679075505e-28
2.562912407325961e-12
6.933983566034188e-26
6.491515282442418e-40
-1.525064900353327e-25
6.719770291993196e-24
1.132314023361142e-24
-6.37512776370937e-05
-1.306885868032217e-08
8.912764107993978e-25
1.343958941630501e-21
-1.054492368667466e-11
7.101128639940422e-40
-3.384852518513126e-25
7.284201335064454e-24
1.226909210887119e-24
-6.910614764470505e-05
-1.41665851227659e-08
9.661396951606902e-25
4.444099530600724e-21
-1.143065073044581e-11
-1.242453503014478e-40
6.09062425991635e-24
1.84387892241596e-26
4.434345485149191e-25
-3.176337834946106e-09
9.334362410749868e-12
7.488806679070606e-28
-2.562912407322131e-12
1.191271513673582e-26
-6.491875102995641e-40
1.525064900350899e-25
-6.719770291993197e-24
-1.135032951666228e-24
6.37512776370937e-05
1.306885868032217e-08
-8.912764107993978e-25
-1.327018284704899e-21
1.054492368667468e-11
5.144352043865068e-41
4.655464905420851e-24
1.069786332948559e-25
-1.375964069058433e-25
4.83428450762529e-06
2.394653367964055e-09
-6.78568836328464e-26
9.690882403206439e-13
1.9251560343106e-12
-5.865730387828215e-41
3.299096436789423e-24
1.954352938830385e-26
-8.157017137173947e-26
5.684829166250005e-07
2.908019284282698e-10
-8.081065246688716e-27
1.812243427451354e-12
2.25580454237329e-13
-1.071709519005299e-40
-1.904693367938327e-24
-9.140323176888514e-26
6.705596950625091e-28
-4.350101517352554e-06
-2.145355891853119e-09
6.089233070627479e-26
4.005682915098557e-12
-1.734764272004515e-12
2.595502993369343e-40
-4.280568263235662e-24
8.664189967609425e-26
-3.078481397095625e-25
4.831882411542364e-06
2.377240369003417e-09
-6.811099127379467e-26
-9.690882406760448e-13
1.925156034310595e-12
-1.07342693176379e-40
3.616184381088156e-24
-3.143986323994718e-27
-3.594496063155336e-26
-5.639908965801006e-07
-2.683454536913603e-10
7.850991395188898e-27
1.812243427251904e-12
-2.255804542373372e-13
-1.81757872947727e-40
1.81937196637531e-24
-8.306885098081583e-26
3.972235651360964e-25
-4.360030424350784e-06
-2.154612846864775e-09
6.162875710401849e-26
-4.00568291644428e-12
-1.734764272004574e-12
-5.975016005965859e-41
-4.476053189691489e-24
-1.069786332948506e-25
1.37596406905834e-25
-4.834284507625291e-06
-2.39465336796405e-09
6.785688363284637e-26
-9.69088240310409e-13
-1.92515603431059e-12
6.509159926130018e-41
-3.43806815421623e-24
-1.954352938832905e-26
8.15701713717059e-26
-5.684829166250078e-07
-2.908019284282711e-10
8.0810652466888e-27
-1.812243427458722e-12
-2.255804542373306e-13
1.108857940719616e-40
1.824458009472073e-24
9.140323176883886e-26
-6.705596951010653e-28
4.350101517352526e-06
2.145355891853123e-09
-6.089233070627456e-26
-4.005682915098204e-12
1.734764272004533e-12
-2.512436597159236e-40
4.101156547506158e-24
-8.664189967610005e-26
3.078481397095546e-25
-4.831882411542365e-06
-2.377240369003425e-09
6.811099127379475e-26
9.690882406682805e-13
-1.925156034310606e-12
1.137769885594028e-40
-3.755156098515182e-24
3.143986323968937e-27
3.594496063150392e-26
5.639908965801164e-07
2.683454536913675e-10
-7.850991395189106e-27
-1.812243427263066e-12
2.25580454237338e-13
1.780430307762976e-40
-1.739136607909211e-24
8.306885098086015e-26
-3.97223565136039e-25
4.360030424350784e-06
2.154612846864744e-09
-6.162875710401817e-26
4.005682916428045e-12
1.734764272004522e-12
1.234913870568721e-54
3.988801177103753e-38
8.201907924782439e-39
-2.735181373368858e-39
2.431079933059513e-22
3.05279020293035e-25
-8.463559325920457e-39
1.065295559854383e-24
-8.461377217701801e-23
3.630142787337498e-39
-2.882808615601853e-22
-2.758564147662614e-25
1.277455508833779e-25
-8.377982268254562e-11
-5.31152875893873e-27
-3.48175780881485e-23
5.706984629259291e-08
-5.158935001544517e-10
2.161930026887324e-38
7.217184076310577e-22
1.722996749008879e-22
-5.743393256797537e-23
-2.887591786483883e-19
4.995663430962069e-11
-1.524659305057738e-22
-0.001849567543023358
-3.402988154018713e-08
-1.581933764570599e-39
1.460920331311468e-22
3.322385617031542e-25
-5.684204121626534e-26
-2.163098818176503e-10
1.654306883671138e-25
1.602026358024493e-23
1.473537095084701e-07
-6.660174987434373e-10
1.684875236178485e-39
-1.355252715606908e-22
-5.199549136263289e-23
1.4907040188584e-23
4.264528546186709e-20
-1.444744851774373e-10
-8.359665655249955e-24
0.000477556178936248
9.789786080988497e-08
1.954555623631485e-39
-1.669545679031426e-22
-2.523516549870418e-25
7.375392819030172e-26
-4.83703031786022e-11
3.17658194682415e-26
-2.030428318207478e-23
3.294929111970171e-08
1.336816440061273e-10
-8.505481694325166e-40
2.668541179236791e-23
1.618983960796539e-23
-3.763486216378278e-24
-1.820556147695979e-20
9.414384132044995e-11
5.51118801145663e-24
-0.0001196960381128348
-5.909032804051812e-08
-1.976492593942315e-40
1.22480265579306e-23
3.405999007176761e-26
-8.850805629821269e-27
1.184787002882524e-10
1.43150633367364e-24
2.27547246306556e-24
-8.070895062983333e-08
-1.229912403908671e-10
6.538188762253351e-40
-2.445400044840227e-23
-1.493533720794408e-23
3.471864890582676e-24
5.60171122989373e-21
-8.684891575334513e-11
-5.047615504125616e-24
0.0001104203116002235
5.45115947028288e-08
8.503371099523517e-40
-2.668541179236793e-23
-1.618983960796541e-23
3.763486216378286e-24
1.782157321023048e-20
-9.414384132045056e-11
-5.511188011456627e-24
0.0001196960381128349
5.909032804051824e-08
1.976492854795118e-40
-1.224802655793092e-23
-3.405999007169221e-26
8.850805629819476e-27
-1.184787002882375e-10
1.217329429928153e-24
-2.275472463065068e-24
8.070895062983251e-08
1.229912403899724e-10
-6.539255731211422e-40
2.445400044840227e-23
1.493533720794408e-23
-3.471864890582676e-24
-5.556536133988211e-21
8.684891575334521e-11
5.047615504125716e-24
-0.0001104203116002235
-5.451159470282884e-08
-4.852068623354162e-42
-9.186682988956253e-28
-4.008582131470681e-28
-7.881710682602119e-39
6.874871898292692e-22
1.069080495284934e-24
1.684978416853097e-39
1.559589746578437e-24
-1.41494736956322e-22
7.065099131738649e-28
-1.751759208914716e-11
-6.404536770910792e-25
4.914681809798469e-25
-2.640596703034165e-09
4.174155923706614e-25
-6.621824983665509e-23
8.992571062086136e-07
8.970828299474706e-10
-5.381132355311938e-26
6.131582548173679e-22
1.044547379025382e-11
-1.633041249130843e-22
-7.538819107739167e-19
1.57454766110565e-09
4.552771370231969e-23
-0.002615681595881173
-5.36213338328586e-07
4.852068623347803e-42
9.186682987351281e-28
4.008582131643442e-28
-7.881710682602197e-39
6.874871898292692e-22
1.069080495284937e-24
1.680531570801367e-39
1.558768064672507e-24
-1.414950954948075e-22
-7.065099131649347e-28
1.751759208851225e-11
-5.174656955820783e-25
4.914681809798492e-25
-2.640596703034294e-09
2.74359436369921e-25
-6.621761791497809e-23
8.992414379979286e-07
8.970828299474708e-10
5.381132355309093e-26
-3.594728384112438e-21
-1.044547378987409e-11
-1.63304124913085e-22
-7.531591089809345e-19
1.574547661105728e-09
4.55277123948534e-23
-0.002615681595881173
-5.362039956128053e-07
1.824200751758698e-27
-4.52302282837511e-11
-3.612252294391077e-25
1.752702176851446e-25
-6.817966790391209e-09
1.015884953462441e-24
-1.8964097890445e-23
2.321871864203852e-06
2.234203360868903e-09
2.011666202330737e-26
-4.396144661058861e-22
-2.935365448535201e-11
4.245446282684747e-23
1.125763256194939e-19
-1.03965357215949e-09
-3.0812149657398e-23
0.0006753658494855247
3.334232628129122e-07
4.079036885562737e-28
-1.011378650822401e-11
-5.710688309783643e-25
2.837492865868664e-25
-1.524549217318433e-09
6.602976998125866e-25
-3.822879225710689e-23
5.191863323403107e-07
1.462056932621501e-09
-1.824200751752149e-27
4.523022828351887e-11
-4.314601942016748e-25
1.75270217685144e-25
-6.817966790391151e-09
1.107489780321613e-24
-1.896246627569078e-23
2.32183140905782e-06
2.234203360868903e-09
-2.011666202329581e-26
4.8448124739995e-22
2.935365448521992e-11
4.245446282684744e-23
1.125763256194939e-19
-1.039653572159518e-09
-3.079415676789216e-23
0.0006753658494855247
3.333970081061854e-07
-4.079036885510778e-28
1.01137865078534e-11
-4.739710166602092e-25
2.837492865868673e-25
-1.524549217318507e-09
4.932394875680264e-25
-3.822842741695654e-23
5.191772862946541e-07
1.462056932621501e-09
-2.783716230488217e-40
1.245743337713699e-25
-9.513982243797887e-23
3.035691406407662e-39
-2.02610276239248e-22
-6.499175537552894e-25
3.224117960254553e-40
-1.317702992422463e-24
9.857348751401579e-23
-3.864516893154305e-23
9.848981073037449e-07
1.896524714394905e-09
-2.269620580781645e-25
4.495232662983833e-09
3.3369305836277e-26
4.004639943204803e-23
-1.020603639706447e-06
-1.96464007165279e-09
5.420413169256784e-23
-0.001190292338974653
-5.872797650245481e-07
3.139088258886259e-23
1.212499429993779e-19
-2.680438882429152e-09
-5.614572849510289e-23
0.001233042737789681
6.085704310579511e-07
-2.363834422656824e-40
1.824340455756504e-25
-9.519690166960994e-23
3.030376231536485e-39
-2.026112825899484e-22
-6.503566719267008e-25
3.036341107289356e-40
-1.343578642173076e-24
9.85990141224219e-23
-3.868920165580643e-23
9.860014030536804e-07
1.896524714394905e-09
-2.261881152450717e-25
4.476043102303284e-09
-7.556627082999043e-25
4.006609146498552e-23
-1.021097048565675e-06
-1.964640071652789e-09
5.463449295198307e-23
-0.001190292338974652
-5.879376435035194e-07
3.133193523734332e-23
1.187201378871627e-19
-2.668996439191801e-09
-5.63381919012902e-23
0.001233042737789681
6.088646432579339e-07
-2.715097617961074e-40
1.258735269388284e-25
-9.513925553885723e-23
3.03037623153652e-39
-2.026112825899483e-22
-6.503566719267029e-25
3.193430783828134e-40
-1.318284009270129e-24
9.857323398902132e-23
-3.864616808744422e-23
9.849228809200568e-07
1.896524714394906e-09
-2.261881152450783e-25
4.476043102303384e-09
1.585676029643116e-26
4.004684626815105e-23
-1.020614718804471e-06
-1.964640071652789e-09
5.428023239614569e-23
-0.001190292338974653
-5.872945371552473e-07
3.133193523734395e-23
1.208885422321337e-19
-2.668996439191862e-09
-5.617976176437031e-23
0.001233042737789681
6.085770373556344e-07
-2.29521581012974e-40
1.837332387430839e-25
-9.519633477048831e-23
3.035691406407644e-39
-2.026102762392481e-22
-6.499175537552849e-25
3.005653930862887e-40
-1.344159659020749e-24
9.859876059742743e-23
-3.869020081170757e-23
9.860261766699921e-07
1.896524714394904e-09
-2.269620580781599e-25
4.495232662983637e-09
-7.71302980461894e-25
4.006653830108854e-23
-1.0211081276637e-06
-1.96464007165279e-09
5.471059365556121e-23
-0.001190292338974652
-5.879524156342185e-07
3.139088258886216e-23
1.179973364172979e-19
-2.680438882429035e-09
-5.637222517055734e-23
0.001233042737789681
6.088712495556172e-07
-1.639175923751846e-39
-6.03878427262959e-42
5.416973661603882e-40
2.253541258621754e-23
1.76890667902343e-25
-2.319147414120137e-23
3.647930038164221e-26
-1.183601605711214e-23
-3.740087500716825e-26
1.459204159703206e-25
-1.169871088908604e-23
-1.253565553892134e-26
-2.226727781122752e-10
6.212977916269217e-09
-3.7833934492586e-11
-1.088016596423373e-25
5.01321368893718e-12
1.973573142332848e-25
-2.897541037373295e-23
-6.98054456067182e-26
1.459654005262239e-23
-2.823411408843734e-09
-0.0002013554141619557
-6.313339838423105e-10
-2.277938122977554e-12
7.837878210645083e-21
-5.096067227389598e-13
-1.639125053240054e-39
-6.038784272629809e-42
5.41674616175904e-40
2.253541258621755e-23
1.768906679023501e-25
-2.319147414120137e-23
3.647930038164085e-26
-1.183601605711214e-23
-3.740087500716416e-26
1.459204159703204e-25
-1.169871088908604e-23
-1.253565553889486e-26
-2.226727781122384e-10
6.212977916269194e-09
-3.783393449269536e-11
-4.862436410180527e-26
5.013213688937184e-12
1.976560861445788e-26
-2.897541037373296e-23
-6.98054456067237e-26
1.459654005262237e-23
-2.823411408843756e-09
-0.0002013554141619557
-6.313339838421976e-10
-2.277938123005728e-12
7.837878210645083e-21
-5.096067226543581e-13
-6.899776687739097e-27
-2.257838113969758e-24
-3.874357092741936e-26
-4.971813075173312e-10
1.604184000008588e-08
-8.030073963684143e-11
4.745635576501775e-26
1.294363899136463e-11
-1.192254766442489e-25
-1.504782938084768e-24
6.027055597687127e-26
-1.088028003312602e-23
1.069456000005671e-08
5.198974330923286e-05
2.391376314957247e-09
8.629092660906551e-12
9.882051118616302e-23
1.929586848568175e-12
-3.874357092740971e-26
-1.632012323096558e-23
-7.785465636626399e-26
-8.030073963679143e-11
3.58706447243615e-09
-1.10522914681535e-11
-3.898412720997191e-26
2.894380272822181e-12
9.289589788737472e-26
-6.899776687738596e-27
-2.257838113969759e-24
-3.874357092739783e-26
-4.971813075173521e-10
1.60418400000859e-08
-8.03007396367739e-11
1.559918539211812e-26
1.294363899136467e-11
-1.454403872727448e-26
-1.505667880541585e-24
6.027055597687436e-26
-1.08798842748281e-23
1.069456000005674e-08
5.198974330923286e-05
2.391376314957258e-09
8.629092660913843e-12
9.882051118616302e-23
1.929586848546376e-12
-3.874357092740921e-26
-1.632012323096558e-23
-7.785465636629912e-26
-8.030073963677008e-11
3.587064472436116e-09
-1.105229146821645e-11
-4.240749430537257e-27
2.894380272822156e-12
-9.636721157518474e-27
-1.176288627061031e-28
8.364807180028259e-26
-5.219830313414258e-25
-2.986578376974196e-08
-1.303085864055357e-05
-6.67819227104434e-09
-2.409785693415599e-11
3.169314940944034e-22
-5.388460429921897e-12
-3.179458779040175e-28
-1.884315197608901e-25
-1.106683045943596e-27
-2.291041499927604e-11
-8.786477631936956e-09
-2.20325280526911e-11
-7.252364374868308e-26
-7.089566801690971e-12
-3.450103681796834e-26
1.085141529154992e-28
-4.31398751837958e-26
4.81536122573606e-25
2.755157323245822e-08
1.202104509220084e-05
6.160719063484452e-09
2.223058584986321e-11
2.519923018081543e-22
4.970924697300922e-12
1.176288627077802e-28
-8.364807180025513e-26
5.219830313414254e-25
2.986578376974196e-08
1.303085864055357e-05
6.678192271044378e-09
2.409785693415599e-11
-3.028142786434124e-22
5.388460429921957e-12
3.179458779936032e-28
2.27738657275184e-25
1.106683046014416e-27
2.291041499917787e-11
8.786477631936858e-09
2.203252805266744e-11
-8.691783867055754e-26
7.08956680169026e-12
-3.80178295360787e-27
-1.085141529144378e-28
4.313987518384505e-26
-4.815361225736048e-25
-2.755157323245821e-08
-1.202104509220084e-05
-6.16071906348446e-09
-2.223058584986321e-11
-2.541098841762901e-22
-4.970924697300935e-12
1.176288627300048e-28
8.364807180028176e-26
-5.220882417946866e-25
-2.986578376974198e-08
-1.303085864055357e-05
-6.678192271044348e-09
-2.409785693415783e-11
3.190490769674101e-22
-5.388460429916431e-12
-3.179458779041163e-28
-1.884315197608902e-25
-1.106683045936751e-27
-2.291041499927674e-11
-8.786477631936956e-09
-2.203252805269207e-11
-7.443564875118357e-26
-7.089566801690965e-12
-3.359772333835901e-26
-1.085141528147458e-28
-4.313987518379504e-26
4.816331805825363e-25
2.755157323245824e-08
1.202104509220084e-05
6.16071906348446e-09
2.22305858498649e-11
2.498747194400186e-22
4.970924697295881e-12
-1.176288627283206e-28
-8.36480718002543e-26
5.220882417946862e-25
2.986578376974198e-08
1.303085864055357e-05
6.67819227104439e-09
2.409785693415783e-11
-3.028142786434124e-22
5.388460429916497e-12
3.179458779936821e-28
2.27738657275184e-25
1.106683046007955e-27
2.291041499917854e-11
8.786477631936858e-09
2.203252805266841e-11
-8.50058336680574e-26
7.089566801690266e-12
-4.705096433217741e-27
1.085141528158097e-28
4.31398751838443e-26
-4.816331805825349e-25
-2.755157323245823e-08
-1.202104509220084e-05
-6.160719063484469e-09
-2.22305858498649e-11
-2.541098841762901e-22
-4.970924697295896e-12
3.872098653262941e-39
-3.761581922631323e-39
-3.849106447591273e-39
1.455011964649214e-25
-4.583243188212637e-23
-1.439099102688208e-25
-4.030368654130904e-23
-3.061076211367646e-25
3.987354607124274e-23
-2.712716496829765e-25
6.374199409738938e-23
2.060442634883916e-25
-2.104880232520642e-25
1.769443847680079e-10
6.115344781553521e-25
5.438010105620864e-10
-1.19899902947115e-07
-1.09150605263953e-10
7.110075269687529e-23
-6.776263578034406e-23
-8.122536010209167e-23
-1.053136014957713e-10
3.094493699558653e-20
-2.354978325744338e-11
7.174128944875321e-08
0.0003487576243936275
1.60418400000575e-08
3.872098653262941e-39
-3.761581922631319e-39
-3.8491064475912e-39
1.455011964649161e-25
-4.583243188212637e-23
-1.439099102688049e-25
-4.030368654130905e-23
-3.061076211367707e-25
3.987354607124274e-23
-2.712716496829702e-25
6.365376149871706e-23
2.06044263488371e-25
4.351418409563836e-26
1.769443847680078e-10
5.230986080386986e-27
5.438010105620225e-10
-1.19899902947115e-07
-1.091506052638159e-10
7.110075269687527e-23
-6.776263578034403e-23
-8.122536010209003e-23
-1.053136014958809e-10
3.103528718739756e-20
-2.354978325711586e-11
7.174128944875362e-08
0.0003487576243936275
1.604184000005745e-08
-1.196680019279088e-26
-3.877603364344119e-24
3.962350519113887e-26
5.515264085401671e-26
4.568667983045806e-10
-4.889136976347312e-25
-4.962456617697093e-23
-3.095802182174447e-07
-5.957875628982204e-10
-2.58506890956275e-24
1.996529980101011e-23
2.449244747108223e-23
3.045778655363734e-10
2.25875455293792e-22
6.810592545170059e-11
-2.063868121449629e-07
-9.004881119868653e-05
-4.614949416156165e-08
3.962350519115204e-26
3.673867120662324e-23
1.628408154854483e-25
-1.754434438494338e-25
1.021588881774354e-10
2.19560765325869e-25
-5.957875628983685e-10
-6.922424124234268e-08
-2.664446889956313e-10
-1.196680019279451e-26
-3.877603364344119e-24
3.962350519116132e-26
-1.417172555779002e-26
4.568667983045806e-10
1.269639392271985e-25
-1.21858997319279e-23
-3.095802182174447e-07
-5.957875628984715e-10
-2.585068909562743e-24
1.996529980101011e-23
2.449244747108213e-23
3.045778655364018e-10
2.25875455293792e-22
6.810592545161619e-11
-2.063868121449631e-07
-9.004881119868653e-05
-4.614949416156171e-08
3.962350519115565e-26
3.673867120662324e-23
1.628408154854407e-25
-2.879520106246114e-26
1.021588881774354e-10
-1.304887190343013e-25
-5.957875628984058e-10
-6.922424124234268e-08
-2.664446889955524e-10
8.450833149062325e-28
1.885350621250021e-27
1.889663738724316e-28
-1.388255390645239e-25
-1.442303796498308e-22
-5.864571940624798e-25
-3.779327472780818e-28
-4.857450994972713e-25
7.886881473624762e-23
2.960926634781185e-25
3.595073778753615e-11
4.523737161891154e-25
-1.20504847412088e-24
1.273310380526278e-09
-6.888337977617728e-25
-1.824219405246649e-09
-4.083584311327654e-07
-1.193764486606977e-09
-2.202099227744178e-11
-3.103991277050528e-22
-4.924043566529879e-12
-3.319425962149493e-09
8.077306185017008e-20
-7.422488856472037e-10
1.130436973920906e-06
0.0004932172663719257
2.527733917965889e-07
-8.450833149122114e-28
-1.885350621249481e-27
-1.889663738833043e-28
-1.388255390645223e-25
-1.442303796498308e-22
-5.864571940624816e-25
3.779327482375417e-28
-4.840587906370571e-25
7.886898375291061e-23
3.511322746758244e-25
-3.59507377873744e-11
4.008977463409561e-25
-1.27984350204787e-24
1.273310380526312e-09
-5.52431338648179e-25
-1.824219405246649e-09
-4.083262758153517e-07
-1.193764486606976e-09
2.202099227732871e-11
3.393143337381484e-22
4.924043566349477e-12
-3.319425962149464e-09
8.077306185017008e-20
-7.422488856472402e-10
1.13041727774664e-06
0.0004932172663719257
2.527689875981335e-07
8.450833149062284e-28
1.885350621250002e-27
1.889663738724316e-28
-1.388255390645392e-25
-1.442303796498308e-22
-5.864571940624348e-25
-3.77932747261774e-28
-4.857450994972652e-25
7.886881473624763e-23
2.956918855111321e-25
3.595073778753615e-11
4.865534815714241e-25
-4.38379927237549e-25
1.273310380526278e-09
1.863905101561221e-24
-1.824219405246732e-09
-4.083584311327653e-07
-1.193764486607561e-09
-2.202099227744191e-11
-3.10400242321961e-22
-4.924043566529957e-12
-3.319425962149805e-09
8.077306185017008e-20
-7.422488856462786e-10
1.130436973920906e-06
0.0004932172663719257
2.527733917965892e-07
-8.450833149122096e-28
-1.885350621249459e-27
-1.889663738833024e-28
-1.388255390645375e-25
-1.442303796498308e-22
-5.864571940624364e-25
3.779327482538419e-28
-4.840587906370508e-25
7.886898375291061e-23
3.515330526428191e-25
-3.59507377873744e-11
3.667179809587969e-25
-5.131749551645365e-25
1.273310380526312e-09
2.000307560674802e-24
-1.824219405246732e-09
-4.083262758153517e-07
-1.193764486607561e-09
2.202099227732883e-11
3.393122551909927e-22
4.924043566349554e-12
-3.319425962149775e-09
8.077306185017008e-20
-7.422488856463153e-10
1.130417277746641e-06
0.0004932172663719257
2.527689875981337e-07
1.444383360462324e-41
-1.737713327528532e-40
-6.561839889619119e-42
-1.275242006376353e-26
7.088295022088428e-25
1.322339033067029e-26
2.965925939933044e-24
1.087242027799884e-27
-2.736105181974426e-24
8.921288227303996e-24
1.505520835811784e-26
-8.230004202048275e-24
-1.735045247424028e-08
7.621474993506062e-12
1.600601764366637e-08
-1.399963085878255e-11
-1.852855356300913e-26
1.291484120447102e-11
1.256156687872296e-25
-3.04504724827481e-24
-6.403083821840205e-26
5.046796481394232e-05
1.54644611773719e-09
-4.655733949339606e-05
-3.071906156048757e-21
1.247791056329279e-12
7.962109704190424e-22
-1.447980448847858e-41
1.661497743969113e-40
6.577926557913428e-42
1.2752420063769e-26
-7.088295022088355e-25
-1.322339033068277e-26
-2.965925939933042e-24
-1.087242027800232e-27
2.736105181974426e-24
-8.921288227303991e-24
-1.505520835794525e-26
8.23000420204826e-24
1.735045247424027e-08
-7.621474993554775e-12
-1.600601764366637e-08
1.399963085878253e-11
-5.857059410302185e-26
-1.291484120447105e-11
-1.256156687873269e-25
2.981256416015447e-24
6.403083821829139e-26
-5.046796481394229e-05
-1.546446117737123e-09
4.655733949339602e-05
3.071906156048757e-21
-1.247791056336416e-12
-7.764468689896033e-22
1.44798044884742e-41
-1.737991956796725e-40
-6.577926557919309e-42
-1.275242006378379e-26
7.088295022088363e-25
1.322339033067299e-26
2.965925939933044e-24
1.087242027799985e-27
-2.736105181974425e-24
8.921288227303996e-24
1.505520835812042e-26
-8.230004202048259e-24
-1.735045247424027e-08
7.621474993503364e-12
1.600601764366635e-08
-1.399963085878253e-11
-2.32746642908211e-26
1.291484120447102e-11
1.256156687872414e-25
-3.045047248274797e-24
-6.403083821840765e-26
5.046796481394233e-05
1.546446117737189e-09
-4.655733949339602e-05
-3.07472959853311e-21
1.247791056331494e-12
7.933875259152054e-22
-1.444383360462815e-41
1.661776373237336e-40
6.561839889613467e-42
1.275242006378861e-26
-7.088295022088553e-25
-1.322339033067521e-26
-2.965925939933045e-24
-1.087242027801269e-27
2.73610518197443e-24
-8.921288227304003e-24
-1.505520835794769e-26
8.230004202048291e-24
1.73504524742403e-08
-7.621474993527478e-12
-1.600601764366638e-08
1.399963085878256e-11
-1.054970090341838e-26
-1.291484120447102e-11
-1.256156687873243e-25
2.981256416015483e-24
6.403083821829427e-26
-5.046796481394234e-05
-1.54644611773755e-09
4.655733949339615e-05
3.069082713564404e-21
-1.247791056357268e-12
-8.018578574072323e-22
8.804577512995722e-39
-3.179458778829668e-28
7.46542678805526e-38
-4.4798675654613e-08
-2.291041499932244e-11
4.13273598486874e-08
-3.61467854012354e-11
-1.33657804753394e-25
3.334587877479614e-11
5.213153376480381e-26
-1.304731758434305e-25
-3.267168442751904e-26
-1.303080736049196e-05
-5.85765175462473e-09
1.20210484327679e-05
2.668153783851046e-22
-4.726377867787941e-12
2.950498097919576e-22
-7.830534548520798e-25
-1.106683045919532e-27
7.223769773671121e-25
-1.001728840656673e-08
-2.203252805267929e-11
9.241078595226845e-09
-8.082690644875692e-12
-9.490560306439788e-27
7.456387045944756e-12
-7.644091852810256e-39
3.179458780154812e-28
-8.356385354184613e-38
4.479867565461298e-08
2.291041499916691e-11
-4.132735984868735e-08
3.614678540123537e-11
-1.129851782377778e-25
-3.33458787747961e-11
-5.150578495260272e-26
1.47458311792975e-25
3.239184105137858e-26
1.303080736049195e-05
5.857651754624676e-09
-1.202104843276789e-05
-2.632860742699213e-22
4.726377867789744e-12
-2.978732532860526e-22
7.830534548520774e-25
1.10668304603004e-27
-7.223769773670956e-25
1.001728840656673e-08
2.203252805265097e-11
-9.241078595226847e-09
8.08269064487571e-12
-3.502265335287669e-26
-7.456387045944764e-12
7.713326866543139e-39
-3.179458778806723e-28
8.447634391536426e-38
-4.479867565461301e-08
-2.291041499932016e-11
4.132735984868737e-08
-3.61467854012354e-11
-1.314478038784296e-25
3.334587877479611e-11
5.15057849526307e-26
-1.299884728977329e-25
-3.239184105134249e-26
-1.303080736049196e-05
-5.857651754624727e-09
1.202104843276789e-05
2.654036571429281e-22
-4.726377867788493e-12
2.936380880449101e-22
-7.830534548520782e-25
-1.10668304592295e-27
7.223769773670975e-25
-1.001728840656673e-08
-2.203252805268076e-11
9.241078595226839e-09
-8.082690644875699e-12
-1.223072861274678e-26
7.456387045944743e-12
-8.953555824415897e-39
3.179458780139773e-28
-7.253845696569885e-38
4.479867565461303e-08
2.291041499915169e-11
-4.132735984868748e-08
3.614678540123542e-11
-1.259202621922382e-25
-3.33458787747962e-11
-5.213153376477583e-26
1.469736088472889e-25
3.267168442754599e-26
1.303080736049196e-05
5.857651754624831e-09
-1.202104843276793e-05
-2.668153783851046e-22
4.726377867795177e-12
-2.922263668027336e-22
7.8305345485208e-25
1.106683046033188e-27
-7.223769773671123e-25
1.001728840656673e-08
2.203252805266698e-11
-9.241078595226854e-09
8.082690644875699e-12
-7.297777737356097e-27
-7.456387045944751e-12
1.053793078882816e-39
3.244257223792066e-40
-9.678495394921863e-40
1.278085643746897e-23
1.544652857732569e-26
-1.179050597919495e-23
1.846264162262287e-26
-3.714436446822163e-24
-3.971660087543254e-26
-1.98284230285082e-23
-2.78098654400417e-26
1.829197764793363e-23
-1.153021868303272e-10
-1.48788451368923e-24
1.063677641548316e-10
7.237057621647212e-08
1.004219272633414e-10
-6.676279604366726e-08
1.941860701123947e-23
5.963129271733994e-24
-1.786080391721909e-23
-1.233279971202261e-20
5.768307265036938e-11
3.320369153236857e-21
-8.741324488766288e-05
-3.929432253558334e-08
8.063958136954295e-05
-1.053793078882821e-39
-3.244257223792321e-40
9.678495394921114e-40
-1.278085643746896e-23
-1.544652857732716e-26
1.179050597919495e-23
-1.846264162263353e-26
3.714436446822144e-24
3.971660087544398e-26
1.982842302850819e-23
2.780986543995011e-26
-1.829197764793362e-23
1.153021868303273e-10
-1.681525361022448e-24
-1.063677641548319e-10
-7.237057621647212e-08
-1.004219272622592e-10
6.676279604366733e-08
-1.941860701123941e-23
-5.963129271734613e-24
1.786080391721719e-23
1.229891839413244e-20
-5.768307265039682e-11
-3.207431429628929e-21
8.741324488766284e-05
3.929432253558311e-08
-8.063958136954289e-05
1.053793078882808e-39
3.24425722379267e-40
-9.678495394921122e-40
1.278085643746897e-23
1.544652857732608e-26
-1.179050597919494e-23
1.846264162263478e-26
-3.714436446822151e-24
-3.971660087544038e-26
-1.98284230285082e-23
-2.780986544004111e-26
1.829197764793362e-23
-1.153021868303272e-10
-1.493863474353667e-24
1.063677641548318e-10
7.237057621647215e-08
1.004219272633409e-10
-6.676279604366729e-08
1.941860701123938e-23
5.963129271733799e-24
-1.786080391721814e-23
-1.234409348196003e-20
5.768307265037807e-11
3.252606517456513e-21
-8.741324488766289e-05
-3.929432253558338e-08
8.063958136954289e-05
-1.053793078882818e-39
-3.244257223792456e-40
9.678495394921763e-40
-1.278085643746897e-23
-1.544652857733125e-26
1.179050597919497e-23
-1.846264162264913e-26
3.714436446822195e-24
3.971660087544972e-26
1.982842302850821e-23
2.780986543995443e-26
-1.829197764793366e-23
1.153021868303274e-10
-1.482600564151997e-24
-1.063677641548317e-10
-7.237057621647218e-08
-1.00421927262303e-10
6.676279604366736e-08
-1.941860701123947e-23
-5.963129271734054e-24
1.786080391721862e-23
1.231021217214779e-20
-5.768307265047778e-11
-3.331662931252205e-21
8.741324488766293e-05
3.92943225355841e-08
-8.063958136954308e-05
1.322351743635166e-40
8.680931252310572e-41
-5.397016031958035e-41
-4.651192017952701e-26
2.263146063433793e-25
2.876495756496638e-25
2.365851877276973e-25
2.814537824648712e-26
-2.126621421228167e-25
-1.268703141096464e-25
-2.058829467699611e-26
1.1024439098317e-25
-2.929285017646317e-09
-3.51574261721402e-10
2.629403193886287e-09
-2.357824979651307e-12
-2.762785044112682e-13
2.124643645211326e-12
2.22140290984263e-24
1.643196168624858e-24
-9.137144672489797e-25
3.530153751621704e-06
4.146452001997168e-07
-3.178075609330945e-06
4.718146575071389e-13
8.823169815293981e-13
1.950224791501191e-12
-1.149246108351146e-40
1.011904055242275e-40
4.925061487913908e-41
4.500894475225409e-26
2.302169003214404e-25
-2.823499607982418e-25
2.366794113500153e-25
-2.730947389604371e-26
-2.1379810476207e-25
-1.102654406426641e-25
7.198123836212121e-27
1.034393975655405e-25
-2.915067363531235e-09
3.332386268790138e-10
2.636961466003059e-09
-2.357824979651296e-12
2.762785044112447e-13
2.124643645211284e-12
-2.100117972965252e-24
1.746162003461922e-24
8.863794740662308e-25
3.528984256323952e-06
-4.12458195126514e-07
-3.182909641628165e-06
-4.718146572122655e-13
8.823169826601652e-13
-1.950224792744918e-12
-1.253031105612641e-40
-9.217886605529815e-41
5.08700471423361e-41
4.651192017950256e-26
-2.263146063433699e-25
-2.876495756497074e-25
-2.365851877277001e-25
-2.814537824649264e-26
2.126621421228153e-25
1.268703141096222e-25
2.058829467702468e-26
-1.102443909831141e-25
2.929285017646359e-09
3.515742617214591e-10
-2.629403193886253e-09
2.357824979651348e-12
2.762785044113033e-13
-2.124643645211234e-12
-2.163170113525235e-24
-1.688303098692893e-24
8.8767196903179e-25
-3.530153751621745e-06
-4.146452001998008e-07
3.178075609330963e-06
-4.718146575062565e-13
-8.82316981527391e-13
-1.950224791553778e-12
1.079416765210642e-40
-1.065993631854254e-40
-4.612775171741492e-41
-4.500894475222419e-26
-2.302169003213908e-25
2.823499607982698e-25
-2.366794113500202e-25
2.730947389604825e-26
2.137981047620642e-25
1.102654406426964e-25
-7.198123836180035e-27
-1.034393975656001e-25
2.915067363531286e-09
-3.332386268790764e-10
-2.636961466002966e-09
2.357824979651333e-12
-2.762785044112924e-13
-2.124643645211191e-12
2.041885176647736e-24
-1.791268933530128e-24
-8.60336975849106e-25
-3.528984256324025e-06
4.124581951265849e-07
3.182909641628078e-06
4.71814657211736e-13
-8.823169826650178e-13
1.950224792743859e-12
1.322860448753095e-40
8.676990839410952e-41
-5.399291030406346e-41
-4.651192017951541e-26
2.263146063433971e-25
2.876495756496887e-25
2.365851877277003e-25
2.814537824648942e-26
-2.126621421228138e-25
-1.268703141096499e-25
-2.058829467698612e-26
1.102443909831732e-25
-2.929285017646354e-09
-3.515742617214239e-10
2.629403193886219e-09
-2.357824979651339e-12
-2.762785044112713e-13
2.1246436452112e-12
2.221402909842653e-24
1.643196168624857e-24
-9.13714467248983e-25
3.530153751621747e-06
4.146452001997571e-07
-3.178075609330936e-06
4.718146575078447e-13
8.823169815213469e-13
1.950224791546543e-12
-1.149246108351148e-40
1.011904055242278e-40
4.925061487913889e-41
4.500894475223465e-26
2.30216900321369e-25
-2.823499607982545e-25
2.366794113500228e-25
-2.73094738960462e-26
-2.137981047620657e-25
-1.102654406426698e-25
7.19812383621694e-27
1.034393975655425e-25
-2.915067363531326e-09
3.332386268790467e-10
2.63696146600301e-09
-2.35782497965137e-12
2.762785044112725e-13
2.124643645211254e-12
-2.100117972965255e-24
1.746162003461922e-24
8.863794740662257e-25
3.528984256324064e-06
-4.124581951265487e-07
-3.182909641628096e-06
-4.718146572126184e-13
8.823169826572975e-13
-1.950224792750741e-12
-1.253031105612638e-40
-9.217886605529634e-41
5.087004714233663e-41
4.651192017952004e-26
-2.263146063433317e-25
-2.876495756496647e-25
-2.365851877276986e-25
-2.814537824648728e-26
2.126621421228098e-25
1.268703141096196e-25
2.058829467701809e-26
-1.102443909831072e-25
2.929285017646342e-09
3.515742617213914e-10
-2.629403193886185e-09
2.357824979651335e-12
2.762785044112481e-13
-2.124643645211173e-12
-2.163170113525232e-24
-1.688303098692864e-24
8.876719690318014e-25
-3.530153751621724e-06
-4.146452001997223e-07
3.178075609330881e-06
-4.718146575066094e-13
-8.82316981525913e-13
-1.950224791554483e-12
1.079925470328554e-40
-1.065599590564276e-40
-4.615050170189884e-41
-4.500894475224573e-26
-2.302169003213815e-25
2.823499607982441e-25
-2.366794113500208e-25
2.730947389604443e-26
2.137981047620652e-25
1.102654406426949e-25
-7.198123836189442e-27
-1.034393975655961e-25
2.915067363531294e-09
-3.332386268790377e-10
-2.63696146600301e-09
2.357824979651337e-12
-2.762785044112786e-13
-2.124643645211291e-12
2.041885176647729e-24
-1.791268933530108e-24
-8.603369758491141e-25
-3.528984256324034e-06
4.124581951265208e-07
3.182909641628064e-06
4.71814657211736e-13
-8.823169826547829e-13
1.950224792784622e-12
