# Created from matlab git hash 7a85cb21101a410cc7fef3124c6f52da775c291f
# name: foo
# type: matrix
# rows: 1008
# columns: 1
0.003046559323994835
-3.131781702009272e-05
2.748557212776877e-07
-0.0007047419530308502
-5.996156383674145e-05
1.754444331786151e-07
-0.002646166727719995
5.550886470732428e-05
-4.377634929514722e-07
0.0008212439950631288
2.365002138150679e-05
-6.320489196702589e-09
-0.0002819097190524075
-4.797288744249471e-06
1.394266668895476e-07
-0.0006705683727015831
-2.452616731325038e-05
-9.857342697871621e-08
-0.0005893624570913197
9.981533913560453e-07
-4.468708759937279e-11
5.069951324195401e-05
-2.374005383246533e-06
-4.145735838256403e-08
0.0005548275517421513
9.832233701189984e-07
-3.469190544657091e-08
-0.0002544767756379443
-1.479662287074447e-06
5.412721234087688e-09
4.461428242345064e-05
-1.310982758657815e-07
-4.104108310659123e-08
0.0002269454953134996
2.559085231878279e-06
2.423622719824855e-09
-3.881353234663134e-05
-4.014372299117784e-07
2.32213414388678e-09
8.059789710726037e-06
9.89941332125934e-08
-8.954355785837796e-09
3.397891033964849e-05
5.675020440344053e-07
2.902710030534767e-09
-3.340100117850318e-06
-4.800748096171877e-08
2.657884568076873e-10
7.595802553997494e-07
1.862236577299073e-08
-8.923713096378468e-10
2.896865572194022e-06
6.069767209719246e-08
5.262459342097017e-10
-1.961955325042137e-07
-3.522467065436135e-09
1.385290339137967e-11
4.73574298641267e-08
1.640029113341123e-09
-5.298057502548479e-11
1.691951500178471e-07
4.126664915549714e-09
4.930374217751917e-11
-8.793065208557287e-09
-1.85031955257134e-10
3.354575187683194e-13
2.213373044679052e-09
9.494801697643415e-11
-2.182308901175181e-12
7.553666003195224e-09
2.052107075275372e-10
3.053514939348766e-12
-3.233396177100595e-10
-7.647292161085643e-12
-2.878221336805483e-15
8.391847569068024e-11
4.162737212702681e-12
-6.841038013574432e-14
2.769862580600131e-10
8.145005823335329e-12
1.420089525235687e-13
-1.028619305468454e-11
-2.528881178220221e-13
-3.513562954420757e-16
2.702147608984736e-12
1.592420589199788e-13
-1.552717962635554e-15
8.792630624080555e-12
2.660280893753239e-13
5.528988995410878e-15
-1.028036468815441e-13
-2.120404413102597e-14
-2.86700781234099e-16
7.909452338022562e-14
1.683841528415163e-14
2.672620026207683e-16
4.95347790249102e-14
1.297202931996872e-14
6.829683821811295e-16
-1.50589245959272e-14
6.28379458534313e-15
-6.199712915158982e-17
-9.152659319622666e-15
4.872653488850202e-15
-6.508250875020956e-17
1.244748782242675e-14
-3.955497283810665e-15
1.945291998180522e-16
-1.899840230641969e-14
-5.315051506646172e-15
6.382223103462841e-17
1.464961284438908e-14
4.195662837013579e-15
-3.158627806564628e-17
9.139232438358903e-15
3.055182848238063e-15
1.113848522418339e-16
-6.808016756611946e-19
-7.612321240735887e-19
-7.957776828054333e-19
9.799873677989789e-19
8.872144714956685e-19
6.184864025941941e-19
2.177710187933445e-18
6.256028127259655e-19
3.953886401114782e-19
2.837723815683924e-18
2.66436020142876e-19
9.857494288194371e-22
1.861639234152883e-18
4.733809252564142e-19
6.809595029303263e-21
2.970385138771086e-18
-5.970917567919651e-20
1.546948204615754e-20
-6.445839605337438e-19
1.230168293951271e-19
-6.052816762467403e-21
-2.953874344695256e-18
2.006801171316643e-19
1.80152245882645e-20
-1.12685194228521e-18
-6.472961979834936e-19
7.508527907880312e-21
4.988093388123105e-11
5.72896729283821e-12
-3.736221570283239e-11
-2.146585899465034e-09
1.014851850781114e-11
2.392098307255693e-09
-1.072862804962092e-09
-1.213967249071804e-11
1.170513980426071e-09
-7.322572281360387e-11
3.058634813848761e-12
9.619909801491643e-11
3.248190694484701e-11
5.971496868843842e-12
-4.283201268580877e-11
-6.634944995629313e-10
-1.944110657587976e-12
6.599504197603266e-10
2.713797317160766e-11
-1.234868739620484e-12
-2.567264082200341e-11
-6.858009000081349e-11
1.084224979876826e-12
6.386091088853663e-11
-3.643635680968172e-11
-2.774674654781663e-13
3.37856513510174e-11
1.025872768311892e-12
2.027857369720857e-14
-9.344811645718363e-13
-1.128141233492912e-12
-1.837794932075232e-14
1.020889411410207e-12
-4.782283878512962e-13
-2.381704164952567e-14
4.378164661758618e-13
2.280935843537444e-15
-1.002613253173002e-16
-3.384815636570672e-15
-2.394743639856068e-15
6.8066339933411e-17
3.22812859308398e-15
-8.444094472999819e-16
1.342350837591532e-17
1.369921596847024e-15
1.002190222490079e-17
2.540257007947009e-18
5.928657593524627e-18
-4.269753836485875e-18
-3.774666424956313e-19
2.407602662581471e-18
-6.526226580850018e-18
-1.367911651260045e-18
-7.555094066982813e-18
5.441696883722891e-18
-7.657567117429471e-19
6.885416606692384e-19
-1.881131950680754e-18
6.752693486805715e-19
1.607964893016853e-18
-3.551047946420502e-18
2.877567391577968e-19
-2.034195642803354e-18
1.065796611647854e-18
3.281419476595306e-20
9.544442499040493e-19
-2.882715448056327e-19
2.728998323553237e-21
-2.589686432026163e-19
-1.062083029398672e-18
-3.473735515014873e-20
-9.508483427273154e-19
-4.20604463709699e-11
7.111636903878782e-12
3.064572489712992e-11
1.709844636418343e-10
-1.422708596187825e-11
-1.952295406700601e-10
3.788156406183373e-10
6.25260458820102e-11
-3.959928856281395e-10
-3.594957524288714e-12
2.384974289852849e-13
2.647090506286937e-12
-4.172155349509621e-13
-2.210756684548568e-13
8.014160519033786e-13
4.887312718731101e-12
-4.706845592144748e-14
-4.129707633925518e-12
-8.976637979205731e-16
-5.266030555604622e-16
-1.818625838591544e-15
5.883785178083144e-16
3.61998136883766e-16
1.459957151696807e-15
5.07017609416959e-16
2.761119361525585e-16
7.870932500472168e-16
-1.647002655310578e-17
-1.365458264844333e-17
6.97241397224228e-18
2.319640471864264e-18
2.863223758512647e-18
-9.710519859963351e-19
1.467738466260996e-17
1.159559902572605e-17
-6.349762368178459e-18
-4.242914776282244e-11
-8.173998773661491e-12
3.149425203955082e-11
1.690434673837845e-10
1.140946976471416e-11
-1.943621466483711e-10
3.998395165696852e-10
-6.734812610243782e-11
-4.123904806711836e-10
-3.940698799635335e-12
-3.83804152917552e-13
2.847063853536582e-12
-2.684069324305336e-13
3.260703306281993e-13
7.461552908199938e-13
5.07714836065184e-12
1.100547227239859e-13
-4.233723842176712e-12
-1.321167960328957e-15
-1.171795912122613e-15
-2.734365638499323e-15
8.678288594789526e-16
9.767460109659445e-16
2.144492756183658e-15
7.473415860297752e-16
5.079397424000601e-16
1.254074547391523e-15
-2.485457674896941e-17
1.151613578060418e-17
1.869186158610622e-18
3.719312150713178e-18
-3.115446757874378e-19
-9.678367446453871e-20
2.201768575310153e-17
-1.120790865913067e-17
-1.902165129051746e-18
-8.650376449943722e-12
-2.027630761218867e-12
8.975605113070438e-12
2.010131976995999e-11
3.816267634331656e-12
-2.056641054380697e-11
-4.200310894015243e-11
-8.035813780366152e-12
4.337705227848495e-11
-3.638565738238849e-15
-6.691520647971799e-16
2.995595155462384e-15
2.845750853929035e-15
5.321839968786042e-16
-2.32472917374492e-15
1.626179895422469e-15
2.918532434313224e-16
-1.354677818332211e-15
-7.836483812131079e-12
1.447160640237375e-12
7.912306803614804e-12
1.760075228913188e-11
-2.960591158360912e-12
-1.835217728417694e-11
-3.253834232496619e-11
8.281460970036802e-12
3.458883918360033e-11
-4.343746606559485e-15
-1.229204114720976e-15
3.655743611950673e-15
3.13874357150738e-15
6.849684250090944e-16
-2.538386800920509e-15
2.155016860157221e-15
7.806874002751308e-16
-1.904846065651823e-15
-7.634312314130465e-12
-1.109974969381756e-12
7.95585380117142e-12
1.749197436495138e-11
2.19918647254817e-12
-1.865689939882211e-11
-3.176196378848836e-11
-6.50524328895838e-12
3.505722663426103e-11
-5.815059505395306e-15
1.152815147586958e-16
4.416790518941613e-15
4.206380790175081e-15
3.606180763260477e-16
-3.185647906792091e-15
2.894380264472203e-15
-4.127819309024928e-16
-2.212669395167823e-15
-8.957847634204882e-12
2.497526925532921e-12
8.974406750998376e-12
2.14042610623135e-11
-4.739357586592882e-12
-2.118920805157209e-11
-4.442782944786134e-11
1.024485361266844e-11
4.416132572285727e-11
-6.008687837004736e-15
-8.275550596819879e-16
5.63480734734915e-15
4.729544388310487e-15
5.50472547457498e-16
-4.490623932681319e-15
2.704685047252603e-15
4.681962609144296e-16
-2.49174524411006e-15
2.071758795638004e-13
-1.651900541836042e-13
-2.12427882692724e-13
-9.117212264890144e-14
2.366495952389773e-13
1.315754618580653e-13
-9.394645399651056e-13
-3.287723283135031e-13
7.293757529895124e-13
-1.052231252194713e-12
-1.633607500117422e-13
8.364493799105329e-13
1.761585758948149e-12
3.137614247694759e-13
-1.371285776849984e-12
-3.77533497681126e-12
-8.466842379392488e-13
2.784547705017683e-12
-8.84526707983184e-13
1.648582800601901e-13
7.119298382506454e-13
1.42103197466993e-12
-2.998550257840266e-13
-1.127714517696603e-12
-2.771501915869187e-12
7.496208803285666e-13
2.077370405825475e-12
-8.176662334142879e-13
5.737649347847323e-14
7.439843884791481e-13
9.95076129216366e-13
-1.952403717019199e-13
-9.515916956370126e-13
-4.712383289882747e-13
8.599762311788623e-13
5.553761296588551e-13
-7.708828922243838e-13
-2.985808403964164e-14
7.320333498650331e-13
9.337337638744586e-13
1.334169571761244e-13
-9.426864604832299e-13
-3.546611574108504e-13
-7.346584789916583e-13
5.999524004776857e-13
-8.582090782033812e-13
-1.21179563820486e-14
7.146380551694569e-13
1.35932025796154e-12
7.816450640131863e-15
-1.12432851497644e-12
-2.532472130092292e-12
2.457936164479025e-14
2.000402823862005e-12
-1.140067329251148e-12
3.866815206218531e-13
8.402328661338474e-13
1.939738151934098e-12
-7.344368691517818e-13
-1.388964975930909e-12
-4.216252606141743e-12
1.931650781901095e-12
2.808295198451189e-12
1.817414879491191e-13
1.989562138831045e-13
-2.214503398466742e-13
-2.938331245789164e-14
-3.00397897276136e-13
1.352466587810344e-13
-1.133903050000698e-12
4.900532180830872e-13
7.668911973282165e-13
1.747499364607379e-13
-1.638485198583088e-14
-1.644605372939426e-13
-1.296086384028973e-13
1.404132280378352e-14
1.226849216884162e-13
-1.815525260974044e-13
1.824357969148419e-14
1.714241451431062e-13
1.079321142688807e-13
1.687544879998173e-14
-9.319247768741546e-14
3.700602382331706e-14
3.373716339655813e-14
-3.372439112831241e-14
-2.043730882616323e-14
1.85646592540976e-14
1.626843246051852e-14
2.205655143439643e-13
-1.871839209615824e-13
-8.266574785599492e-14
3.35036102159019e-13
-1.932427940578931e-13
-1.970601875303063e-13
1.620105615113096e-13
-6.647724190217601e-14
-1.166541862783479e-13
3.413902188542285e-13
1.500876851959986e-13
-2.916955165535366e-13
4.240053828557575e-13
7.284855433519895e-14
-3.467551505747756e-13
1.766673458035488e-13
-1.147698425778752e-14
-1.387396644436193e-13
3.464062803395596e-13
-3.027197530802472e-13
-1.367093799567319e-13
4.969419747629464e-13
-3.027785989080282e-13
-2.915962307112725e-13
2.316880024884348e-13
-9.974104120433972e-14
-1.66208525591063e-13
6.799997387037976e-14
3.405347586286064e-14
-4.213532303606858e-14
2.273778057486072e-13
-2.167927710919155e-16
-1.873799880272744e-13
1.47185954953463e-13
-1.591136296370148e-14
-1.276172116170679e-13
3.954791879418649e-14
-8.629001852843467e-14
2.271120593227493e-14
2.39421631634147e-13
-1.063511956472549e-13
-1.673090379525008e-13
1.696413396553396e-13
-4.432998674809024e-14
-1.414598134019355e-13
-4.17828830709963e-13
-2.305602676764977e-14
4.019557518133832e-13
2.57896015952499e-13
-8.412306174072923e-14
-2.359096228633476e-13
3.926748250328302e-13
-5.57102544410841e-14
-3.682070844747709e-13
-5.345861877541653e-13
2.378584531171184e-13
3.978438452545579e-13
2.190896356725182e-13
9.212314342688658e-15
-2.290967075321254e-13
4.154627525728721e-13
-1.01455608186737e-13
-3.609775303237066e-13
-3.804737149251155e-14
3.941984716133845e-14
4.023781991348388e-14
1.910125226691371e-13
-2.121843024481475e-14
-1.578356825475923e-13
1.670228210462939e-13
-3.484086781283272e-14
-1.42009649421029e-13
2.012252642018824e-13
-1.805502814170856e-13
-7.336136559187679e-14
3.366357536054845e-13
-1.910885334628485e-13
-2.057962781094126e-13
1.721715364760009e-13
-6.783376303285533e-14
-1.278266405046529e-13
8.637813265285201e-14
5.808534653470841e-14
-5.460670205733427e-14
3.105886004869379e-13
1.195987356775124e-14
-2.601876479675251e-13
2.04037344467452e-13
-1.731299467938319e-14
-1.789998344824167e-13
8.35610626160174e-13
-6.526839744598784e-13
-3.947243341287075e-13
7.707328257961748e-13
-5.353198287769114e-13
-4.028648608837963e-13
2.233526757383819e-13
-1.226056343949322e-13
-1.357790140499031e-13
6.284565921360066e-14
2.653209659119646e-14
-3.405506897407643e-14
2.228178571111047e-13
-1.387192030649362e-15
-1.827779878888414e-13
1.458666787867762e-13
-1.338545783132276e-14
-1.276071381638491e-13
2.088099691911688e-13
-1.267457673125226e-13
-1.206625695782676e-13
1.220348734724038e-13
-1.09233539646723e-13
-4.518610891380799e-14
2.660382414839202e-16
-2.812098821648432e-14
1.981437730272362e-14
1.995380785711858e-13
-4.260735514653462e-14
-1.745685229233321e-13
-1.510126123833625e-13
3.693791930675787e-14
1.308120240229318e-13
-2.096779843000133e-13
4.821723896625812e-14
1.824119081876608e-13
0.02161877071437866
-0.0002422199640741201
-7.852549814145958e-07
-0.003537994109024758
0.0002632060519655538
-6.396405360873398e-07
-0.01955234991781686
0.0001902593969891099
1.540773296230678e-06
-0.0050199954853396
-1.54736976100134e-05
2.709050630849704e-08
0.0006347678656109909
-3.505596915448717e-06
-5.891908445849666e-08
0.004533626859144368
1.666058348302573e-05
-2.393158647789509e-08
-0.0001674204967709743
-1.89730779691107e-06
-9.764425212266882e-09
5.462605902372974e-05
6.327577502389336e-07
1.455539064069866e-09
0.00014107470935931
1.637697567915948e-06
1.015539680625357e-08
-6.979388169047753e-07
-1.098423968499689e-08
-8.531926956983535e-11
2.746126451075457e-07
4.787206047059038e-09
3.229905056229336e-11
5.678542445443396e-07
8.787247858857543e-09
7.889972731517273e-11
-1.05219128698963e-09
-1.958352855310958e-11
-2.044009737673461e-13
4.470734577351009e-10
9.471201693686797e-12
1.001775412951698e-13
8.396194038438367e-10
1.498357162966572e-11
1.694146849855064e-13
-9.534752418811239e-14
-1.275201419454079e-14
-8.620567169827073e-16
4.559390988522669e-14
1.791339991454865e-14
3.619304015011794e-16
4.506156752544521e-14
6.020895503716492e-15
4.834809704102794e-16
-1.414065989950866e-14
-4.374562825309626e-15
-7.329510985466709e-17
1.088381925551537e-14
3.338540957060449e-15
4.835548620780164e-17
6.449294833748769e-15
2.046392867769793e-15
5.036370156272661e-17
-4.478156478364347e-19
2.680036835694329e-19
-6.296966035529358e-21
-8.618808431062067e-20
-4.971529374462663e-20
2.376550129511116e-21
3.872193120991191e-19
-3.624978282985462e-19
4.69773915133388e-21
-3.287644292525815e-09
1.711667759066688e-13
3.55131169590389e-09
5.986605310627052e-09
-6.216594668322955e-14
-6.214659712618816e-09
3.027265872250625e-09
3.235398923901389e-11
-2.424954472058606e-09
-5.326915508927105e-11
-7.231632655719826e-13
4.786529610999096e-11
5.129323531638344e-12
3.688935531559844e-13
-4.67162547943931e-12
6.06000770946763e-11
3.62272833397993e-13
-5.453420704630868e-11
6.391180125748412e-16
-4.72964981354703e-17
-1.275693755250365e-15
-7.050530489933367e-16
3.930243906002704e-17
1.356021674777816e-15
7.259636501253501e-17
1.535145016630728e-17
1.245198501690928e-16
2.533613839603539e-17
1.572697843635004e-19
2.054835338620914e-17
-4.335450235534151e-18
3.63518584215826e-19
-2.143577044128637e-18
-2.196596604703536e-17
-3.987165859633714e-19
-1.886723443412783e-17
2.988423701526476e-10
-5.679782300782428e-12
-3.256986370344628e-10
-2.102825759356178e-10
7.712897378534748e-12
2.479727079916553e-10
-4.028861402717954e-10
-2.280642950484263e-12
3.722348470951337e-10
-1.250853879647758e-15
-7.217891842850991e-16
-1.089320100286793e-15
6.58129563677403e-16
3.40037269585768e-16
9.816159946171657e-16
8.275790413706909e-16
5.041503254123341e-16
3.731568371410142e-16
3.01932742154179e-10
2.189017936036349e-12
-3.293266884513434e-10
-2.097542278845941e-10
-3.7495184888263e-12
2.488817261563083e-10
-4.146706656916935e-10
2.029879910914089e-12
3.822158488349571e-10
-1.873797909989937e-15
-4.628026828805276e-16
-1.967656353551055e-15
9.826490741937164e-16
6.033046955684592e-16
1.562381152910155e-15
1.244670745531448e-15
1.689368741347214e-17
8.555642702132146e-16
2.122511763180831e-11
3.785260263853197e-12
-2.163040006618665e-11
-2.271298323863824e-11
-4.02385045070931e-12
2.318991132749889e-11
-4.59316758574899e-12
-7.087213119939893e-13
4.427396044283629e-12
1.713987162101811e-11
-3.539840336490365e-12
-1.818915697819523e-11
-1.79856350819789e-11
3.951730527383093e-12
1.922942444467713e-11
-4.253641899374156e-12
3.510277383760978e-13
4.039724324851036e-12
1.694270373797229e-11
2.670715224693163e-12
-1.844719349141206e-11
-1.774701432023734e-11
-3.000748747747079e-12
1.950613671484784e-11
-4.286628920508765e-12
-2.424288985788795e-13
4.085407645583848e-12
2.250565771192883e-11
-4.747587935193784e-12
-2.216494847364625e-11
-2.410211829820381e-11
5.079938526376073e-12
2.376123434263545e-11
-4.793291636144697e-12
8.073660871631344e-13
4.527781984005515e-12
1.156990224686491e-12
1.467865220217195e-13
-9.501680993645679e-13
-7.924944693371932e-13
1.974395515894509e-14
6.787347396026841e-13
-4.5999414923241e-13
-2.451478542159019e-13
3.344347458413906e-13
2.606018310926182e-12
6.620174120850483e-13
-1.851580995111189e-12
-8.257603904136082e-13
-2.781899460882785e-13
5.375634933157782e-13
-2.513198966453779e-12
-5.387174020162474e-13
1.879436903959454e-12
1.788070341292991e-12
-5.582776775218695e-13
-1.284202978244124e-12
-4.658767458116809e-13
2.215616349929515e-13
2.948288604002351e-13
-1.884313082293706e-12
4.81291471109599e-13
1.439740412679845e-12
-4.186907650623344e-13
-7.839880409007533e-13
2.301654064666913e-13
7.56882432528009e-13
4.170040254357894e-13
-6.127916560332921e-13
-5.596704675312149e-13
5.037341611245027e-13
6.157367402252758e-13
-4.795455795083553e-13
6.772840996536669e-13
1.687721800688358e-13
7.671538074957675e-13
-3.794029347324673e-13
-5.713653255699063e-13
-4.839190338858757e-13
-4.0801809222397e-13
6.379607818022592e-13
1.577497351930534e-12
-4.142007862887974e-14
-1.206727370760032e-12
-3.617064796502923e-13
2.929405401873047e-14
2.448257719423297e-13
-1.741096452905324e-12
1.296475419017494e-14
1.39973804996981e-12
2.94743932526068e-12
-1.489772919832922e-12
-1.866887520203389e-12
-9.610903457893503e-13
6.146456941633096e-13
5.449998172251369e-13
-2.798571514431055e-12
1.231471793865811e-12
1.898733315828715e-12
1.323152420132154e-12
-2.692392345530084e-13
-9.967369432448395e-13
-8.701808824722888e-13
2.952802963510012e-14
7.116529949956538e-13
-5.813575657452928e-13
3.487125668051789e-13
3.530917692234936e-13
0.02616689352970368
0.000606356101257358
-3.630792838624322e-07
-0.04654110830174141
-6.994380664030456e-05
2.175612590212377e-06
-0.01334054385732741
-0.0007512800024126405
-9.765231473836923e-07
-0.0003991608324114169
-4.676317716828249e-06
-3.037421419434106e-08
0.000216676624827076
2.490353262621089e-06
1.540867697635624e-08
0.0002912743480476874
3.449355465072688e-06
2.321429586705296e-08
-1.938657798107787e-09
-3.321122491677471e-11
-3.463390519104397e-13
1.182486993634242e-09
2.056176355730033e-11
2.181115855814534e-13
1.296673559257054e-09
2.17490107056281e-11
2.239871624641525e-13
-1.019206295029834e-14
-3.233429918850779e-15
-7.829514326033116e-17
7.870051329761752e-15
2.486372952563298e-15
5.725546197108855e-17
4.600706341421839e-15
1.476969380970017e-15
4.082590827687176e-17
4.521192141014754e-09
4.139406638442451e-12
-4.324676754276612e-09
-3.267937115259309e-09
1.317983714344094e-12
3.153677030668375e-09
-5.293613905038137e-09
-1.767793332855061e-11
4.906893217933006e-09
2.780021849704109e-16
-9.884000182697022e-18
4.802766065078893e-16
7.15721929638723e-17
2.134773219995544e-17
1.503110792398651e-16
-2.434412048688967e-16
-4.70004315984602e-18
-7.367664389969302e-16
2.060017835231542e-10
5.623452577825008e-12
-1.885058382241853e-10
-2.530163922028558e-10
-2.751919125784686e-12
2.36887823498107e-10
1.26240314058915e-11
-5.09853900120951e-12
-2.114194592934709e-11
2.133015138782144e-10
-5.42214876553538e-12
-1.943994542808916e-10
-2.606021335669367e-10
2.824609526256572e-12
2.432067673302265e-10
1.104650791499442e-11
4.496264452361468e-12
-2.019792400690897e-11
2.420353146720471e-11
3.904113667347499e-12
-2.444494495120443e-11
-2.529934648478184e-11
-4.106591554033062e-12
2.567835472020123e-11
3.086357234825226e-12
4.464028981689677e-13
-3.309381155183485e-12
1.822867845491348e-11
-4.264400429282297e-12
-1.936925765176025e-11
-1.858241682811628e-11
4.743140774344391e-12
2.003613386613685e-11
1.132610042313489e-12
-1.127749778742679e-12
-1.750532091120757e-12
1.799602231001021e-11
3.283907688595074e-12
-1.964920044753978e-11
-1.828896564971485e-11
-3.67324604222567e-12
2.033362697732642e-11
1.008793388975534e-12
9.208840812779086e-13
-1.792516215576425e-12
2.565373836654126e-11
-4.929480811977082e-12
-2.504139919339286e-11
-2.686169239396959e-11
5.240208697213133e-12
2.630887031838832e-11
3.356633688723324e-12
-6.754740502934645e-13
-3.395274146479186e-12
-0.1721882586376847
0.0008104040990616044
2.846170665552085e-06
0.0397482439836794
-0.0008891721874906691
-2.563191995608225e-06
0.1805533046321862
-0.0002469306162418976
-1.863662791770821e-06
-2.254180679115572e-09
-3.772206176646989e-11
-3.846567356033044e-13
1.591256385203418e-09
2.671716792609759e-11
2.737153952300919e-13
1.252247574269872e-09
2.082348454671226e-11
2.106432673339154e-13
3.072131451079053e-09
1.016851879805423e-11
-2.908147688516368e-09
-3.529626612242663e-09
-1.102506949291663e-11
3.308095784091684e-09
-7.483900676427979e-11
-1.681765992078391e-12
1.048140702164771e-10
3.458767574394873e-10
-8.414775802352562e-12
-3.343834020668929e-10
-4.066442262321707e-10
1.266901720760451e-11
3.983306446620938e-10
1.55940576410149e-10
-1.182303168979592e-11
-1.63437691732506e-10
3.526481946910326e-10
7.778600394058983e-12
-3.404907083520281e-10
-4.135475665549174e-10
-1.158471553493496e-11
4.048411908178757e-10
1.561306462564899e-10
1.074219774453436e-11
-1.643276648350456e-10
-0.3812413999482387
-0.0001798415256632012
7.775385560325684e-07
0.2429218589629842
-7.252232619455546e-05
-1.211458129525887e-06
0.2502140981039296
0.0003797336179806573
4.376786572633023e-07
3.995098696685831e-09
1.153327997083899e-11
-3.6204161329279e-09
-4.569948451880197e-09
-1.234686906561758e-11
4.119967578343001e-09
1.381644110488244e-09
2.025378950348868e-12
-1.179629771991959e-09
0.3740048897865972
0.0009493963994906691
2.301989574273575e-06
-0.5763248218876927
-0.001315507797178536
-2.910802060503569e-06
0.5841333017435242
0.001000244132546939
1.58180564605704e-06
