# Created from matlab git hash 7a85cb21101a410cc7fef3124c6f52da775c291f
# name: foo
# type: matrix
# rows: 1008
# columns: 1
0.003106891951189076
-2.341280214104956e-05
3.465718399070042e-07
-0.0007597618043083591
-6.887588264047562e-05
2.627121011456128e-07
-0.002679553292856926
4.857159587749883e-05
-5.200806543103375e-07
0.0008288570791570056
3.168619450859695e-05
-3.066689036796982e-08
-0.0002906813328358254
-6.507469533862648e-06
2.06302217283314e-07
-0.0006723719134012858
-3.197388153948088e-05
-1.288283861162113e-07
-0.0005892829941641839
1.276140508180165e-06
4.822476303996692e-09
5.734996532104241e-05
-2.956856498114348e-06
-6.270936060786984e-08
0.0005549692176909238
1.271267176125446e-06
-4.887452747482907e-08
-0.0002556015646741632
-1.840531739868282e-06
7.220497494478612e-09
4.734738188130846e-05
-2.079035048485879e-07
-5.903207424756026e-08
0.0002276366721568771
3.183398672065129e-06
3.79187517044502e-09
-3.903164180117613e-05
-4.958304644261874e-07
3.262615561008075e-09
8.431559317592034e-06
1.120069659578514e-07
-1.30683047271883e-08
3.409484774058319e-05
7.03194287504344e-07
4.104423816591074e-09
-3.35885660178436e-06
-5.919616554620438e-08
3.89935791039362e-10
7.872829763610179e-07
2.201416461039521e-08
-1.323687669804701e-09
2.905819945058515e-06
7.512688395632824e-08
7.436691795853143e-10
-1.972306377808848e-07
-4.342118826815312e-09
2.13145417636459e-11
4.877734210585633e-08
1.965711777880358e-09
-7.982998660572186e-11
1.696515436128751e-07
5.106033040016042e-09
6.996846355323617e-11
-8.83628014270992e-09
-2.281040090831703e-10
5.803945214968257e-13
2.270093313286816e-09
1.145734035607798e-10
-3.34571511612965e-12
7.571645536639834e-09
2.539047560939126e-10
4.350369613473129e-12
-3.248306515562745e-10
-9.42913674711944e-12
3.930092789686386e-16
8.581931774201373e-11
5.04302263320378e-12
-1.071615194785645e-13
2.775812108613935e-10
1.007854975196252e-11
2.029703562193479e-13
-1.033681616056095e-11
-3.128830239853729e-13
-3.387829972198683e-16
2.754823254872157e-12
1.927719792094065e-13
-2.525021317274521e-15
8.815786864110495e-12
3.293241226878429e-13
7.895728170636395e-15
-1.231752746338788e-13
-2.558382273603514e-14
-4.001038411727369e-16
9.471613846530646e-14
2.036713209245425e-14
3.515714975732977e-16
5.988470142354564e-14
1.636622401995631e-14
9.782108559945716e-16
-1.812749801287199e-14
7.558586229511889e-15
-8.81915046099688e-17
-1.096341623694589e-14
5.834618524856319e-15
-8.49874277401162e-17
1.534094023421143e-14
-5.03578033367199e-15
2.785849650211126e-16
-2.264202491812594e-14
-6.228489331603949e-15
9.347772199766652e-17
1.745309116213678e-14
4.930276254769765e-15
-5.238656004055407e-17
1.099419745948503e-14
3.735982312195103e-15
1.5578296498484e-16
-1.250719800575648e-18
-1.300946670450789e-18
-1.264108648687214e-18
1.497814659815058e-18
1.353680659545547e-18
9.846976286754078e-19
2.857110722857621e-18
9.597448008229648e-19
6.335267541753632e-19
3.408416578284089e-18
3.297945439877931e-19
-1.607085996361986e-22
2.258088600106258e-18
5.573442288681138e-19
1.041451590703572e-20
3.58173131874191e-18
-6.75771845559505e-20
2.254463211818164e-20
-8.174155304659358e-19
1.56412972231574e-19
-8.592442342601009e-21
-3.655277832539492e-18
2.73509460960583e-19
2.679947425765797e-20
-1.299827724887006e-18
-8.252560910951171e-19
1.138847706555727e-20
2.790960699165807e-10
1.339916864723853e-11
-2.800871066293239e-10
-3.180960997633943e-09
1.98250992992523e-11
3.54714835527786e-09
-2.818623445863194e-09
-1.92974411978378e-11
3.09662613421386e-09
-2.199898596324612e-11
5.456250158854754e-12
6.268499730039271e-11
5.258737161158368e-12
1.144235385290831e-11
-2.049081817615073e-11
-1.151478322361913e-09
-4.342036327285655e-12
1.151171052007725e-09
3.94715349632776e-11
-2.349235155010249e-12
-3.738834767463476e-11
-1.115402048321906e-10
2.094859252163202e-12
1.041316593749852e-10
-5.828538152684166e-11
-4.832299945242451e-13
5.409979986886704e-11
1.74371313729825e-12
3.642055828265354e-14
-1.593319114236114e-12
-1.928796410494461e-12
-3.315029892366293e-14
1.748088992529777e-12
-8.240347904665454e-13
-4.503821448738831e-14
7.576456313536172e-13
3.843601315166806e-15
-2.280100791540365e-16
-6.19263940730158e-15
-4.071751774328966e-15
1.580351042052221e-16
5.850828296206566e-15
-1.442782602556362e-15
4.120048709873228e-17
2.568331224537174e-15
1.62816581787538e-17
5.437856538152739e-18
8.473369918648883e-18
-7.57259320113333e-18
-6.423546723549379e-19
4.510882709259085e-18
-1.031244930543449e-17
-2.876616253773717e-18
-1.158067454840478e-17
8.867459929781775e-18
-1.849010271257166e-18
1.011881524188089e-18
-2.954731523812592e-18
1.577166035684547e-18
2.844813009651046e-18
-5.880501719532707e-18
7.442294112990154e-19
-3.330966536754289e-18
1.744447803704261e-18
5.322061595850519e-20
1.562512290987036e-18
-5.456214992641584e-19
6.219289837723962e-21
-4.901854457896237e-19
-1.774158248000488e-18
-5.846177858861727e-20
-1.588504567813068e-18
-7.643434048667253e-11
9.82562078897958e-12
5.892415790993174e-11
2.553856378627866e-10
-2.445545877077914e-11
-2.929280119239857e-10
6.811795711683461e-10
1.05445624063582e-10
-7.177322181589073e-10
-6.469633040783888e-12
4.758461404837487e-13
4.552987240173685e-12
-5.636386303993891e-13
-4.324189133014902e-13
1.430350763058846e-12
8.604289903219994e-12
-1.054713718853612e-13
-7.164024477158585e-12
-1.982376121976024e-15
-1.030216937800425e-15
-3.908962352570222e-15
1.348404087907596e-15
7.337285284895689e-16
3.096545327818249e-15
1.078335281592665e-15
5.24078263021631e-16
1.734238730643188e-15
-2.965641067662236e-17
-2.391988390777108e-17
1.004535271957868e-17
4.233868962840618e-18
5.494729817150119e-18
-1.292640588271779e-18
2.642832789853443e-17
2.002078750666995e-17
-9.279861264757921e-18
-7.775545261749641e-11
-1.172262749793381e-11
6.092486584610175e-11
2.505616806753493e-10
1.982951840482025e-11
-2.898161508633722e-10
7.211166182647051e-10
-1.140266633884764e-10
-7.502808353931779e-10
-7.126797268325127e-12
-7.370107058721949e-13
4.905981469393867e-12
-2.897387574151226e-13
6.188089026768683e-13
1.3549085206387e-12
8.975491987946287e-12
2.212672796603102e-13
-7.356087762621992e-12
-2.963746471960425e-15
-2.498792399928979e-15
-5.856917193519319e-15
2.015243902308514e-15
2.047262901279199e-15
4.55590573507886e-15
1.625666643009407e-15
1.115930468188457e-15
2.733858343379144e-15
-4.601279934047681e-17
1.767910857382949e-17
-4.883713487057804e-19
7.10991675876267e-18
6.809828331798485e-19
5.878868201299444e-19
4.067567366173402e-17
-1.801430784515342e-17
-1.321479404201409e-19
-1.421754048712374e-11
-3.244181551225289e-12
1.484828204200503e-11
3.419066054519968e-11
6.330694344639593e-12
-3.518081734509565e-11
-7.147328344951969e-11
-1.360498178493611e-11
7.435640685598673e-11
-7.655191598702914e-15
-1.349464513630867e-15
6.215477190411809e-15
5.974476647553823e-15
1.086491792984968e-15
-4.874671724130014e-15
3.436409912574423e-15
5.779589532516643e-16
-2.770873166880123e-15
-1.244451892439201e-11
2.381499765812476e-12
1.263375036388674e-11
2.935725526796957e-11
-4.838842734926385e-12
-3.069535921199052e-11
-5.45183744405537e-11
1.352715599988118e-11
5.80364272491996e-11
-8.979260083468046e-15
-2.396430538574223e-15
7.336340820388007e-15
6.597600262430279e-15
1.392679274770378e-15
-5.24219191503235e-15
4.368031037264244e-15
1.476654626255394e-15
-3.702724417266984e-15
-1.210369342375574e-11
-1.835946363490314e-12
1.269279595977507e-11
2.926381927235495e-11
3.578128686815158e-12
-3.127690841069619e-11
-5.330245054270785e-11
-1.058829649693018e-11
5.888220551675531e-11
-1.203420128654429e-14
1.50954682788125e-16
8.974565000227803e-15
8.853245580432857e-15
6.588644646072647e-16
-6.640757607587747e-15
5.876577605775565e-15
-6.817694564474826e-16
-4.364438168137314e-15
-1.470992714661377e-11
3.999131324730383e-12
1.483591155513503e-11
3.652302500107231e-11
-7.846014380593437e-12
-3.640252787607675e-11
-7.567200176978039e-11
1.726900782992819e-11
7.583401449155234e-11
-1.280864392457657e-14
-1.68593292163679e-15
1.195030317650265e-14
1.010145487721534e-14
1.101803907117522e-15
-9.546009868801326e-15
5.767436105998033e-15
9.770072617826678e-16
-5.283929555961649e-15
2.678397765901318e-13
-2.634997433676322e-13
-2.801007803167133e-13
-5.316807611646031e-14
3.84330961044397e-13
1.255219723337832e-13
-1.634224828380362e-12
-5.658387972539574e-13
1.280950513308469e-12
-1.668969775546413e-12
-2.653278227460962e-13
1.326487419206543e-12
2.878997293258986e-12
5.157031421660606e-13
-2.247344310430327e-12
-6.496972441342278e-12
-1.399838013860767e-12
4.86619173924751e-12
-1.381885933316425e-12
2.438201704568589e-13
1.122526877953323e-12
2.261734843067178e-12
-4.44169516822592e-13
-1.818799156799411e-12
-4.568054896940664e-12
1.108747953251995e-12
3.511438515833402e-12
-1.192808940146057e-12
1.231474891973637e-13
1.087136600547064e-12
1.458550168415872e-12
-3.607956782646306e-13
-1.406095467268317e-12
-7.246498033275854e-13
1.450867356535295e-12
8.608948250054023e-13
-1.120129678543078e-12
-8.240823455661704e-14
1.074853806395718e-12
1.364420833666423e-12
2.655396470894924e-13
-1.403079344353662e-12
-5.460598720814743e-13
-1.253937653480762e-12
9.583198034573163e-13
-1.344480760394298e-12
3.867048654182563e-15
1.125197882629353e-12
2.171553437629211e-12
-3.241539836769735e-14
-1.810951634825021e-12
-4.204018361694391e-12
1.602373080560685e-13
3.376704452085236e-12
-1.805727420561505e-12
6.360826847618003e-13
1.328088312731664e-12
3.160846326102816e-12
-1.21826414850487e-12
-2.270409342053114e-12
-7.18167402321867e-12
3.219775595540147e-12
4.878561056703833e-12
2.22328639781297e-13
3.232566778005092e-13
-2.921673688432357e-13
5.831405692111806e-14
-4.974679445228028e-13
1.258426828614058e-13
-1.977829840510386e-12
8.491337781308641e-13
1.351799038033249e-12
2.806197445411376e-13
-3.086084243618704e-14
-2.616436533249352e-13
-2.058889748744208e-13
2.660368058405205e-14
1.929069199856848e-13
-2.897983696722234e-13
3.471946760503347e-14
2.709456388051435e-13
1.816045649108393e-13
3.083793239544683e-14
-1.566892692727215e-13
7.153371183826307e-14
5.565730823400084e-14
-6.426944051627513e-14
-2.708297312673766e-14
2.94230268353733e-14
2.138589737468827e-14
4.391437499318671e-13
-3.443073467792342e-13
-1.888616567498544e-13
5.587983950545394e-13
-3.340097785184304e-13
-3.203056407625298e-13
2.37754316157444e-13
-1.052505410131134e-13
-1.647896392022201e-13
6.420125976373755e-13
2.390593062745708e-13
-5.457867033237252e-13
7.04361766865221e-13
1.303936115697823e-13
-5.743273989758573e-13
2.593925324494846e-13
-6.864098480045355e-15
-2.012789888895106e-13
5.65464640329386e-13
-4.793390107186173e-13
-2.361364280537052e-13
7.858489240908712e-13
-4.801301434582788e-13
-4.629287930233214e-13
3.583394859858911e-13
-1.583334500838476e-13
-2.551714099864814e-13
1.553796095776986e-13
5.433587293997815e-14
-1.073102918625638e-13
3.726626992925532e-13
3.739433095631715e-15
-3.052834540339059e-13
2.212051636730304e-13
-2.202971440133388e-14
-1.902897026428787e-13
8.316328524137342e-14
-1.426038530134248e-13
1.779048256104082e-14
3.738635503213387e-13
-1.699736573271202e-13
-2.598223761895998e-13
2.551133349918565e-13
-6.854827435376624e-14
-2.116899285264416e-13
-6.305088445562573e-13
-4.604503710167163e-14
6.050285854578413e-13
3.515142747115538e-13
-1.34185922131872e-13
-3.215629833634829e-13
5.629747748479557e-13
-8.448346968311112e-14
-5.278912360884483e-13
-8.096370789260314e-13
3.756138075301093e-13
5.942754687287694e-13
2.780091068322646e-13
4.626364245409449e-14
-3.110933801883989e-13
5.869729096293125e-13
-1.351693159186039e-13
-5.147614264019734e-13
-3.716565829678116e-14
5.78306308363247e-14
4.439820811246342e-14
2.969588510832047e-13
-3.076986373606579e-14
-2.450750589348462e-13
2.49618562614579e-13
-5.070470080369267e-14
-2.122396294110964e-13
3.808955337707217e-13
-3.205082477729156e-13
-1.5772031485292e-13
5.586026153025604e-13
-3.251264697023996e-13
-3.377087351695341e-13
2.642734095505085e-13
-1.091619697805269e-13
-1.927413836730528e-13
1.626850760839065e-13
8.115748986692201e-14
-1.060848658566261e-13
4.909472621411672e-13
1.64871217894124e-14
-4.097086503602642e-13
3.106083351395658e-13
-2.425401883568424e-14
-2.727093577964772e-13
1.44195297200334e-12
-1.101511449686653e-12
-7.035314757150492e-13
1.287551745661259e-12
-9.061292084645203e-13
-6.705410458707363e-13
3.52209536719103e-13
-2.088660575166842e-13
-2.048360338393406e-13
1.645541786555564e-13
3.99788220549527e-14
-1.085228658248077e-13
3.602325131769136e-13
2.533871370265441e-15
-2.915773044749031e-13
2.071492761166041e-13
-1.641069997401427e-14
-1.788732388023099e-13
3.54911335014539e-13
-2.197382430508204e-13
-2.026484426190306e-13
2.190474317840921e-13
-1.899836159939609e-13
-8.609533654881607e-14
9.615397637424374e-15
-4.904685688269152e-14
2.523411475033242e-14
3.149151836357556e-13
-6.244116872038639e-14
-2.781554067220702e-13
-2.347841400936449e-13
5.352598767252092e-14
2.058441608169751e-13
-3.281467776367939e-13
7.030555774572424e-14
2.886315920866421e-13
0.02171967709671372
-0.0003173293330025319
-1.047058777205292e-06
-0.003607602070285848
0.000312654177114957
-1.170950225978352e-06
-0.01961054882373337
0.0002743354920670033
2.111964528297098e-06
-0.005019813177683179
-1.911967347288822e-05
4.520995010408332e-08
0.0006360338991674609
-4.454161356524733e-06
-8.873202430400486e-08
0.00453387486154419
2.062612937724848e-05
-3.812265575664239e-08
-0.0001675365994027853
-2.367362756351663e-06
-1.465187195918133e-08
5.47415590728545e-05
7.865611675690571e-07
2.188537147326132e-09
0.0001411239556857187
2.04427877267494e-06
1.511572863972144e-08
-6.984861902350034e-07
-1.368675057844071e-08
-1.256630451035926e-10
2.751014446470501e-07
5.944702917867342e-09
4.65934512923303e-11
5.680682876384267e-07
1.09621307676263e-08
1.165267761255383e-10
-1.052975526232895e-09
-2.438609964704494e-11
-2.98906507254227e-13
4.477389354353281e-10
1.175728162582657e-11
1.442427768612039e-13
8.399214162473967e-10
1.868526636773205e-11
2.492552499979277e-13
-1.153188235786493e-13
-1.582568030828853e-14
-1.243941670518255e-15
5.472807591168697e-14
2.223668033460671e-14
5.202097829008925e-16
5.467881912967696e-14
7.527081398157188e-15
7.047832190694527e-16
-1.696825510942055e-14
-5.271508266550584e-15
-1.032895359457179e-16
1.304681465762198e-14
4.011896060326415e-15
6.775300338753412e-17
7.761768236235125e-15
2.48612654630043e-15
7.221763513717893e-17
-5.567823062335437e-19
3.523703606208149e-19
-1.059025928602368e-20
-1.381343118527836e-19
-5.212827685885113e-20
3.92906735038259e-21
5.250696487939149e-19
-4.524525820545512e-19
6.973657299460513e-21
-5.651528247896768e-09
-8.14321226084428e-13
6.101788353706349e-09
9.992463034222834e-09
-1.945559093987856e-13
-1.044367008970929e-08
5.749264872818379e-09
6.383343861033834e-11
-4.699165480617124e-09
-9.906942959300886e-11
-1.43790698250611e-12
8.947569121948617e-11
1.37528929121864e-11
7.332034019663118e-13
-1.28312253113764e-11
1.084234602849124e-10
7.368221500139624e-13
-9.779395386915125e-11
1.01248424923025e-15
-1.170294793580369e-16
-2.507611162443614e-15
-1.173093432295811e-15
9.468029885918994e-17
2.557577359992579e-15
1.848162663570607e-16
4.135489078666095e-17
3.690469791776373e-16
4.257696461959996e-17
-1.394126916849222e-19
3.457797099154483e-17
-7.150255342788425e-18
9.233699405830404e-19
-3.516575964349964e-18
-3.703366093065263e-17
-4.867331113199645e-19
-3.183652399789687e-17
4.918221282661956e-10
-7.485792978206044e-12
-5.378976914441039e-10
-3.371913814391917e-10
1.080169065874802e-11
4.024341746882166e-10
-6.909925516167261e-10
-4.602756551406102e-12
6.379201262164804e-10
-2.509056484417918e-15
-1.27630277430337e-15
-2.570021534159585e-15
1.38720108624439e-15
6.265950291481028e-16
2.182322286239685e-15
1.601698483187273e-15
8.685800034424648e-16
9.992175247027451e-16
4.972028665209994e-10
1.621931435017665e-12
-5.440620853734141e-10
-3.355019653145194e-10
-4.013079703371339e-12
4.032499257115821e-10
-7.138735412465187e-10
3.802711338892214e-12
6.574875863775916e-10
-3.845449617155028e-15
-1.222852615426645e-15
-4.436393388075673e-15
2.117262560772111e-15
1.34608066674448e-15
3.423483144296991e-15
2.469080658754483e-15
2.486867382190656e-16
2.019531117598369e-15
3.623656729944183e-11
6.37454738105787e-12
-3.713110593651429e-11
-3.884341000533432e-11
-6.817763878677851e-12
3.989562955269131e-11
-7.761476872341163e-12
-1.110917756476241e-12
7.436313706583531e-12
2.881575281804444e-11
-5.756863014564464e-12
-3.061088693977805e-11
-3.034092813198843e-11
6.434052788902315e-12
3.246711437338108e-11
-7.022636806993177e-12
5.170170598474409e-13
6.608360985782429e-12
2.855630358803376e-11
4.326077453312769e-12
-3.109036107487828e-11
-3.001290928594748e-11
-4.864495512537507e-12
3.298159414741772e-11
-7.106023004539946e-12
-3.539719360714863e-13
6.689803820891508e-12
3.848641877424114e-11
-7.947774702470989e-12
-3.816980341399885e-11
-4.128266537329824e-11
8.554263697069518e-12
4.100134045490729e-11
-8.104862318649128e-12
1.239251200247902e-12
7.638741767283496e-12
1.912301513884906e-12
2.746455471560159e-13
-1.567795270070349e-12
-1.262891138919663e-12
8.012537429209837e-15
1.075757148549799e-12
-8.33558836489103e-13
-4.145475036373564e-13
6.205180785831992e-13
4.639105654383544e-12
1.099651834551448e-12
-3.377832303328224e-12
-1.597086740336449e-12
-4.657880692232143e-13
1.108421228830861e-12
-4.278578861752945e-12
-8.90578507244127e-13
3.235938434268143e-12
3.027485997480509e-12
-8.219086373484952e-13
-2.254352497077518e-12
-8.619281026398339e-13
3.283172341377866e-13
5.998500352327694e-13
-3.080788530390937e-12
7.110834354297246e-13
2.405895317282468e-12
-5.74563196655841e-13
-1.292259110721245e-12
2.816674542396405e-13
1.0838532423256e-12
6.705918992216595e-13
-8.668562880929472e-13
-8.379509383489321e-13
8.597185193093173e-13
9.372102915941779e-13
-6.657352525486994e-13
1.120514617936764e-12
1.641362086756195e-13
1.098353117821903e-12
-6.081468079574949e-13
-7.946342866970129e-13
-7.226743843243224e-13
-7.086557881658907e-13
9.897120131779949e-13
2.703272631312107e-12
-1.615597556328555e-13
-2.120596045788389e-12
-6.992942789301887e-13
8.633204413343315e-14
5.146540234649881e-13
-2.86345185434254e-12
9.786340626700336e-14
2.335076253460676e-12
5.16788067338419e-12
-2.488721637132219e-12
-3.380830790321617e-12
-1.804552834791834e-12
1.034423515687952e-12
1.110768769747566e-12
-4.723228126616777e-12
2.050176311831223e-12
3.252648642430124e-12
2.205298605984942e-12
-4.889743314491534e-13
-1.650440507183166e-12
-1.39889205505003e-12
7.777201035373315e-14
1.131402738621021e-12
-1.049035380925322e-12
5.968771380839458e-13
6.581196117462203e-13
0.02626667075398238
0.0007146823479611664
-6.730763921381839e-07
-0.04661229576360707
-4.373627518684893e-05
3.332647720925675e-06
-0.01339399548353007
-0.0009214554206411211
-1.277314032140555e-06
-0.0003992324269914803
-5.841851543551698e-06
-4.544808392998343e-08
0.0002167324880769317
3.110231878630918e-06
2.304202045889271e-08
0.0002913049694701708
4.30995808945749e-06
3.473877767754287e-08
-1.939134045607318e-09
-4.145197572284693e-11
-5.126096161872332e-13
1.182865908783377e-09
2.565296455738759e-11
3.220001339333822e-13
1.296906279258472e-09
2.716105447366599e-11
3.325298665253976e-13
-1.226845685942315e-14
-3.928631487422878e-15
-1.120624779648385e-16
9.467914491707087e-15
3.016785289451774e-15
8.180053504564276e-17
5.547003363361295e-15
1.801611678617725e-15
5.867709754910206e-17
7.475376027742147e-09
7.87690369340714e-12
-7.157777683843679e-09
-5.30710042090332e-09
3.161980912587425e-12
5.136316807626997e-09
-9.057072931942509e-09
-3.50401961894257e-11
8.389542389634299e-09
2.963871768965669e-16
-4.449378442096434e-17
5.127422074138596e-16
2.323334926325765e-16
5.716307542421704e-17
4.765075009945408e-16
-3.002453959434038e-16
6.342069398696009e-18
-1.099565186203189e-15
3.564410341550762e-10
9.719466991621718e-12
-3.264961781387339e-10
-4.33769527542296e-10
-5.14384984056209e-12
4.058277161548645e-10
1.577007744439375e-11
-8.236825942915578e-12
-3.011064542861257e-11
3.706213500723944e-10
-9.188493501465839e-12
-3.381213475381448e-10
-4.484584349120378e-10
5.040109524037193e-12
4.181596838066213e-10
1.261335517452309e-11
7.201580184541828e-12
-2.804372664483648e-11
4.164105406340184e-11
6.695767455927166e-12
-4.224597589872237e-11
-4.360730234452889e-11
-7.105257301420709e-12
4.450432969911688e-11
5.535987452620896e-12
9.128555700610444e-13
-6.023986329002118e-12
3.112557091812373e-11
-6.864015929140123e-12
-3.295578744148064e-11
-3.186632429211752e-11
7.668265247440577e-12
3.424628521777654e-11
2.313556027617752e-12
-1.8587207575046e-12
-3.360042763312562e-12
3.082191568661435e-11
5.257915648561478e-12
-3.347140453571774e-11
-3.145658680292265e-11
-5.906304448924873e-12
3.479603824598709e-11
2.10383943801011e-12
1.5045968998227e-12
-3.439845307775466e-12
4.416996793398171e-11
-8.361948971179121e-12
-4.339756606497969e-11
-4.633547327656729e-11
8.968153859708667e-12
4.571604261848051e-11
6.009786652548817e-12
-1.321107776602038e-12
-6.177788139866501e-12
-0.1721004103445745
0.001013336320738708
4.144241373399292e-06
0.03968305598431562
-0.0011017407294842
-3.709674164146246e-06
0.1805094034673607
-0.0003224189576255944
-2.77682916109876e-06
-2.254534587114794e-09
-4.711266377923091e-11
-5.715137303503803e-13
1.591528560944247e-09
3.33649153669906e-11
4.064223406649513e-13
1.252415525611976e-09
2.601220341884328e-11
3.133563902081697e-13
5.248432132193825e-09
2.059416424873895e-11
-4.956553289633266e-09
-6.016938834171371e-09
-2.203883357751076e-11
5.632226092213205e-09
-1.578991410069909e-10
-3.763087439346848e-12
1.985937750590611e-10
5.827694927135014e-10
-1.301027838410495e-11
-5.612101916104375e-10
-6.819750510447219e-10
1.979437414614942e-11
6.654381312238628e-10
2.542544892722366e-10
-1.893420907846063e-11
-2.657711228234038e-10
5.957835959876483e-10
1.226728157967867e-11
-5.727485431471539e-10
-6.951705165272825e-10
-1.833458742372844e-11
6.775750679840048e-10
2.544422905695006e-10
1.722520910773372e-11
-2.670137123292332e-10
-0.3811717431747756
-0.0001972178062267506
1.183526753210567e-06
0.2428689022280699
-0.0001073576171122878
-1.807759502950062e-06
0.2501812242633722
0.0004549098093096351
6.14684183989006e-07
6.794710626059801e-09
2.20633566560186e-11
-6.168950412336594e-09
-7.754718202500519e-09
-2.33045501213943e-11
7.008606582654528e-09
2.309751077478599e-09
2.978784345065891e-12
-1.987337825485395e-09
0.3739702606524725
0.001156953772842676
3.355826911428203e-06
-0.5762658558868897
-0.001598577391506814
-4.229862578731124e-06
0.5840597752041781
0.001204665823249148
2.267319467842146e-06
