# Created from matlab git hash 7a85cb21101a410cc7fef3124c6f52da775c291f
# name: foo
# type: matrix
# rows: 1008
# columns: 1
0.002584623107390749
-2.224209521868077e-05
3.655086908731351e-08
-0.0002488754610239497
-8.553386616002605e-06
-2.339069265206658e-09
-0.00233580689740551
3.025950364174661e-05
-6.858386265686734e-08
0.0007745749185799529
4.103838850912585e-06
2.723418071845907e-09
-0.0002323354190294571
-6.335623630301028e-07
1.654073137294413e-08
-0.0006619758859351381
-5.104095407846016e-06
-1.147101306525342e-08
-0.0005883060012019335
2.30995609411771e-07
-1.372217291915319e-09
1.802285204426545e-05
-5.544043177935894e-07
-3.354171966470089e-09
0.0005421571667762066
1.225896521637961e-07
-4.165243190713582e-09
-0.0002491602192837291
-3.808514377024798e-07
6.948115546689391e-10
3.295315099745475e-05
7.589325579649392e-09
-4.531236796399007e-09
0.000222322246841814
6.369064080319233e-07
3.042953013268911e-10
-3.794203792824775e-05
-1.046805503349129e-07
2.665358764486659e-10
6.636713330429027e-06
3.322939435735165e-08
-9.514066556320402e-10
3.343349438061951e-05
1.449597110312842e-07
3.662092438655954e-10
-3.271566084562544e-06
-1.25477724860437e-08
2.676162081023415e-11
6.603721543308935e-07
5.509966518914122e-09
-9.016962289516507e-11
2.860892075159272e-06
1.561249931615461e-08
6.466008406546834e-11
-1.926004253278489e-07
-9.205257801119133e-10
1.144277195440463e-12
4.247137418102165e-08
4.654770073643776e-10
-5.071660425018959e-12
1.675206216676679e-07
1.063742406392822e-09
5.929435884008872e-12
-8.647633840745851e-09
-4.831618678284442e-11
1.028582302801732e-14
2.023065362587011e-09
2.640107885268527e-11
-1.953624165798637e-13
7.491628720914292e-09
5.29252268207907e-11
3.616953104039383e-13
-3.184285554945709e-10
-1.995063606024302e-12
-1.586581508732518e-15
7.764970653394922e-11
1.143586477993864e-12
-5.566286303822885e-15
2.750264845146991e-10
2.100453217766119e-12
1.66420473369085e-14
-1.011734884229793e-11
-6.518415325049172e-14
-8.564059733742155e-17
2.533810866138317e-12
4.386110428684211e-14
-1.035901323537041e-16
8.716987792068451e-12
6.856160287831141e-14
6.48960298796962e-16
-2.930703817789943e-14
-5.948193802929812e-15
-3.636616510494153e-17
2.255787452233729e-14
4.652510253213512e-15
3.892663001638751e-17
1.373413261667114e-14
3.109010297269679e-15
7.90735261485541e-17
-4.238828130416337e-15
1.7744502331689e-15
-7.208895859186443e-18
-2.604797348333883e-15
1.385079169269329e-15
-9.455151257878064e-18
3.240378457126687e-15
-9.135005910384473e-16
2.226056223903557e-17
-5.494337291034845e-15
-1.615046366224868e-15
6.511662901720756e-18
4.235712100395807e-15
1.258698692447337e-15
-1.633197460839e-18
2.566926787037006e-15
8.124219743961829e-16
1.387112845944988e-17
4.642858602440289e-20
4.43716411596402e-21
-5.291753756309052e-20
1.02350249379599e-19
8.883259897593642e-20
4.078891472199992e-20
4.822075590368103e-19
6.407196473082628e-20
2.581407318673812e-20
8.024056788917952e-19
6.826389483017246e-20
4.192762214309466e-22
5.107077504642193e-19
1.415920274002567e-19
7.38136972890839e-22
8.293416428790642e-19
-1.945175003245224e-20
1.723211034837474e-21
-1.333432541725299e-19
3.076628866391288e-20
-7.204444831135408e-22
-7.386606167447996e-19
3.471643586739258e-20
1.860552569620272e-21
-3.67023489134235e-19
-1.521903758108981e-19
7.186697499042118e-22
7.045867336241336e-12
-1.320440538356555e-13
-6.91570703927612e-12
-1.486621502127239e-10
2.639327051068383e-13
1.653225310584376e-10
1.044867133390738e-10
-8.623968889168996e-13
-1.170792525716692e-10
-1.711388095464284e-11
1.373995345028577e-13
1.778977339600404e-11
9.127352697876746e-12
1.831017122885881e-13
-9.697277530089937e-12
-3.232443211644049e-11
-2.19154028544301e-14
3.134600019032094e-11
2.119830897838356e-12
-4.064205534536388e-14
-1.970970721177559e-12
-4.231275795487294e-12
3.382129947746482e-14
3.889473407367587e-12
-2.287894879045089e-12
-1.161446557595616e-14
2.100220340050084e-12
5.487948017160697e-14
7.76658057314831e-16
-4.955680654508941e-14
-5.973919552482879e-14
-6.953662654412609e-16
5.379650076652126e-14
-2.421961104703949e-14
-7.97366239012653e-16
2.191511418507006e-14
1.210326071213621e-16
-2.086492556314884e-18
-1.456067528108277e-16
-1.25909335370979e-16
1.327832441357512e-18
1.438385244924026e-16
-4.149235622575857e-17
-2.936129877382953e-20
5.313316267496598e-17
5.19287006065062e-19
6.127062801604708e-20
3.936648947315708e-19
-1.943395115298694e-19
-1.411179395386747e-20
9.517323270190962e-20
-3.43784832520292e-19
-3.627507855508406e-20
-4.593517199062394e-19
2.991788289472529e-19
-9.00695895225743e-21
2.574626496908158e-20
-1.147212119856891e-19
1.072522455894361e-20
8.400235303662832e-20
-1.821744869119502e-19
1.078975543900931e-21
-1.024464235739549e-19
5.629588569945985e-20
1.775078640720352e-21
5.038862070995415e-20
-9.688402632273855e-21
1.282540639284763e-23
-8.70232003593847e-21
-5.330369260467112e-20
-1.722974893634023e-21
-4.771226553539881e-20
-2.458267888131732e-12
6.141882428991237e-13
1.721863353928845e-12
1.407155377309507e-11
-5.745638485952778e-13
-1.577889691275441e-11
1.566920962518015e-11
3.199298867478174e-12
-1.549753602764927e-11
-1.629993036148416e-13
6.238043918232785e-15
1.367036615548736e-13
-3.724974660253424e-14
-6.399871497647063e-15
4.044568049855132e-14
2.40636609729758e-13
-3.953376457325746e-16
-2.119155294367191e-13
-1.711752021116054e-17
-1.698793862340465e-17
-3.86081500036157e-17
8.356787635111989e-18
1.010018959732649e-17
3.383704468287392e-17
1.228915434485358e-17
9.95418784241351e-18
1.394808712183131e-17
-6.673375955549598e-19
-6.240404305510555e-19
4.682667226396441e-19
9.083575164576011e-20
1.062664904431119e-19
-6.964021188886176e-20
5.944574567135534e-19
5.44266349324903e-19
-4.188591301129002e-19
-2.423568996363805e-12
-6.699382112076219e-13
1.732305185952488e-12
1.409970064721273e-11
3.703521343730966e-13
-1.585497652704643e-11
1.639911317413093e-11
-3.388766869602959e-12
-1.596304688840088e-11
-1.743594362545321e-13
-1.155783359782374e-14
1.449234410339967e-13
-3.202794193929176e-14
1.036165401401526e-14
3.704650045676747e-14
2.464228069602714e-13
2.523000196113591e-15
-2.157979774028542e-13
-2.14203856086317e-17
-2.662703990630643e-17
-5.867583853596312e-17
1.034407603870952e-17
2.448785761391442e-17
4.897494800272558e-17
1.530739524676593e-17
9.635295063973861e-18
2.382511284543806e-17
-8.852680675760348e-19
6.63082723554774e-19
3.889405514032585e-19
1.232877775238236e-19
-7.703512007012121e-20
-5.676835888093087e-20
7.873239848473813e-19
-6.028725877499981e-19
-3.494781171023664e-19
-5.449103793433881e-13
-1.49626989202237e-13
5.481840721662394e-13
1.132309215962481e-12
2.444352533835275e-13
-1.126225753528107e-12
-2.314256081552517e-12
-4.349271401043585e-13
2.303681935242399e-12
-8.746943027346233e-17
-1.966142877507274e-17
7.938211726195626e-17
6.95132786067369e-17
1.469494235126636e-17
-5.780635323039555e-17
3.802723708653276e-17
9.360286747982132e-18
-3.90200529852471e-17
-5.818075221526138e-13
8.256754433863355e-14
5.724217434734484e-13
1.121459284298747e-12
-1.694808357029641e-13
-1.141589589327838e-12
-1.998176576361244e-12
4.815830338077247e-13
2.085437712226201e-12
-1.187925788826894e-16
-4.491411396181741e-17
1.126631083544127e-16
7.913259957882869e-17
2.261380951921357e-17
-6.92064626637949e-17
6.447176493558514e-17
3.047478254744153e-17
-6.620773350508647e-17
-5.705820881809739e-13
-5.699453820482239e-14
5.751831919869018e-13
1.108986735498566e-12
1.164667010553505e-13
-1.152084428444222e-12
-1.950137134504106e-12
-3.583203706395587e-13
2.10378009353197e-12
-1.578882670188231e-16
1.258063396109884e-17
1.317296499224116e-16
1.049321122459907e-16
1.089732207025536e-17
-8.41994711098676e-17
8.606171201456564e-17
-2.277778789445595e-17
-7.480213067292052e-17
-5.648971896715625e-13
1.802723808909619e-13
5.485288169176628e-13
1.194523519745659e-12
-3.00875453064266e-13
-1.144907866255152e-12
-2.443124139925012e-12
5.626740823996478e-13
2.333291846058277e-12
-1.399950298602206e-16
-1.869835396368047e-17
1.32326718481856e-16
1.074143945131102e-16
1.422376515422593e-17
-1.038833458335272e-16
6.477078863581656e-17
8.869418971009514e-18
-5.925449570548051e-17
3.075623946651167e-14
-1.098321135799296e-14
-3.02457160550955e-14
-2.798430236147691e-14
1.482250575306069e-14
2.920218228868767e-14
-4.446051820542158e-14
-1.619994028386311e-14
3.328917318518076e-14
-8.416340162841983e-14
-1.174510487422818e-14
6.855684565666679e-14
1.241284641576606e-13
2.073661614653596e-14
-9.828468374913346e-14
-1.966290685783655e-13
-5.047641352651064e-14
1.386123079847949e-13
-7.102740888179559e-14
1.508850943706244e-14
5.572695343478774e-14
1.069872357052087e-13
-2.671779894702635e-14
-8.138185962407435e-14
-1.803776202593882e-13
6.499669550264944e-14
1.217463527111535e-13
-8.019777683963575e-14
-3.366351924659588e-15
7.138578537544187e-14
9.873264808083525e-14
-2.077937190569361e-15
-8.95929757180097e-14
-5.601313284908501e-14
3.948623888730417e-14
5.262559917950141e-14
-7.776421106934107e-14
7.296373957238584e-15
6.983116265317171e-14
9.580423593318038e-14
-5.204578154204084e-15
-8.786401814478728e-14
-5.155301429606389e-14
-2.44337364209082e-14
5.337123492438017e-14
-6.830825024747844e-14
-4.609545793476014e-15
5.601370659225704e-14
1.01149499214571e-13
7.338218678450108e-15
-8.129447682612215e-14
-1.6049808021745e-13
-1.508574088764072e-14
1.175401507798702e-13
-9.013174446307231e-14
2.516097396854869e-14
6.888827895761917e-14
1.360446691921195e-13
-4.516536894690789e-14
-9.96001364144978e-14
-2.283868288538689e-13
1.11132846615517e-13
1.429567219183092e-13
2.955890204779519e-14
1.206153571658135e-14
-3.110835265302132e-14
-2.533799798850828e-14
-1.709744725121786e-14
3.003946892704491e-14
-5.291640962763595e-14
2.324320108338947e-14
3.453836748998243e-14
1.157475399769324e-14
-2.191283945647328e-16
-1.130475941156656e-14
-8.830424273811574e-15
2.347446762929595e-16
8.696695066138798e-15
-1.221027199649661e-14
1.749211899409572e-17
1.198956594906462e-14
7.916266552864579e-15
9.855944094920421e-17
-6.851077150876777e-15
-7.63957730346567e-16
2.389409350611174e-15
5.254742670977706e-16
-4.23112701725201e-15
1.577040782561347e-15
3.556426988681167e-15
8.145328469641575e-16
-5.503779412075847e-15
3.766810012435647e-15
2.220893544672286e-14
-1.083285426823201e-14
-1.460485995686891e-14
1.703645052682917e-14
-6.252174388908796e-15
-1.315409234069368e-14
6.197982248574211e-15
1.080847800656358e-14
-5.462878651074996e-15
2.926832951907875e-14
2.335673673133087e-15
-2.442660643570282e-14
2.010412633690639e-14
-3.347411575169796e-15
-1.664262886126541e-14
2.290227131180763e-14
-2.257652729453328e-14
-7.00101113536302e-15
3.645510525348659e-14
-2.162482992939475e-14
-2.129854039801534e-14
1.813970068037495e-14
-6.932704279347876e-15
-1.349431840915661e-14
-2.206530423640007e-15
2.634172325770095e-15
2.980954981762207e-15
1.552227724562972e-14
-3.781618537957412e-16
-1.317823768456186e-14
1.317038765502534e-14
-1.751174642600362e-15
-1.168583625048439e-14
4.601343527446395e-16
-5.683390645331793e-15
3.861133687404505e-15
1.838807129543108e-14
-7.783044085800002e-15
-1.288359837090944e-14
1.421842657956654e-14
-3.780852327440782e-15
-1.186298525977655e-14
-3.421551950135024e-14
1.102702729843156e-15
3.303707977755325e-14
2.940834909058118e-14
-4.959346130107363e-15
-2.686988903399794e-14
3.866850429391168e-14
-4.649192679455169e-15
-3.614001399586615e-14
-3.981163156076581e-14
1.36783302184796e-14
3.238306365470713e-14
3.164055359926467e-14
-8.105634629632223e-15
-2.685587562470529e-14
4.297466715450777e-14
-1.286177275749717e-14
-3.582672037009036e-14
-5.883878709423183e-15
3.549621468760026e-15
5.506315664741706e-15
1.479864159453012e-14
-1.724429188307773e-15
-1.229857344533153e-14
1.428296084231408e-14
-3.226002980075685e-15
-1.215013811293086e-14
5.61677616793694e-15
-8.257667756776157e-15
6.27675182427792e-16
2.165281870969588e-14
-1.111759221873338e-14
-1.38730771543178e-14
1.442376405200575e-14
-5.222845701466672e-15
-1.116030577853512e-14
1.431730791986989e-15
6.394348040496892e-15
-4.348251594067453e-16
2.347162282271136e-14
1.044824805595795e-15
-1.986471373452478e-14
1.774029420068879e-14
-2.349574494286941e-15
-1.536602289852602e-14
3.810159855904811e-14
-3.504432877184043e-14
-1.384343354197907e-14
4.760418051632004e-14
-2.97935328626166e-14
-2.65687923538819e-14
1.994423485545504e-14
-7.654734071231654e-15
-1.449790336901327e-14
-6.326866745480273e-15
2.278329516847701e-15
6.809696317392163e-15
1.676904575806306e-14
-7.852344625737339e-16
-1.449881683971931e-14
1.601300558666707e-14
-1.905864326832609e-15
-1.445474096252376e-14
1.275241465027988e-14
-6.410969933586637e-15
-8.313374056977195e-15
3.215379819376456e-15
-4.624413385807574e-15
2.035928449575177e-16
-3.314705066026132e-15
-9.655120698330447e-16
3.977210726465277e-15
1.440080508281244e-14
-4.242207574264926e-15
-1.192331502926756e-14
-1.130347454354625e-14
3.743205197457235e-15
9.221432869063766e-15
-1.544582160359308e-14
4.628679437267751e-15
1.267865600987337e-14
0.02107220243032833
-3.434281210889512e-05
-1.214184099627891e-07
-0.003116788973892321
6.212189919916817e-05
1.55888785179711e-08
-0.0192478378577281
8.737702350681477e-06
1.771930957269577e-07
-0.00501790880251123
-3.981770880282131e-06
1.757583926202896e-09
0.0006257952538089576
-8.50820703868368e-07
-5.732121067071445e-09
0.004527934495797498
4.24686380016954e-06
-1.923936989262605e-09
-0.0001669130681246366
-4.766958344717766e-07
-9.919304109968414e-10
5.413331103487999e-05
1.607612591696026e-07
1.574339993669037e-10
0.0001408482931667295
4.108475162141564e-07
1.053625632751339e-09
-6.960183566234474e-07
-2.773283118944541e-09
-9.186030354799087e-12
2.728821241785181e-07
1.221506654567529e-09
3.735937486272891e-12
5.671101295480409e-07
2.210224449521979e-09
8.383717336784912e-12
-1.049679817313874e-09
-4.95473697529164e-12
-2.246224897740369e-14
4.449041350306124e-10
2.419390592166918e-12
1.155154554960556e-14
8.386959916555536e-10
3.773594910705165e-12
1.82237755551336e-14
-2.643473474473934e-14
-3.267758869549004e-15
-9.796786218648875e-17
1.292845651910846e-14
4.57959029198067e-15
4.185573113280871e-17
1.23759942736447e-14
1.506286105142127e-15
5.311963669950982e-17
-4.007342855736214e-15
-1.225151343153557e-15
-9.107904011039015e-18
3.093472223853863e-15
9.425858823287594e-16
6.120459870722304e-18
1.812326702289972e-15
5.59603140848212e-16
5.887112905168028e-18
-8.99597844282937e-20
5.597042560771678e-20
-4.144801792903048e-22
7.900506353945778e-21
-1.822697216976293e-20
2.174031298219696e-22
6.15697307656025e-20
-9.201467764820554e-20
4.453955832866193e-22
-1.64969500260697e-10
1.370456522357142e-13
1.764784821091616e-10
3.43828205994811e-10
-7.74164882678294e-14
-3.470621355639577e-10
1.005509182949542e-10
9.835774756780444e-13
-7.315510622525325e-11
-2.16789656748897e-12
-2.085565606934796e-14
1.926017675540992e-12
-1.630277411356113e-13
1.05563712992624e-14
1.603442238315722e-13
2.850007046405882e-12
9.753715196502375e-15
-2.55220667990832e-12
3.387595265652365e-17
-6.366264776560015e-19
-4.018920700207913e-17
-3.624302274293515e-17
6.63946791904782e-19
5.125654318923248e-17
3.066788242003311e-18
6.88652005150316e-20
-6.380576632204381e-18
1.258586522087892e-18
2.841391426701893e-20
1.006019848004319e-18
-2.273877653647813e-19
2.021142990594769e-21
-1.051170300285805e-19
-1.080761621214163e-18
-2.916253398483354e-20
-9.224778554052572e-19
1.890379749045597e-11
-4.055148777063612e-13
-2.030363278793769e-11
-1.441508087448288e-11
5.130386548317511e-13
1.634575957928703e-11
-2.182588133154308e-11
-6.255437738231332e-14
2.02811616350153e-11
-3.826150103462463e-17
-3.183324943479837e-17
-8.262934168127783e-18
1.660691459738917e-17
1.331530587753659e-17
1.630185649079795e-17
2.850069715900004e-17
2.37950530122818e-17
-5.053032801714192e-18
1.905079757388695e-11
1.95929678248314e-13
-2.04819882339064e-11
-1.444979773394074e-11
-2.897075503446207e-13
1.64401982291494e-11
-2.220230635797912e-11
8.682934192283658e-14
2.059657181086376e-11
-4.955903713807674e-17
3.901117352143985e-18
-2.613282403679645e-17
2.110790217721164e-17
1.017947644037809e-17
2.854887304290926e-17
3.723000191102207e-17
-1.26871544453055e-17
4.372433923900727e-18
1.163237816230826e-12
2.136976139429286e-13
-1.150657950637579e-12
-1.233359148508738e-12
-2.179451580115084e-13
1.219991676110058e-12
-2.663448639658418e-13
-5.516853107716218e-14
2.582866099607516e-13
1.04381444996322e-12
-2.081739413394279e-13
-1.087383914274267e-12
-1.078274549470508e-12
2.318768381785506e-13
1.132466982778164e-12
-2.799533350537399e-13
2.58112566679379e-14
2.691003014225358e-13
1.027774403431031e-12
1.48082202683534e-13
-1.097036200608711e-12
-1.060016460344805e-12
-1.666925810149729e-13
1.142748603587471e-12
-2.792890438817505e-13
-1.621835252741219e-14
2.711253057688224e-13
1.228785054862717e-12
-2.720373384050641e-13
-1.168090886889946e-12
-1.304500863321728e-12
2.806981647116035e-13
1.239095696902712e-12
-2.777067287442248e-13
6.488319141757247e-14
2.608217805173351e-13
7.740307036109453e-14
4.17021874652344e-15
-6.559418183876018e-14
-6.36494197004937e-14
4.548912145207582e-15
5.663547853896643e-14
-1.430262116819854e-14
-1.309551579646349e-14
7.959134500949149e-15
1.0383590961633e-13
3.729109928717186e-14
-6.337889048974301e-14
-6.372654286370355e-15
-1.406430005797886e-14
-6.921469724526306e-15
-1.40979897541185e-13
-3.269417359575151e-14
1.031812316482306e-13
1.020149882226567e-13
-4.803022675457088e-14
-6.044295805700124e-14
-1.362287611946786e-14
1.81882008698515e-14
-2.947007770229733e-16
-1.271816742351519e-13
4.205165948126707e-14
8.915188207922753e-14
-3.12364667056274e-14
-4.26358467868636e-14
2.386835625193363e-14
6.846707424714747e-14
2.667145981360541e-14
-5.920885508560584e-14
-6.024676228610569e-14
2.093807437296111e-14
5.682352475381367e-14
-3.285627995599813e-14
3.132218100880699e-14
2.131751771297871e-14
6.81495104446881e-14
-2.294141792985413e-14
-5.676707652692308e-14
-5.720569652983445e-14
-1.031197045543985e-14
5.678545815201795e-14
8.51666031259327e-14
9.792608103376431e-15
-5.609222144746057e-14
-5.692909706939445e-15
-2.772697848333117e-15
-3.144681225238004e-15
-1.150660583255363e-13
-1.001355596073499e-14
8.70042219243613e-14
1.289075570646866e-13
-8.293620789939811e-14
-6.71525749773042e-14
-1.677686616087391e-14
3.180643654765276e-14
-4.923655743036412e-15
-1.612654817724355e-13
7.18217861291298e-14
1.058829832770412e-13
8.454650556036589e-14
-9.995934620390557e-15
-6.777016344762365e-14
-6.69864051637472e-14
-1.842522475773596e-15
5.848723995306197e-14
-1.953428336271505e-14
1.743209403575343e-14
8.32008173866491e-15
0.02567602980777803
0.0001851776889244983
1.030589326553072e-08
-0.04618293915440422
-5.451245386777769e-05
1.850825487251561e-07
-0.01310302209149871
-0.0001961563630238335
-1.466737799085135e-07
-0.0003988496078173039
-1.170856155404744e-06
-3.085800873286899e-09
0.0002164279430184447
6.239610056964139e-07
1.570626304332509e-09
0.0002911469141318973
8.63188014161475e-07
2.35482707616012e-09
-1.937276352831985e-09
-8.341909074644703e-12
-3.657957928079805e-14
1.181345229641564e-09
5.171431740987295e-12
2.322470491686981e-14
1.296031791412198e-09
5.453160899962993e-12
2.342144549450618e-14
-2.862477582506056e-15
-8.838888757195289e-16
-9.221286513256969e-18
2.214040071471962e-15
6.824735147092062e-16
6.78551268064069e-18
1.286048912154174e-15
3.989808330037305e-16
4.73834133331854e-18
2.771098146556576e-10
1.230407427483428e-13
-2.63179156277292e-10
-2.111859296339376e-10
1.649306454624541e-14
2.010867990543164e-10
-2.878597310112856e-10
-5.024238354318358e-13
2.669698650270552e-10
1.810393472453584e-17
8.182213337987703e-19
4.719269282775818e-17
7.973079935731335e-19
7.724871867632873e-20
-9.402030496149606e-18
-1.484529919147324e-17
-9.265080467997086e-19
-4.88685639657961e-17
1.083692318816274e-11
2.608010759515004e-13
-9.890715402100929e-12
-1.377411144973619e-11
-1.033073226237624e-13
1.294656898645447e-11
1.379692395187665e-12
-2.720142945696526e-13
-1.874240835001478e-12
1.107013610664776e-11
-2.66623091448771e-13
-1.00722703357908e-11
-1.401988915698329e-11
1.303748479740968e-13
1.315004668431393e-11
1.336330329537713e-12
2.363314683996369e-13
-1.858734303473019e-12
1.275240821973694e-12
1.869212985240758e-13
-1.251173995692788e-12
-1.318916174219583e-12
-1.8421581260123e-13
1.295785321437558e-12
1.242543391092674e-13
-1.057195101902626e-14
-1.229499684608714e-13
1.031599858327148e-12
-2.588718647402833e-13
-1.093373497858328e-12
-1.029214417553138e-12
2.84754582142726e-13
1.107109709159427e-12
2.036579332894154e-15
-6.462932474979761e-14
-3.777934787440956e-14
1.012498852155937e-12
1.907038570588098e-13
-1.104096499277594e-12
-1.007344191461591e-12
-2.115949780447847e-13
1.118317112653312e-12
-4.115677281233124e-15
5.242056917532019e-14
-3.90931939347229e-14
1.351712960734108e-12
-2.49005790374554e-13
-1.271911278926367e-12
-1.400735712618063e-12
2.504684862210426e-13
1.318296576403427e-12
1.379987465153819e-13
1.149852069977271e-15
-1.273342938662256e-13
-0.1725781998051152
0.0001945544867742264
3.17138018033567e-07
0.04004293276331142
-0.0002245760833260748
-2.925414196614116e-07
0.1807392258858584
-4.606218388314444e-05
-1.893003772728109e-07
-2.253243373903909e-09
-9.455757531554523e-12
-4.012454575813123e-14
1.590518834243089e-09
6.69922082448549e-12
2.86097803282996e-14
1.251823241090006e-09
5.216760531052586e-12
2.188539915264439e-14
1.685781515076055e-10
2.482916765692982e-13
-1.607073476668314e-10
-1.949623620837081e-10
-2.953308414902081e-13
1.831844043814311e-10
-9.087015663701961e-13
-1.069138884012976e-14
3.896591233761609e-12
1.997697581247334e-11
-4.876449100511453e-13
-1.959990403730395e-11
-2.386306965339028e-11
7.20473188832708e-13
2.371439013622857e-11
9.99993089891861e-12
-6.424930037526015e-13
-1.057926898696832e-11
2.020279291236265e-11
4.107319063378724e-13
-1.982226393980555e-11
-2.40986545999827e-11
-6.110139436169405e-13
2.39622747410136e-11
1.00191966102082e-11
5.610440687187147e-13
-1.06409524210579e-11
-0.3815361183729501
-7.397951411455944e-05
7.020236299156115e-08
0.2431476231378315
5.13715792982787e-07
-1.21636442663499e-07
0.2503502518803201
0.0001140767704823302
5.673078563504976e-08
2.216965586882936e-10
4.018068477554575e-13
-1.988781969319383e-10
-2.554690345458944e-10
-4.578089994970358e-13
2.273944748437061e-10
8.077260312775403e-11
1.506137808357701e-13
-6.66419242661985e-11
0.3741454734327558
0.0002645571472054979
2.583292750067882e-07
-0.5765657623197302
-0.0003713465236872367
-3.310464426926102e-07
0.5844377945477255
0.0002939285109626212
1.90286746206501e-07
