# Created from matlab git hash 7a85cb21101a410cc7fef3124c6f52da775c291f
# name: foo
# type: matrix
# rows: 1008
# columns: 1
0.002803488823703683
-3.315045332602139e-05
1.048232700873215e-07
-0.0004723924450841493
-2.858306064327253e-05
2.891746032004645e-08
-0.002496007675043146
5.004023187418907e-05
-1.937409674878477e-07
0.0007966969830731508
9.575497901869102e-06
5.395820600145393e-09
-0.0002549301350002857
-1.726791265054282e-06
4.556417971733478e-08
-0.0006657911343017799
-1.095666686322324e-05
-3.428821214305049e-08
-0.0005891029880685141
4.778706466519704e-07
-2.497238908642116e-09
3.195854862955353e-05
-1.156924573391933e-06
-1.135354426074372e-08
0.000549535439186699
3.71974603526367e-07
-1.182717359745681e-08
-0.0002513676291520098
-7.523692772684023e-07
1.959079533074388e-09
3.757874857782276e-05
-1.681188297294335e-08
-1.323436848993358e-08
0.0002244268741361454
1.281454185118655e-06
7.818400032471197e-10
-3.827618287503559e-05
-2.062485482283792e-07
7.726861903055344e-10
7.171606433858417e-06
6.032805936746514e-08
-2.809915635741053e-09
3.365516368872486e-05
2.881733592741893e-07
1.005731396958204e-09
-3.296737151831058e-06
-2.471321690959454e-08
8.116945067168104e-11
6.964572608269301e-07
1.041867268457369e-08
-2.709069492636094e-10
2.874626797237287e-06
3.09394645119809e-08
1.800549550287025e-10
-1.938885759013574e-07
-1.813356471177361e-09
3.76517405993975e-12
4.421383968196018e-08
8.923507303845017e-10
-1.554248107592069e-11
1.681352799094585e-07
2.10595249633369e-09
1.665369067810937e-11
-8.698937325832959e-09
-9.521149446024874e-11
5.959535161241347e-14
2.090082896533492e-09
5.096003232782607e-11
-6.14613855052262e-13
7.513764859606567e-09
1.04751061035571e-10
1.021504731037729e-12
-3.201425146712547e-10
-3.932873026223422e-12
-3.203085358228723e-15
7.983824129587597e-11
2.216330359645555e-12
-1.822758459387179e-14
2.757102449717151e-10
4.157257026734453e-12
4.717122427186329e-14
-1.017664860097323e-11
-1.290552088506536e-13
-1.966386950945789e-16
2.591644712424609e-12
8.492514721023177e-14
-3.71608846461122e-16
8.74324703185018e-12
1.357083133057154e-13
1.838621444762241e-15
-5.606429276435888e-14
-1.143061989255398e-14
-1.00069370322463e-16
4.315570272706913e-14
8.997777259730404e-15
1.030001696071502e-16
2.652203212778288e-14
6.323266800837867e-15
2.254349374903107e-16
-8.141358198429678e-15
3.403972164422062e-15
-2.058908984769763e-17
-4.987880185743765e-15
2.65427515931675e-15
-2.518880226375405e-17
6.396197598276989e-15
-1.884686597280051e-15
6.388794524631425e-17
-1.046336475642527e-14
-3.025939860886203e-15
1.973908606245116e-17
8.068776196186531e-15
2.370092172171686e-15
-6.831043578778909e-18
4.937306086304407e-15
1.592959684796783e-15
3.855406839985717e-17
-3.710068940202924e-20
-1.089061173662269e-19
-1.926580670838126e-19
2.874733537101953e-19
2.5615518788524e-19
1.489613878225609e-19
9.964695057439614e-19
1.816460554938223e-19
9.434239731230398e-20
1.539414679039605e-18
1.355135562350216e-19
9.441257865150641e-22
9.898724249946895e-19
2.66742865519843e-19
2.078506262721034e-21
1.598005386116417e-18
-3.577284172863248e-20
4.968185624706997e-21
-3.053451177478829e-19
6.09958199328856e-20
-2.035433458993845e-21
-1.488189656575166e-18
8.045104626994006e-20
5.515323698059548e-21
-6.635007825625294e-19
-3.10821011258941e-19
2.189557526730212e-21
2.761587906288047e-12
9.666583713649523e-14
7.809803977599587e-13
-5.508101104248608e-10
1.407807331977853e-12
6.130665657366938e-10
1.428592446944798e-10
-3.030902108504214e-12
-1.632553078564492e-10
-4.689165825737212e-11
5.829760233924304e-13
5.066339443743424e-11
2.384944540016764e-11
9.035741479513453e-13
-2.63091356192948e-11
-1.320412951006565e-10
-1.817274085026419e-13
1.294405526529088e-10
7.420165536317231e-12
-1.942081699301657e-13
-6.950495946840212e-12
-1.580752938735887e-11
1.647680565390402e-13
1.460568047545825e-11
-8.546461938835613e-12
-5.13451722374483e-14
7.880046371710469e-12
2.154707247621782e-13
3.537450893045172e-15
-1.95117481796484e-13
-2.349822058460789e-13
-3.179417315958411e-15
2.119586425044587e-13
-9.716719674248701e-14
-3.787697301509789e-15
8.824701289516945e-14
4.77919831606236e-16
-1.133215809136356e-17
-6.160563734146839e-16
-4.973447402665294e-16
7.350292805161825e-18
6.002709267642424e-16
-1.693841467174014e-16
3.469752519651418e-19
2.344761868221124e-16
2.143445902539126e-18
3.217925201511818e-19
1.508004377189406e-18
-8.141293639221455e-19
-6.643385683950473e-20
4.130100004189596e-19
-1.429589824547069e-18
-1.831834584467672e-19
-1.786633949659926e-18
1.187930110535696e-18
-6.602679968508233e-20
1.385277084766479e-19
-4.367693864333047e-19
6.700838036196077e-20
3.269416870751997e-19
-7.460981889832112e-19
1.734691419627849e-20
-4.27915089460631e-19
2.293214829341534e-19
7.181456647471648e-21
2.052902590573781e-19
-4.601961583191956e-20
2.08051127653017e-22
-4.133745667172763e-20
-2.205205288593609e-19
-7.14808363632173e-21
-1.973958406571406e-19
-8.715959073323627e-12
2.123404140975563e-12
5.912156739860656e-12
4.727671034065155e-11
-2.67661918303454e-12
-5.34162594998661e-11
6.863110085834289e-11
1.30715617949235e-11
-6.976832913259144e-11
-6.731112794547418e-13
3.290065279504078e-14
5.41528636025926e-13
-1.26894348861227e-13
-3.228297646429626e-14
1.598406945709056e-13
9.654211280241483e-13
-4.084089324761552e-15
-8.392973496966673e-13
-1.000447562575668e-16
-8.033755589254195e-17
-2.175485305254159e-16
5.681661365894569e-17
5.042136691897021e-17
1.828582576272143e-16
6.430032602048719e-17
4.527928535553359e-17
8.611856514157421e-17
-2.968424987022437e-18
-2.644668425543817e-18
1.781686557083681e-18
4.08620031661244e-19
4.76637748369125e-19
-2.630820520406999e-19
2.644391726517082e-18
2.291859610641926e-18
-1.599457977046025e-18
-8.64157260764859e-12
-2.342964061921999e-12
5.987308203008636e-12
4.721869810154247e-11
1.977926291402241e-12
-5.357909603498457e-11
7.202836368523279e-11
-1.394438355850053e-11
-7.211421661282756e-11
-7.27467532269197e-13
-5.770962712602842e-14
5.77969872153214e-13
-1.023276889259101e-13
5.058096703609619e-14
1.461688738015095e-13
9.937497171668546e-13
1.430988726041112e-14
-8.569482070203574e-13
-1.368292685391852e-16
-1.45164304281418e-16
-3.293517052508749e-16
7.820574865410047e-17
1.278383878282698e-16
2.665358907424496e-16
8.697517432576901e-17
5.710474087482544e-17
1.420917187136205e-16
-4.148571285537751e-18
2.653938418621181e-18
1.208587678823171e-18
5.898969830058216e-19
-2.586596917492373e-19
-1.6997105595021e-19
3.685614829162349e-18
-2.449628806780096e-18
-1.097992070805966e-18
-2.006890422295513e-12
-5.084292356354513e-13
2.044611894574997e-12
4.327672171837016e-12
8.780157842692591e-13
-4.35690002756816e-12
-8.93104508697395e-12
-1.699047068383352e-12
9.033321995953222e-12
-4.64375071307725e-16
-9.62351601337053e-17
4.031150158699891e-16
3.663474887896933e-16
7.385019238500995e-17
-3.019904009108999e-16
2.043817458994194e-16
4.419350188228977e-17
-1.911204552343773e-16
-1.997974387259292e-12
3.217944312473039e-13
1.987960897775326e-12
4.05227946610893e-12
-6.614598668955856e-13
-4.176047816570532e-12
-7.334459246848008e-12
1.866294173713898e-12
7.737342752324133e-12
-5.948432845614631e-16
-2.010533645800021e-16
5.397886942171461e-16
4.09597485504596e-16
1.037772745975179e-16
-3.474567433356178e-16
3.116608907139399e-16
1.343298814582807e-16
-3.03866864474874e-16
-1.954080145368177e-12
-2.363307827797615e-13
1.999136675899125e-12
4.010051894680064e-12
4.780242931574358e-13
-4.225184710712669e-12
-7.149930488098954e-12
-1.438706395730325e-12
7.820498561836559e-12
-7.933419722459913e-16
4.194076292652343e-17
6.369881733991966e-16
5.460503792130075e-16
5.553667237499041e-17
-4.272002031342543e-16
4.170242030076604e-16
-9.115375015541838e-17
-3.451597347519445e-16
-2.080090229824886e-12
6.203999292942317e-13
2.046200651190647e-12
4.579218623786152e-12
-1.089008670605145e-12
-4.449624371762514e-12
-9.432899298298392e-12
2.188246770880356e-12
9.165542517106282e-12
-7.484431379876387e-16
-1.0620949749279e-16
7.087481384955844e-16
5.826534051629329e-16
7.547947997412448e-17
-5.600623881451567e-16
3.402151378848869e-16
5.524129806181586e-17
-3.153083275440175e-16
8.113749994018636e-14
-4.054418419599928e-14
-8.070798596991089e-14
-6.360703238495586e-14
5.577051486231099e-14
7.030149691957494e-14
-1.851386056979003e-13
-6.641138574510496e-14
1.406680179512259e-13
-2.782189165267234e-13
-3.994252560486632e-14
2.239587309726622e-13
4.302611236717447e-13
7.344432978776434e-14
-3.371842768855723e-13
-7.773233166161418e-13
-1.895258049141394e-13
5.559452585723276e-13
-2.368652275717959e-13
4.814449350207869e-14
1.873101055844105e-13
3.650056933626123e-13
-8.659665959676833e-14
-2.816017410919679e-13
-6.5108808880312e-13
2.149171052628512e-13
4.57514886462083e-13
-2.518153927363994e-13
-6.018240139627999e-16
2.264620530455922e-13
3.076012322960253e-13
-2.517210273808191e-14
-2.853382564292079e-13
-1.572245139801415e-13
1.727340079599022e-13
1.633833781360216e-13
-2.412583628924587e-13
1.093238562949215e-14
2.216553097258294e-13
2.940223937693608e-13
4.754179632939799e-15
-2.802049940445457e-13
-1.331106906711116e-13
-1.310231568469787e-13
1.678695642560268e-13
-2.284589419731819e-13
-1.106146612496582e-14
1.882498743021496e-13
3.464578373414222e-13
1.700824457641616e-14
-2.81207326708032e-13
-5.851862536822575e-13
-3.319003021694545e-14
4.416052313760462e-13
-3.000062345122334e-13
9.00005726014166e-14
2.255321751809267e-13
4.736922020058934e-13
-1.660907316194113e-13
-3.423140782209243e-13
-8.896146717691986e-13
4.242850092742253e-13
5.687011915512712e-13
7.625368581684298e-14
4.640748196069231e-14
-8.358852803412159e-14
-5.224695683703492e-14
-6.709725266151856e-14
7.272112602962181e-14
-2.217712092287953e-13
9.703207702017628e-14
1.467105936630888e-13
4.204141585065162e-14
-2.012376803417214e-15
-4.051545657150598e-14
-3.180347666619746e-14
1.738947021572311e-15
3.088099243934837e-14
-4.415211540807679e-14
2.017259298960421e-15
4.273901163895588e-14
2.547353914564464e-14
2.200780835557645e-15
-2.200236926673229e-14
3.273142252563784e-15
8.028906289329757e-15
-3.338862671288168e-15
-9.111845856119561e-15
5.050583023112907e-15
7.472100689219388e-15
2.244793682616805e-14
-2.981914894187421e-14
6.812398822195453e-16
7.852428558010942e-14
-4.082104807646487e-14
-4.964208577213421e-14
5.130462821466496e-14
-1.868310245876795e-14
-3.919000788401588e-14
4.63464762726631e-14
3.762961035755853e-14
-4.015019108837038e-14
1.012723832958845e-13
1.199978279212494e-14
-8.377258537020624e-14
5.822694375378345e-14
-7.984253862422823e-15
-4.732829319216213e-14
8.2689198183121e-14
-7.772321518155964e-14
-2.813070796574248e-14
1.26616990391782e-13
-7.622906094759629e-14
-7.392363291241758e-14
6.157277298113865e-14
-2.461910629961218e-14
-4.510775258733591e-14
8.550570467400941e-16
8.932578658329761e-15
3.194188013561314e-15
5.494549350535224e-14
-1.161833393067183e-15
-4.610150308774451e-14
4.26758229271901e-14
-5.231474297836484e-15
-3.758751438818721e-14
4.183972787751396e-15
-2.052488920662817e-14
1.118661456185395e-14
6.317427970208709e-14
-2.708685317955236e-14
-4.437369080292947e-14
4.763547820024807e-14
-1.215444811787728e-14
-3.988830341078956e-14
-1.154828633831552e-13
-4.640386423917397e-16
1.115331251811776e-13
8.865412685970369e-14
-1.947531209730118e-14
-8.106895748427029e-14
1.22184097222685e-13
-1.531900978456914e-14
-1.144349392457885e-13
-1.414002938000601e-13
5.481283888125625e-14
1.1053456125918e-13
8.828162080479307e-14
-1.516753241992417e-14
-8.02011404824938e-14
1.337116762931405e-13
-3.715379832102254e-14
-1.132935758582739e-13
-1.700392639430286e-14
1.168240691829173e-14
1.63082344558142e-14
5.075010642222889e-14
-6.123006314426029e-15
-4.205819437537987e-14
4.753561869887685e-14
-1.038042452432201e-14
-4.040185423078261e-14
3.017867004520238e-14
-3.451736796772705e-14
-4.714096601710586e-15
7.846614022252723e-14
-4.184402784185408e-14
-4.945339467370758e-14
4.776937829479768e-14
-1.735168915941431e-14
-3.661276231965295e-14
1.188954525761066e-14
1.930774541617887e-14
-6.529790464588964e-15
8.004525547832188e-14
3.577486834549408e-15
-6.755053526669414e-14
5.731416702210095e-14
-6.243520559551032e-15
-4.995879423866573e-14
1.629672443331472e-13
-1.382668742042265e-13
-6.807087620152489e-14
1.743300679882778e-13
-1.146386102547773e-13
-9.415634937066334e-14
6.236934674916878e-14
-2.714283241724502e-14
-4.273907524520219e-14
-8.300366321613932e-15
7.671414373654306e-15
1.189499236807919e-14
5.678500760248039e-14
-2.116376709118748e-15
-4.816288624560539e-14
4.825657883747387e-14
-5.399119542207586e-15
-4.313847755456259e-14
4.557775656227997e-14
-2.529712304629296e-14
-2.790838244638894e-14
2.004847154077875e-14
-2.101027577078661e-14
-5.018315043850645e-15
-5.120658598812552e-15
-5.19997723458844e-15
8.855426167804055e-15
5.048935628425587e-14
-1.310932835033717e-14
-4.282897566770876e-14
-3.921562995781311e-14
1.148034263420981e-14
3.281568241221932e-14
-5.383198546065848e-14
1.47520518588446e-14
4.530860664090816e-14
0.02130994440316264
-9.612143264142179e-05
-3.117749944554804e-07
-0.003307738220993609
0.000135319901833017
-5.542515443681458e-08
-0.01938101799677622
5.108238805222612e-05
5.244397904032753e-07
-0.005019420179538429
-7.896135086385559e-06
6.260566828718998e-09
0.0006301236698131098
-1.710859629226233e-06
-1.74380513275847e-08
0.004531069027460028
8.456512483162779e-06
-6.277626051534327e-09
-0.0001671147925317325
-9.519423049845132e-07
-2.947498716689657e-09
5.432711314744462e-05
3.198786557835802e-07
4.514210968435581e-10
0.0001409399041970172
8.208857822622378e-07
3.111737601178233e-09
-6.967106799055948e-07
-5.52811989714591e-09
-2.676018564152459e-11
2.735078367988689e-07
2.426218750723454e-09
1.0607221578437e-11
5.673777290636994e-07
4.411464213748652e-09
2.455639241631289e-11
-1.050545507120859e-09
-9.869292599741617e-12
-6.498021967310251e-14
4.456577045093305e-10
4.803540661172188e-12
3.287311574971896e-14
8.39007373693297e-10
7.528335387712423e-12
5.313296477969428e-14
-5.103867240009485e-14
-6.478260985044953e-15
-2.807954040118391e-16
2.477591736075559e-14
9.088707540819579e-15
1.190695760078539e-16
2.396825602533591e-14
3.011230907594546e-15
1.540854244656978e-16
-7.683057533862438e-15
-2.357842499613741e-15
-2.518961903699034e-17
5.925247447644031e-15
1.809231011274447e-15
1.681113011918102e-17
3.484203282156917e-15
1.085456838936032e-15
1.666012730990586e-17
-2.077222209510574e-19
1.195050403231212e-19
-1.450527621161466e-21
-1.548771429340678e-20
-3.270424822693311e-20
6.385069034537654e-22
1.535119697847289e-19
-1.827395002954009e-19
1.392548882554759e-21
-6.676313346740933e-10
3.688406795722655e-13
7.185260620507571e-10
1.314899497865864e-09
-1.693935051995062e-13
-1.342286823869362e-09
4.797880018659245e-10
4.787972330471467e-12
-3.635344919979293e-10
-9.300872236859636e-12
-1.041153457051434e-13
8.285976100680855e-12
-1.007328230215758e-13
5.294559590913756e-14
1.340100530644518e-13
1.160389444962389e-11
4.9802466520355e-14
-1.040421003138465e-11
1.382911565819446e-16
-4.132676774252882e-18
-1.934395007674626e-16
-1.464168877059091e-16
3.859008819621597e-18
2.287314440178562e-16
9.395210013800897e-18
8.754149652371738e-19
-8.4897168927559e-18
5.213254758371783e-18
9.770784916787168e-20
4.200759053176555e-18
-9.220869399734208e-19
2.415230694571686e-20
-4.456484247879919e-19
-4.493262293367929e-18
-1.118086959459156e-19
-3.847901241924681e-18
6.911720233569269e-11
-1.591887720929922e-12
-7.468251184942181e-11
-5.129093895871758e-11
2.03207522407132e-12
5.898745521348843e-11
-8.458607125077511e-11
-3.093495191751166e-13
7.839722484481855e-11
-1.841780277733805e-16
-1.361499231489264e-16
-8.662553497142214e-17
8.557794046795995e-17
5.902023232561509e-17
1.040481836290695e-16
1.319323632648555e-16
9.98025274890707e-17
6.573739310870076e-18
6.972104036855473e-11
8.137653773973957e-13
-7.541801901095655e-11
-5.134982784848361e-11
-1.185082702721772e-12
5.931705912529076e-11
-8.638987317317229e-11
3.522129489972457e-13
7.990705763449437e-11
-2.548654803907523e-16
-1.379534884020361e-17
-1.911971021399758e-16
1.176055114465643e-16
6.401574534824382e-17
1.737031616704427e-16
1.832511122522264e-16
-3.732844317673655e-17
6.34687804402178e-17
4.494432333278752e-12
8.173775889547847e-13
-4.505659059779894e-12
-4.782338072143244e-12
-8.50661329056144e-13
4.797945588358312e-12
-1.007027080944172e-12
-1.844657649965761e-13
9.775389327731764e-13
3.841703118466797e-12
-8.038729419923333e-13
-4.046089919352185e-12
-3.992841276893758e-12
8.959315801335789e-13
4.239104550945096e-12
-1.000803238283699e-12
9.34795431055382e-14
9.619144312251018e-13
3.783996693248529e-12
5.943173689364715e-13
-4.090109111225984e-12
-3.92620951018562e-12
-6.678638514157629e-13
4.286148441834393e-12
-1.001179966490635e-12
-6.259565445989137e-14
9.705835041501668e-13
4.752745624590191e-12
-1.037186524206875e-12
-4.58844039653315e-12
-5.062682469221655e-12
1.088857607269028e-12
4.887542985002749e-12
-1.050134328100737e-12
2.16276677883097e-13
9.912938870750765e-13
2.716478865102283e-13
2.197309231701651e-14
-2.263052767765421e-13
-2.065430275768694e-13
1.296873945518436e-14
1.805743764563042e-13
-7.621635039059748e-14
-5.206639089173222e-14
5.034383449430257e-14
4.696833258780214e-13
1.445459677705113e-13
-3.090216871039066e-13
-9.33115940303938e-14
-5.806530258827611e-14
3.61112384379377e-14
-5.383787255105125e-13
-1.214088561839821e-13
3.956321252324815e-13
3.891725285791859e-13
-1.602540138991262e-13
-2.507503429022074e-13
-7.346648273693222e-14
6.230282462280043e-14
2.668019358681191e-14
-4.523951798390743e-13
1.384413758824563e-13
3.27481770256418e-13
-1.16675850227334e-13
-1.710042348444114e-13
7.81085009465702e-14
2.257766458840834e-13
9.893858145693664e-14
-1.898368270086969e-13
-1.788480327866464e-13
9.67341325161384e-14
1.801570536005748e-13
-1.283846092476581e-13
1.383000137546407e-13
6.774996849602442e-14
2.269225056211432e-13
-8.795927364513893e-14
-1.809476255983041e-13
-1.628542851178715e-13
-6.639290388400921e-14
1.813188088748364e-13
3.325527849182979e-13
2.020990526192261e-14
-2.344033653438065e-13
-4.633285997868681e-14
-4.955654053796339e-15
1.596439485375648e-14
-4.125013297808958e-13
-2.203280509872564e-14
3.193499507780462e-13
5.575374135147221e-13
-3.226901057340069e-13
-3.192413277284629e-13
-1.290770995388969e-13
1.288600692961714e-13
4.119344925762536e-14
-6.104831526316696e-13
2.721556467257067e-13
4.040300053548544e-13
3.028666960667471e-13
-4.589108154681922e-14
-2.353493089634194e-13
-2.212177903318616e-13
-2.849276284326218e-15
1.877475958384384e-13
-9.892191459735869e-14
7.145551800108968e-14
5.270221078165128e-14
0.02588417288183481
0.0003450293985736633
-3.128943385692113e-08
-0.04633574861003805
-7.95493118957167e-05
6.016720680529271e-07
-0.01319953000082949
-0.0003885275518122123
-3.833777280576346e-07
-0.0003989736341725563
-2.34070497959764e-06
-9.186792966487679e-09
0.0002165276698372492
1.247136922579323e-06
4.669333813116825e-09
0.0002911971321592836
1.725903250521753e-06
7.015878633732652e-09
-1.937729852319906e-09
-1.665713854425701e-11
-1.073004949129929e-13
1.181727506401766e-09
1.032172942422402e-11
6.793775466927324e-14
1.296236831351827e-09
1.089546223543139e-11
6.894249082369804e-14
-5.50418085680868e-15
-1.714706566941149e-15
-2.602119978476988e-17
4.254972161251743e-15
1.32216472629279e-15
1.910284363226421e-17
2.476727950086494e-15
7.770757163209088e-16
1.344586187807516e-17
1.02853052328172e-09
6.258780692101358e-13
-9.801539560379542e-10
-7.700653100279877e-10
1.127477963646517e-13
7.373634759836654e-10
-1.115837034811027e-09
-2.537096647733694e-12
1.035172453332549e-09
7.784441867308576e-17
2.214589651590593e-18
1.61965588702079e-16
1.643725532732027e-18
1.189828662026045e-18
-1.554148982497546e-17
-6.371641397942263e-17
-3.194706071724179e-18
-1.834986379455722e-16
4.241795265888789e-11
1.104928946394673e-12
-3.874000152094789e-11
-5.324214347569755e-11
-4.603372750926879e-13
4.996152626737763e-11
4.348401927187133e-12
-1.119965148643553e-12
-6.223619309833693e-12
4.353552885908736e-11
-1.107008791970344e-12
-3.961712348214766e-11
-5.441258279491165e-11
5.343755880828441e-13
5.092824204667887e-11
4.125666429209642e-12
9.886664230343772e-13
-6.123513219658446e-12
5.002117395744015e-12
7.79779016856462e-13
-4.976026606593327e-12
-5.195253375280525e-12
-7.950482045060849e-13
5.182439681029084e-12
5.465688640802117e-13
2.561724043427992e-14
-5.62355122564443e-13
3.908873877967915e-12
-9.892644378050056e-13
-4.166536433217085e-12
-3.934118700099602e-12
1.091830712920605e-12
4.255762698288672e-12
1.027357963672218e-13
-2.512381268349114e-13
-2.392635163241775e-13
3.840241454335345e-12
7.513596007643211e-13
-4.215133532323021e-12
-3.853725324486872e-12
-8.349908429002392e-13
4.306902019129187e-12
7.734155053661252e-14
2.057696131657605e-13
-2.457931613623626e-13
5.300107692281108e-12
-1.014884259774255e-12
-5.071061257383712e-12
-5.51491654513684e-12
1.049070745691983e-12
5.28430841578886e-12
6.008714861342477e-13
-6.741818761644076e-14
-5.79267447259212e-13
-0.1724191287780759
0.0003992207021566399
9.137523388642454e-07
0.0399219116883556
-0.0004500559578134171
-8.349437411408144e-07
0.1806647336341841
-0.0001066488642707859
-5.656709519246888e-07
-2.253535650924216e-09
-1.889426642838251e-11
-1.182020447273099e-13
1.590752003542581e-09
1.338482965654322e-11
8.422330205458474e-14
1.251951686652049e-09
1.042606708597583e-11
6.455902758253296e-14
6.512881654886926e-10
1.351017604805611e-12
-6.196014610781128e-10
-7.512481691693991e-10
-1.535023695201957e-12
7.056058687066036e-10
-8.251904428931592e-12
-1.40589347011204e-13
1.783664887280007e-11
7.564028365491342e-11
-1.973932535878445e-12
-7.382280214114799e-11
-8.984798927616708e-11
2.927468146443769e-12
8.883794192744264e-11
3.653739582493502e-11
-2.634307929133816e-12
-3.854090078818645e-11
7.670184280854203e-11
1.738868304693929e-12
-7.483378869798142e-11
-9.094447917783012e-11
-2.579982360678624e-12
8.994798376464144e-11
3.660144509071415e-11
2.35649685270008e-12
-3.877546322714564e-11
-0.381418079664394
-0.0001218295363974365
2.214689901311676e-07
0.2430569309603575
-1.614907861674555e-05
-3.65642193540188e-07
0.2502961863125341
0.000211516332200536
1.536894926989197e-07
8.523167411879913e-10
1.852841412563102e-12
-7.67857103248464e-10
-9.794088460398874e-10
-2.058374722513697e-12
8.763443948080292e-10
3.04415732534569e-10
5.409300292646048e-13
-2.543985487302212e-10
0.3740901106796954
0.0005061091053537536
7.402071164366493e-07
-0.5764706201486547
-0.0007065234462375233
-9.434500941280787e-07
0.5843168890080809
0.0005498633924660002
5.302509960564117e-07
