# Created from matlab git hash 7a85cb21101a410cc7fef3124c6f52da775c291f
# name: foo
# type: matrix
# rows: 1008
# columns: 1
0.002950782240569488
-3.528112091497449e-05
1.90149398819506e-07
-0.0006150926805012593
-4.666753788667326e-05
9.306211943334146e-08
-0.002590129578287614
5.7138108697523e-05
-3.257465701946725e-07
0.0008110914059195431
1.61833657661282e-05
3.936483452089756e-09
-0.0002704913739911399
-3.158607382552912e-06
8.630550227134647e-08
-0.0006684489994702738
-1.747115065857151e-05
-6.501904516421815e-08
-0.0005893508358085162
7.333601916842629e-07
-2.303341128870375e-09
4.247217298096785e-05
-1.770434284345215e-06
-2.416557366798194e-08
0.0005533051746345066
6.740851730224331e-07
-2.220963883243391e-08
-0.0002530963039374263
-1.117697813007323e-06
3.598831831085113e-09
4.140392925083802e-05
-6.539703652739396e-08
-2.559217445250934e-08
0.0002259150747020271
1.924058019210596e-06
1.458661802375889e-09
-3.856393555257855e-05
-3.050399113907125e-07
1.474674240892722e-09
7.642588260601396e-06
8.200568986404853e-08
-5.505243868494839e-09
3.383443616257921e-05
4.291181792884435e-07
1.863057418784809e-09
-3.319480984832679e-06
-3.652331081576831e-08
1.617220776367669e-10
7.294084011223298e-07
1.477331411284691e-08
-5.396831147484844e-10
2.886537721660667e-06
4.596917042150173e-08
3.364468994668119e-10
-1.950840879441509e-07
-2.680111729305188e-09
7.989720347479232e-12
4.583924216381919e-08
1.283052191170787e-09
-3.151605953764955e-11
1.686914963785891e-07
3.126806419483074e-09
3.134227696618293e-11
-8.747346977049853e-09
-1.407589090193642e-10
1.642100572560784e-13
2.153441664139446e-09
7.377609321638661e-11
-1.273597700170511e-12
7.534406921520396e-09
1.555032605911334e-10
1.932309573211443e-12
-3.21778191678989e-10
-5.816072366648402e-12
-3.88596852588959e-15
8.192627838351209e-11
3.22160219438412e-12
-3.893613061431815e-14
2.763630493414692e-10
6.171677641654818e-12
8.955543087215297e-14
-1.02328646509364e-11
-1.916187851468073e-13
-2.955550626691028e-16
2.647757134588871e-12
1.233384447487566e-13
-8.437366174707819e-16
8.768456718724873e-12
2.01509209300506e-13
3.488986383962915e-15
-8.049524318494652e-14
-1.650022614163236e-14
-1.8521673742839e-16
6.195251543879162e-14
1.305402307732328e-14
1.819903679507378e-16
3.843392334258421e-14
9.618120300505015e-15
4.295493968929858e-16
-1.173868546055506e-14
4.90279783843279e-15
-3.91626521207779e-17
-7.165477531504318e-15
3.814603497251763e-15
-4.449753376411643e-17
9.465651881232458e-15
-2.902095389014901e-15
1.221626502417809e-16
-1.495122551227354e-14
-4.253111303903697e-15
3.904527500594987e-17
1.153043474067689e-14
3.345551777434738e-15
-1.657131327081891e-17
7.124044256507626e-15
2.340737920855681e-15
7.172990567364628e-17
-2.760178430400348e-19
-3.620122183614924e-19
-4.379595548245942e-19
5.767470653352939e-19
5.202795662441731e-19
3.395513491052638e-19
1.55867148597723e-18
3.665739226771388e-19
2.158882726757121e-19
2.216188610838071e-18
2.01592597002568e-19
1.24530571770536e-21
1.439608479239383e-18
3.769046411310517e-19
4.070786283366575e-21
2.310369542870711e-18
-4.913097926163807e-20
9.585521704381333e-21
-4.926252272492856e-19
9.154676507955215e-20
-3.841910410093522e-21
-2.242471733518122e-18
1.36079415628556e-19
1.091294476769774e-20
-9.030682092267251e-19
-4.759270816790946e-19
4.446720213212474e-21
-3.811340969970535e-12
1.662415363316005e-12
1.366665316328612e-11
-1.233210263391213e-09
4.350941600530647e-12
1.373446368241458e-09
-1.592703580078279e-10
-6.740717748216572e-12
1.65651517118647e-10
-7.304755322581772e-11
1.501837841316467e-12
8.389467111611958e-11
3.51680510193757e-11
2.64664878682131e-12
-4.101181280554356e-11
-3.3247364284117e-10
-7.087067151412546e-13
3.286019725864805e-10
1.599817662713192e-11
-5.557065789203264e-13
-1.507446595946498e-11
-3.684224097826352e-11
4.799124404556335e-13
3.418856289209626e-11
-1.979785271475378e-11
-1.356907504790932e-13
1.831604773650083e-11
5.265355408385665e-13
9.626652683226148e-15
-4.781874772100372e-13
-5.762560591962081e-13
-8.68766862822701e-15
5.206441923744163e-13
-2.417042052759856e-13
-1.077840163279726e-14
2.203743845729275e-13
1.171893094422059e-15
-3.793894558075007e-17
-1.617289209475464e-15
-1.223314206090964e-15
2.517446585390705e-17
1.558041738033951e-15
-4.257307031700254e-16
3.126041211863899e-18
6.364360999901931e-16
5.264904867328508e-18
1.02192069605243e-18
3.426186460599634e-18
-2.094593064069395e-18
-1.825138919946378e-19
1.117450463253906e-18
-3.488057878209094e-18
-5.637191794244319e-19
-4.175205270355411e-18
2.871121640001795e-18
-2.622784590478643e-19
3.677899325413806e-19
-1.022922309897047e-18
2.437873985847368e-19
8.055571169083197e-19
-1.841941159328407e-18
8.763824043679801e-20
-1.060589880076394e-18
5.599462328621442e-19
1.739338298011886e-20
5.013519503435307e-19
-1.306454650968079e-19
9.410008388194841e-22
-1.173592192650285e-19
-5.476970162388835e-19
-1.781909935400394e-20
-4.902946407557482e-19
-2.086380784392393e-11
4.403821115052561e-12
1.446299189738415e-11
1.00270742702038e-10
-7.064480343418504e-12
-1.139385106876979e-10
1.820217373339398e-10
3.222510587814331e-11
-1.881647869782436e-10
-1.741089143807534e-12
1.013205960765177e-13
1.340728798921926e-12
-2.613191568847407e-13
-9.626522372289551e-14
3.97819893215088e-13
2.427868699220389e-12
-1.684173121316486e-14
-2.081462292502669e-12
-3.429775173987966e-16
-2.319385838772037e-16
-7.183613463818731e-16
2.126737230201298e-16
1.528760377133526e-16
5.875780109477588e-16
2.042910985871741e-16
1.258707072422272e-16
3.001167928560867e-16
-7.906999944631779e-18
-6.774115521635634e-18
4.029514970303702e-18
1.100405476857951e-18
1.309111203775269e-18
-5.83688025069557e-19
7.04529529257028e-18
5.819149247131508e-18
-3.637691406791436e-18
-2.085924233249009e-11
-4.938486788341973e-12
1.475884381776597e-11
9.971006042581938e-11
5.520324164790626e-12
-1.139407519612094e-10
1.915690229888682e-10
-3.455750047495085e-11
-1.952149545394106e-10
-1.896704202561445e-12
-1.69814048487227e-13
1.43759452109679e-12
-1.925161968141068e-13
1.462892667119817e-13
3.658837066012098e-13
2.51104131330275e-12
4.582761194673099e-14
-2.129926767382672e-12
-4.916357850152513e-16
-4.691867209184454e-16
-1.083792609569954e-15
3.064585831701585e-16
4.003062713886468e-16
8.605160665655224e-16
2.911433519194931e-16
1.95335179751922e-16
4.850408647627096e-16
-1.152936491216605e-17
6.307547327288036e-18
2.003423116897254e-18
1.678382232317573e-18
-4.378831230777077e-19
-2.475606723957567e-19
1.022994951942585e-17
-5.949553007294947e-18
-1.867391990032082e-18
-4.6387246973439e-12
-1.122602809351247e-12
4.774136988376412e-12
1.039377569582201e-11
2.030198553623043e-12
-1.055936669796186e-11
-2.162884144358715e-11
-4.13807096422438e-12
2.213411752117645e-11
-1.476569389360919e-15
-2.863181125220572e-16
1.241857716934929e-15
1.158797193812289e-15
2.241848160820801e-16
-9.49659647366011e-16
6.557666182202306e-16
1.27766302832544e-16
-5.729126710108323e-16
-4.382161745720186e-12
7.667324790545685e-13
4.39599805553935e-12
9.357871208427364e-12
-1.574481630697669e-12
-9.714345706308431e-12
-1.715423755092208e-11
4.418197846344818e-12
1.818915565129665e-11
-1.813285876993742e-15
-5.552901016652933e-16
1.580509056369072e-15
1.282629760465075e-15
2.969739552432956e-16
-1.06000398461876e-15
9.219911687530821e-16
3.626393279014223e-16
-8.542689581683837e-16
-4.276728260394048e-12
-5.80116448397032e-13
4.421684678092338e-12
9.276729645701782e-12
1.162910141717088e-12
-9.852560423441702e-12
-1.672667591722877e-11
-3.458046698875186e-12
1.841292092114276e-11
-2.423773631616801e-15
7.970300510817283e-17
1.886231282843824e-15
1.715472940395519e-15
1.634029818178322e-16
-1.31701030565212e-15
1.236107127903508e-15
-2.187109540245849e-16
-9.797313617447601e-16
-4.806463394531214e-12
1.37880871410764e-12
4.776260735918533e-12
1.103248757646172e-11
-2.523162048658464e-12
-1.083199592307876e-11
-2.285871228456945e-11
5.301816849083033e-12
2.249599761653223e-11
-2.407021904231925e-15
-3.416234764596457e-16
2.269607699393399e-15
1.887551012991991e-15
2.331912756777757e-16
-1.802481248406425e-15
1.085978826759251e-15
1.869895341321454e-16
-1.005486803692328e-15
1.423785737330803e-13
-9.137618785631718e-14
-1.436110508534153e-13
-8.966585774552675e-14
1.28342778434791e-13
1.0872773668202e-13
-4.692914577094871e-13
-1.661377695637549e-13
3.606631678229662e-13
-5.952376834788245e-13
-8.914819485145534e-14
4.751240037495793e-13
9.609065580388217e-13
1.682902767767279e-13
-7.487520524619244e-13
-1.916691761267285e-12
-4.475596027348698e-13
1.391908838228199e-12
-5.05667861810787e-13
9.873616234252519e-14
4.033152481813044e-13
7.962346349401597e-13
-1.789310527290344e-13
-6.23123497006806e-13
-1.490582537943545e-12
4.469340481659631e-13
1.084572884306978e-12
-5.018606826135032e-13
1.748533400841579e-14
4.546483967047507e-13
6.105802894892511e-13
-8.578599341519273e-14
-5.764685012611572e-13
-2.922735103850696e-13
4.384660311824937e-13
3.29032593052324e-13
-4.763202414879948e-13
5.47389972507764e-16
4.458321018504638e-13
5.770941713291408e-13
4.764227747717564e-14
-5.679943358034232e-13
-2.297378616388382e-13
-3.61341849530956e-13
3.456184957822271e-13
-4.891911986871713e-13
-1.525804067039634e-14
4.052126806188119e-13
7.587443104775705e-13
2.060751721692099e-14
-6.218855556640503e-13
-1.351413668303343e-12
-2.976647538829409e-14
1.04578504156919e-12
-6.44336471928094e-13
2.07080149205005e-13
4.783003826227112e-13
1.05935557071628e-12
-3.888041017882727e-13
-7.598124252961818e-13
-2.165277639990278e-12
1.012523095755068e-12
1.413229127615128e-12
1.299485663345831e-13
1.076262847386138e-13
-1.493759858086019e-13
-5.990344897426729e-14
-1.591163575408016e-13
1.125438447130472e-13
-5.645850351844478e-13
2.455762351705351e-13
3.777622263667151e-13
9.563730608479904e-14
-7.011848326983798e-15
-9.100422313261059e-14
-7.166206840434636e-14
5.989593304253319e-15
6.864691574577559e-14
-9.992163710308464e-14
7.639104841103263e-15
9.544611070538544e-14
5.721211988705876e-14
7.526263853039648e-15
-4.940731395059392e-14
1.50962101932546e-14
1.812867719712635e-14
-1.411925300941429e-14
-1.438635101619882e-14
1.056054704240814e-14
1.158170132713888e-14
8.837087269069768e-14
-8.625290589400236e-14
-2.360060795511205e-14
1.790262631999083e-13
-9.856103599635193e-14
-1.088445616930245e-13
1.000087919143853e-13
-3.823584031884875e-14
-7.448669369089866e-14
1.497424823160776e-13
8.336543973305345e-14
-1.287069773750892e-13
2.280890861895623e-13
3.421734173899011e-14
-1.874019701091557e-13
1.104774074755463e-13
-1.138880034724554e-14
-8.815948100029574e-14
1.880139488260601e-13
-1.699791610647131e-13
-6.940024982819525e-14
2.785187705624563e-13
-1.689494843677648e-13
-1.629084431831547e-13
1.32649313973939e-13
-5.528547476071581e-14
-9.603474533925717e-14
2.036843983869788e-14
1.920517473298323e-14
-8.578781472144162e-15
1.236655567415043e-13
-1.456958803330868e-15
-1.027264613387248e-13
8.763160045267878e-14
-1.013395813204941e-14
-7.658905915243767e-14
1.540079301389263e-14
-4.662709929317233e-14
1.888847681255117e-14
1.36493423564088e-13
-5.942921214468513e-14
-9.574567517048176e-14
9.998850230035627e-14
-2.561743516401924e-14
-8.365347532311658e-14
-2.445618838202671e-13
-7.9861074242896e-15
2.358280728060649e-13
1.680423623065835e-13
-4.570308521876806e-14
-1.537003845010784e-13
2.432684030579501e-13
-3.24557871028462e-14
-2.280430713669485e-13
-3.083617244462727e-13
1.295672806929899e-13
2.342214134467524e-13
1.544278519939341e-13
-1.111219546050453e-14
-1.504724300748053e-13
2.616778296378029e-13
-6.804542229815407e-14
-2.247709655120691e-13
-2.941847813554648e-14
2.386143400375254e-14
2.928503031229275e-14
1.093185831204278e-13
-1.281504331609748e-14
-9.044469085014361e-14
9.908846496934685e-14
-2.117240679517791e-14
-8.422815079264145e-14
8.983437824696277e-14
-8.861271074625399e-14
-2.58755727753864e-14
1.801710099506296e-13
-9.932275688906064e-14
-1.117077507042745e-13
1.003005765271887e-13
-3.777225337462492e-14
-7.574882046088782e-14
3.814680947082253e-14
3.706029824167036e-14
-2.304074113158882e-14
1.746159903011048e-13
7.436948449300247e-15
-1.46841707496357e-13
1.194611684288816e-13
-1.129602334001807e-14
-1.045678302711809e-13
4.176009301462614e-13
-3.369861396200518e-13
-1.881946696070044e-13
4.07024193695844e-13
-2.767107147435168e-13
-2.151663111994163e-13
1.287281592402801e-13
-6.367387841574235e-14
-8.28126026833041e-14
9.756849615453347e-15
1.581721378281448e-14
2.374058897006521e-15
1.238003157655454e-13
-2.670966568684668e-15
-1.03162541012572e-13
9.25120867211846e-14
-9.531163331896564e-15
-8.18673319358104e-14
1.080473292146663e-13
-6.350099979041883e-14
-6.374296933526714e-14
5.763507470338222e-14
-5.432117833414007e-14
-1.917552091837004e-14
-4.197780846598199e-15
-1.389843908156437e-14
1.416151063764368e-14
1.116527687169008e-13
-2.606760732049878e-14
-9.641611267921958e-14
-8.566503406756253e-14
2.27484320271251e-14
7.309367507395312e-14
-1.182309575503234e-13
2.951855090276351e-14
1.014017450680029e-13
0.02148641060167213
-0.0001675869340856571
-5.380371953545468e-07
-0.003442106413344234
0.000203816501767366
-2.673680272959222e-07
-0.01947839649124233
0.0001141809244536781
9.961248877912535e-07
-0.005019952077941442
-1.173005791070692e-05
1.440901137279567e-08
0.0006329167861051823
-2.592989209106067e-06
-3.516545261726014e-08
0.004532798951883191
1.260036810424765e-05
-1.347303241371309e-08
-0.0001672817042537883
-1.425506569654691e-06
-5.868218690453889e-09
5.448946106409213e-05
4.772164175394247e-07
8.812979512534501e-10
0.0001410142662706488
1.229879774578648e-06
6.150855658690538e-09
-6.973488039815063e-07
-8.264919337926364e-09
-5.225909375105381e-11
2.740829752985919e-07
3.614595161273432e-09
2.022821842715798e-11
5.676248673081508e-07
6.603760873588597e-09
4.816098936473878e-11
-1.0513819588463e-09
-1.474507738830959e-11
-1.260570034574634e-13
4.463802541157367e-10
7.15371727795532e-12
6.276023138744567e-14
8.393149471847396e-10
1.126479671710234e-11
1.038019309573621e-13
-7.396328654610153e-14
-9.637830659012434e-15
-5.384291245620271e-16
3.563590352595828e-14
1.353195133672989e-14
2.270793668303086e-16
3.484321069228132e-14
4.515830461883441e-15
2.987837975514044e-16
-1.105290616992722e-14
-3.405402161499136e-15
-4.695290107339237e-17
8.515752173999565e-15
2.606023272096755e-15
3.115259400600839e-17
5.026517643525873e-15
1.5802413842387e-15
3.16764668162571e-17
-3.37232035678154e-19
1.905661709193162e-19
-3.331127040717666e-21
-6.080430734296962e-20
-4.31039081475104e-20
1.32341169899201e-21
2.676664090779746e-19
-2.728212123538358e-19
2.821149637401996e-21
-1.663702327317814e-09
4.758857730025373e-13
1.795628533577899e-09
3.137639644007009e-09
-1.597452239534466e-13
-3.232200354259846e-09
1.367006283193141e-09
1.408386685238204e-11
-1.06830765882539e-09
-2.493484447641799e-11
-3.113546527685594e-13
2.230115493751634e-11
1.162497114754166e-12
1.587030633365743e-13
-9.934599380278641e-13
2.963285148362621e-11
1.524201592807295e-13
-2.661322902730537e-11
3.384091326716202e-16
-1.600054341392138e-17
-5.610713904808047e-16
-3.625587224875929e-16
1.389986630476088e-17
6.258428044724183e-16
2.626067867871443e-17
4.48544371511797e-18
2.034657584586548e-17
1.299705256072704e-17
1.741688553765526e-19
1.051692639235213e-17
-2.260615537247144e-18
1.141403130734019e-19
-1.113066975621775e-18
-1.123548277085337e-17
-2.47128651167116e-19
-9.639478725336594e-18
1.599601087477663e-10
-3.496380342904243e-12
-1.736470476736894e-10
-1.155658923781493e-10
4.569146905027314e-12
1.346185627504186e-10
-2.060321903775264e-10
-9.557749318635116e-13
1.905998801965086e-10
-5.404049880176918e-16
-3.533546451231071e-16
-3.715815196044592e-16
2.681891651685511e-16
1.595572137337852e-16
3.696110769518592e-16
3.717536778985663e-16
2.531106161746209e-16
9.639392525266513e-17
1.614961644308471e-10
1.663788364274351e-12
-1.754904714226144e-10
-1.155113647821688e-10
-2.531106102299284e-12
1.352737454200604e-10
-2.112499343966254e-10
9.415274570922563e-13
1.949853613149986e-10
-7.835438222264372e-16
-1.258377788968555e-16
-7.201492617828898e-16
3.875390894551883e-16
2.268111362369839e-16
5.998322574389311e-16
5.405679022906143e-16
-4.700553429452001e-17
2.878563724112106e-16
1.090202727484231e-11
1.965246635567454e-12
-1.103251780961819e-11
-1.163800205694654e-11
-2.071392471607539e-12
1.1793276324951e-11
-2.394526774343573e-12
-4.00025692096869e-13
2.318772898860537e-12
9.009119239467206e-12
-1.896049797233986e-12
-9.537973748227683e-12
-9.413219181147552e-12
2.114717842567133e-12
1.004293677208056e-11
-2.285901609682624e-12
2.047919830318614e-13
2.186999971884315e-12
8.886635572248453e-12
1.425028066187901e-12
-9.65836843391736e-12
-9.269035145891149e-12
-1.600662215012993e-12
1.017188044523678e-11
-2.294718525661626e-12
-1.407373779955872e-13
2.209399132146817e-12
1.154292365530517e-11
-2.479942041567307e-12
-1.127002949249499e-11
-1.23334701793422e-11
2.63281957003014e-12
1.204844718331775e-11
-2.497758897781115e-12
4.635822821018149e-13
2.361234451799786e-12
6.200767038838643e-13
6.575406772770052e-14
-5.116617835747891e-13
-4.444787296410926e-13
1.985174339224218e-14
3.838457150549257e-13
-2.158166657204976e-13
-1.266806974319889e-13
1.516240422230062e-13
1.256699301776404e-12
3.469303954765297e-13
-8.651057580947681e-13
-3.432765055722536e-13
-1.435857932421495e-13
1.974536000695082e-13
-1.296422315067651e-12
-2.852868518888929e-13
9.599137152741663e-13
9.299188237396985e-13
-3.336730666340372e-13
-6.374095281163957e-13
-2.135113589354199e-13
1.313798456108292e-13
1.142765346438603e-13
-1.023389046009773e-12
2.873105291432587e-13
7.624671552882184e-13
-2.536950691686703e-13
-4.129959742794619e-13
1.533870012857791e-13
4.624033231694962e-13
2.273372518132221e-13
-3.804922470119887e-13
-3.449283510452705e-13
2.524900898720953e-13
3.66320736618803e-13
-2.860439120580486e-13
3.497751211228544e-13
1.253948536521818e-13
4.674309261057194e-13
-2.05654276284967e-13
-3.593252740064897e-13
-3.039576557984685e-13
-1.947301997100694e-13
3.733105980002682e-13
8.087789708163723e-13
1.108284059720846e-14
-5.978928481455578e-13
-1.544815003746978e-13
2.297338748656474e-15
8.850492386297502e-14
-9.396212048791084e-13
-2.056840635945781e-14
7.425120041282958e-13
1.449976734002222e-12
-7.772810720140295e-13
-8.808526123003299e-13
-4.207957480447884e-13
3.169081503338922e-13
2.050278521648129e-13
-1.456730296066888e-12
6.469108905440221e-13
9.750087322085064e-13
7.015606510009184e-13
-1.265654687360248e-13
-5.346609345701433e-13
-4.827748601482828e-13
4.970006265947267e-15
4.010093823311524e-13
-2.750488446554657e-13
1.77471626670617e-13
1.593695813295058e-13
0.02604279209403118
0.0004841084846696953
-1.513314147356222e-07
-0.04645145273352722
-8.301000230202956e-05
1.264279744852326e-06
-0.01327695045953743
-0.0005737099371144963
-6.702739948897636e-07
-0.0003990758262673393
-3.509246202995638e-06
-1.828595445930645e-08
0.000216609343503606
1.869306480574909e-06
9.283967301369237e-09
0.0002912389433186478
2.587989130412078e-06
1.397163491652726e-08
-1.938190030323058e-09
-2.494659821887757e-11
-2.10917927003546e-13
1.182107805568847e-09
1.545159829717702e-11
1.331801202237069e-13
1.296450578263767e-09
1.632728138055929e-11
1.359717612848562e-13
-7.942149111704288e-15
-2.496616718935013e-15
-4.935114753741805e-17
6.136190943811288e-15
1.922438804693781e-15
3.615720470847435e-17
3.579364595641954e-15
1.135910036193848e-15
2.562161062224699e-17
2.403986420176768e-09
1.842998224587136e-12
-2.296055805466775e-09
-1.76861728506305e-09
4.49422734145644e-13
1.700874657225942e-09
-2.713371038423655e-09
-7.615994485031223e-12
2.516545704365347e-09
1.772208274059129e-16
1.149121827457121e-18
3.267599874953906e-16
1.463184339825557e-17
6.241565760657853e-18
1.713229229093945e-17
-1.476475526107466e-16
-5.640740492950661e-18
-4.173527122797166e-16
1.043530228806426e-10
2.816415163191797e-12
-9.539447357906318e-11
-1.294943301838587e-10
-1.269061289849223e-12
1.213583258893262e-10
8.410577552944944e-12
-2.71470580627492e-12
-1.28646449132776e-11
1.075847556042083e-10
-2.768314789644157e-12
-9.796459930785071e-11
-1.328645832849645e-10
1.376622947144003e-12
1.241491757386934e-10
7.73645454752343e-12
2.403661329901014e-12
-1.250717828738e-11
1.230189734264331e-11
1.968541417322207e-12
-1.234785598642378e-11
-1.282429934906943e-11
-2.045483054326832e-12
1.292257738251619e-11
1.473531844685098e-12
1.629266777148554e-13
-1.552537328649798e-12
9.394966285777959e-12
-2.308493694453515e-12
-1.001046875274736e-11
-9.52391357046995e-12
2.557266806665887e-12
1.029710734330362e-11
4.359022992298274e-13
-5.975657470655597e-13
-7.593060405857299e-13
9.249713279489709e-12
1.77497679691052e-12
-1.014227212442075e-11
-9.348489397556803e-12
-1.978167708685213e-12
1.04365674026294e-11
3.726212039861346e-13
4.901220419072508e-13
-7.781920568622617e-13
1.303396718264288e-11
-2.5189478973866e-12
-1.261563234145246e-11
-1.361147327853524e-11
2.647149059292124e-12
1.32073085717989e-11
1.608660729325454e-12
-2.736969161963514e-13
-1.594805609382031e-12
-0.1722923224507014
0.0006053700328717992
1.763659221405554e-06
0.03982616256560514
-0.0006719047298023291
-1.599067126118873e-06
0.1806041373880446
-0.0001745354257880518
-1.125212923154621e-06
-2.253847890803418e-09
-2.83161516691643e-11
-2.333158410256939e-13
1.590997691091362e-09
2.0057311316933e-11
1.66133153171565e-13
1.252093044956243e-09
1.562820854482573e-11
1.276019157663237e-13
1.57852216535319e-09
4.247980101560073e-12
-1.498001895073206e-09
-1.817218636682265e-09
-4.692555255193154e-12
1.705186201013844e-09
-2.941849043507836e-11
-5.98703138104208e-13
4.846076359916123e-11
1.803564653348927e-10
-4.648576254695095e-12
-1.751423016863335e-10
-2.131008238052552e-10
6.939257517748614e-12
2.096690988221161e-10
8.412628277144568e-11
-6.34421981802671e-12
-8.844151877888497e-11
1.833877006914741e-10
4.20771044765938e-12
-1.779421600469154e-10
-2.162096717573622e-10
-6.249801005865629e-12
2.126971624080996e-10
8.425628574862327e-11
5.737453126467622e-12
-8.896645138603111e-11
-0.3813220188147351
-0.0001555347793350874
4.56903340490718e-07
0.2429833725301004
-4.157325827000382e-05
-7.298272313250595e-07
0.2502517611422595
0.0002991194621095023
2.825747359396728e-07
2.059814939659421e-09
5.211134589541265e-12
-1.861935139194422e-09
-2.361491403773008e-09
-5.67181397016292e-12
2.121991688914275e-09
7.239608328035554e-10
1.18199470986624e-12
-6.121612198778666e-10
0.3740441930086688
0.0007331485200489119
1.426244734522771e-06
-0.5763919501049558
-0.001019263660507344
-1.810029902006092e-06
0.5842175361865676
0.0007831518556364343
9.989969919411589e-07
