# Created from matlab git hash 00e16b208fbf08652b67ace82ddc532522841f31
# name: foo
# type: matrix
# rows: 64
# columns: 64
0 0 0 0 0 0 0 0 0 0 0 0 0 0 0 0 0 0 0 0 0 0 0 0 0 0 0 0 0 0 0 0 0 0 0 0 0 0 0 0 0 0 0 0 0 0 0 0 0 0 0 0 0 0 0 0 0 0 0 0 0 0 0 0
-1.387778780781446e-16 1.040834085586084e-17 -0.2581988897471574 -2.110128478199913e-17 -0.3055050463303833 -3.572446158339737e-17 0.1999999999999929 1.81400575983981e-17 -0.2160246899469244 0.1825741858350362 0.1414213562373044 -0.08164965809277265 -0.2160246899469245 -0.1825741858350362 0.1414213562373044 0.08164965809277265 -0.3055050463303846 0.2581988897471346 0.1999999999999935 -0.1154700538379255 5.157144033862803e-16 2.153633492290061e-16 -6.132962142664278e-16 -1.063902014545854e-16 5.256206596042671e-16 -2.047729861499442e-16 -6.164519923343478e-16 9.699589965400763e-17 -0.3055050463303844 -0.2581988897471347 0.1999999999999936 0.1154700538379255 -0.4320493798938529 0.3651483716700757 0.2828427124746112 -0.1632993161855464 4.51401581871584e-16 1.189691712992609e-16 -2.850045744864806e-16 -7.867100910658437e-17 4.219623482712633e-16 -1.286449965621943e-16 -2.948176523532547e-16 6.449290615485066e-17 7.89952768275272e-16 4.609569486252782e-16 -5.268049063887112e-16 -2.002919833573232e-16 7.89952768275272e-16 -4.601391921363801e-16 -5.268049063887112e-16 2.08124270211802e-16 4.317754261380369e-16 1.350497958695351e-16 -3.138205959297799e-16 -8.049746907579103e-17 4.51401581871584e-16 -9.961752077339396e-17 -2.850045744864806e-16 6.677364744867916e-17 -0.4320493798938531 -0.3651483716700758 0.2828427124746114 0.1632993161855464
6.938893903907228e-18 0.2581988897471571 -2.421840325102252e-17 -1.176777090445119e-15 -1.719231592150481e-18 -4.772353955257136e-16 4.389441566469648e-18 -4.996272280899081e-16 6.403251885395053e-16 -1.571697898550546e-16 3.529849625476477e-16 -1.746606849166657e-16 -5.920675286710354e-16 -1.37694838010158e-16 -3.598742251884362e-16 -1.86394881234694e-16 1.340797972684945e-16 -4.397639306514177e-16 6.198186968112205e-16 9.604190474031098e-17 -2.181230889176562e-16 3.195448972788459e-16 4.499094736484884e-16 -2.19005495532613e-16 2.211962026994987e-16 3.181380535179722e-16 -4.377829012192428e-16 -2.323331868774925e-16 -1.018020986793465e-16 -4.172402437771316e-16 -6.58594870994788e-16 7.670721351747175e-17 1.471961680016031e-17 -4.190784225666368e-16 3.320783243905881e-16 1.155305501916374e-16 -8.390181576091398e-16 -2.000799726824489e-16 6.767053380590495e-16 6.30899729523886e-17 -6.525696781404421e-16 4.133712837198303e-16 4.982194040584045e-16 -2.008214229083692e-16 -1.349298206681365e-16 1.100181811436246e-16 8.887988606280523e-17 -5.988054210373434e-17 1.324765512014431e-16 1.075649116769301e-16 -7.219708809841845e-17 -8.730201356191343e-17 6.427566002736686e-16 4.186180745957461e-16 -5.090582766347616e-16 -2.012993870580523e-16 8.193920018755927e-16 -2.194316232083159e-16 -6.774463254284119e-16 6.415926476997711e-17 3.158584438367742e-17 -3.621047917958832e-16 -2.966511251499597e-16 1.661666898700852e-16
-2.081668171172169e-16 1.734723475976807e-17 7.123208273229764e-16 6.633284416537877e-17 -0.4666666666666553 5.112013243269153e-17 0.3055050463303841 4.255493527005605e-18 -0.3299831645537138 0.2788866755113277 0.2160246899469208 -0.1247219128924633 -0.3299831645537138 -0.2788866755113276 0.2160246899469209 0.1247219128924633 -0.4666666666666565 0.3944053188732648 0.3055050463303774 -0.1763834207376383 1.083332269648672e-15 2.662302993743372e-16 -1.303211011327576e-16 2.405293135385191e-17 1.074590889633009e-15 -2.761934638285751e-16 -1.339125208291159e-16 -1.594562870190281e-17 -0.4666666666666566 -0.3944053188732648 0.3055050463303774 0.1763834207376383 -0.6599663291074334 0.55777335102266 0.4320493798938423 -0.2494438257849295 8.985099421764545e-16 -5.607612566964349e-17 -6.600622826091751e-16 1.063268868607532e-16 2.792127311780416e-16 -5.385926413484485e-16 -1.825796458465589e-16 3.130432328949805e-16 7.430339897247609e-16 8.053276963919541e-16 -2.886146183156413e-16 -3.503512600565048e-16 7.45333929849786e-16 -8.014562306032569e-16 -2.951740414591786e-16 3.576255335381837e-16 2.716995934362931e-16 5.195606428250401e-16 -1.96186383111252e-16 -2.95431599876661e-16 8.997365769098012e-16 6.946096457136402e-17 -6.293793611278353e-16 -1.130570358614002e-16 -0.6599663291074334 -0.55777335102266 0.4320493798938423 0.2494438257849295
-4.163336342344337e-17 0.3055050463303829 1.783089057265028e-17 0.4666666666666547 -1.519237053424392e-17 -0.1314684396244899 3.318675087342349e-17 -0.6467392093713311 2.873628552140694e-15 -4.720924394094104e-18 -1.047359627411731e-14 -1.8171283886351e-18 -2.868420659260261e-15 3.422035733419741e-18 1.046511239211761e-14 -2.870856047522046e-18 4.933458697987965e-16 -1.146840146550801e-15 -1.122095038413873e-15 -5.780471400649151e-16 5.028190862808856e-16 1.176905166237388e-15 -1.131744437748994e-15 5.933903956544467e-16 -4.864069758948892e-16 1.132962358742987e-15 1.101278356702151e-15 5.919249278727295e-16 -5.20849135475259e-16 -1.199506610178069e-15 1.121769777762127e-15 -5.895187140991333e-16 3.594039768705819e-16 -6.794114296007649e-16 6.461844948013606e-17 -1.880167739580771e-16 -1.324765512014431e-15 -3.485933801945913e-16 5.251875323519783e-16 5.113425566398453e-17 -1.325992146747778e-15 3.368444214740234e-16 5.199833619240479e-16 -2.969952861766737e-17 3.623172343622803e-16 6.72478155874908e-16 8.847089727481716e-17 1.713812957228035e-16 -3.471376295371149e-16 6.610884128857598e-16 -2.125036258071589e-17 1.186278349190049e-16 1.324765512014431e-15 3.485933801945913e-16 -5.251875323519783e-16 -5.113425566398453e-17 1.325992146747778e-15 -3.368444214740234e-16 -5.199833619240479e-16 2.969952861766737e-17 -3.479629726340639e-16 -6.477536917579044e-16 -1.994931997373328e-17 -1.107304996382519e-16
-4.597017211338539e-16 1.214306433183765e-17 2.96637714392034e-16 -1.599198204416119e-17 0.13146843962449 1.398620802506301e-17 -1.088972662044441e-15 1.192622389734055e-18 -0.6507355761931468 -0.0785674201318642 0.4260064336151167 0.03513641844633032 -0.6507355761931468 0.07856742013186409 0.4260064336151168 -0.03513641844633028 -0.3944053188732641 0.3333333333332681 0.2581988897471298 -0.1490711984999714 -0.5258737584977548 -0.4444444444444157 0.3442651863295512 0.1987615979999882 -0.5258737584977545 0.4444444444444157 0.3442651863295512 -0.1987615979999882 -0.3944053188732641 -0.333333333333268 0.2581988897471298 0.1490711984999714 -0.5577733510226587 0.4714045207909417 0.365148371670066 -0.210818510677873 1.226021415980022e-15 4.264493994595764e-16 -4.623038063478191e-16 -6.259830296126033e-17 1.372604266614952e-15 -2.908716636433365e-16 -6.093216209368535e-16 -2.964377301420308e-17 -0.7436978013636427 -0.6285393610546719 0.4868644955601519 0.2810913475705344 -0.7436978013636427 0.6285393610546718 0.4868644955601519 -0.2810913475705344 1.373217583981626e-15 3.02116693927688e-16 -5.520757462296189e-16 2.328451388071688e-17 1.241354350146856e-15 -4.491748133745843e-16 -4.81385764583564e-16 4.464029657626622e-17 -0.5577733510226588 -0.4714045207909418 0.3651483716700659 0.210818510677873
-4.85722573273506e-17 -0.1999999999999925 -1.734579311423656e-18 -0.3055050463303836 -1.465428035566745e-18 2.141245274027795e-15 2.27814584484805e-17 -0.3464101615137686 2.034851881055263e-16 5.65525996310627e-16 8.556220370731922e-17 6.907800846453291e-16 -2.089982167146106e-16 5.441472357195552e-16 -5.745599679643943e-17 7.116657262995417e-16 -7.381467900488918e-16 1.301016202755046e-16 -2.605494134765583e-16 2.89914981542504e-16 7.117119814575934e-16 3.241692277872482e-16 5.505028895821004e-16 1.947528641070953e-16 -7.161959597171202e-16 3.308416311518007e-16 -5.681079450356964e-16 2.01395352866597e-16 7.401991956565253e-16 1.484636011235306e-16 2.623660553136149e-16 2.82534413797591e-16 0 4.436153761706956e-16 -3.142527380768363e-16 -1.064622331739224e-16 1.153036649345894e-16 -4.700880828234602e-16 -2.060731638327995e-16 2.977683489961486e-16 -6.08410827739961e-16 -2.847848953882759e-16 4.539864195062346e-16 2.343842222164917e-16 -1.962615573354715e-17 5.413257583256885e-16 4.182315503842294e-16 -1.44401256461179e-16 0 5.582241393848609e-16 -4.239138371812409e-16 -1.619418404745621e-16 6.059575582732676e-16 -2.898615602929283e-16 -4.651411360260158e-16 2.063872279578336e-16 -1.079438565345092e-16 -4.626267747540356e-16 1.53052303510582e-16 3.052892563014373e-16 1.103971260012028e-17 4.522344515325697e-16 3.01189510131329e-16 -1.197217747847378e-16
-1.314053033052431e-16 1.301042606982605e-18 9.385938207207012e-16 -1.232602344844458e-17 0.6467392093713322 7.483705495581194e-17 0.346410161513769 1.427419922712947e-17 -0.2078698548207683 -0.3865006029094279 0.1360827634879469 0.1728483242900444 -0.2078698548207684 0.3865006029094281 0.1360827634879469 -0.1728483242900444 0.176383420737639 -0.1490711984999722 -0.1154700538379231 0.06666666666666714 -0.4703557886336964 -0.3975231959999206 0.3079201435677892 0.1777777777777775 -0.4703557886336965 0.3975231959999206 0.3079201435677894 -0.1777777777777777 0.176383420737639 0.1490711984999722 -0.1154700538379231 -0.06666666666666714 0.2494438257849299 -0.2108185106778742 -0.1632993161855424 0.09428090415820796 1.26036718851373e-16 4.219954522421144e-16 -8.87148427636264e-17 -2.590522344117927e-16 5.93384552256464e-16 1.13054343340768e-16 -5.434834440126712e-16 -9.285148092237704e-17 -0.66518353542647 -0.56218269514099 0.4354648431614404 0.2514157444218847 -0.66518353542647 0.5621826951409898 0.4354648431614406 -0.2514157444218846 5.872513785897306e-16 -1.02847262781158e-16 -5.510728592200698e-16 7.623929993433142e-17 1.281833296347297e-16 -4.280160740946326e-16 -7.291259609965017e-17 2.624423245898646e-16 0.2494438257849298 0.2108185106778742 -0.1632993161855424 -0.09428090415820797
0 0.2160246899469242 4.391018798566293e-17 0.3299831645537133 -1.367233149612845e-15 0.6507355761931454 2.47198095326695e-17 0.207869854820768 4.076600168545497e-17 -0.657342198122244 1.561251128379126e-17 -1.117094998005029 3.035766082959412e-18 0.3944053188732634 -6.938893903907228e-18 -0.1763834207376382 0.3299831645537216 -0.2788866755113283 -0.2160246899469411 0.1247219128924642 -0.3299831645537215 -0.2788866755113281 0.2160246899469411 0.1247219128924643 -0.329983164553715 0.2788866755113281 0.2160246899469209 -0.1247219128924642 0.329983164553715 0.2788866755113281 -0.2160246899469209 -0.1247219128924642 0.4666666666666598 -0.3944053188732699 -0.3055050463303819 0.1763834207376389 1.594625153350704e-16 2.360980699561864e-15 -2.529226827974185e-15 6.334054721803108e-16 -1.668223237351507e-16 2.318886240654702e-15 2.494532358454649e-15 7.030726374583328e-16 -0.4666666666666596 -0.3944053188732698 0.3055050463303818 0.1763834207376389 -0.4666666666666595 0.3944053188732675 0.3055050463303793 -0.1763834207376396 0 0 0 0 0 0 0 0 0.4666666666666595 0.3944053188732675 -0.3055050463303793 -0.1763834207376396
-7.355227538141662e-16 -0.1825741858350355 8.51098705401121e-17 -0.2788866755113275 -2.168404344971009e-19 0.07856742013186407 -1.795438797635995e-16 0.3865006029094274 0.6573421981222448 -1.301042606982605e-17 -0.2581988897471291 -3.74049749507499e-17 -0.3944053188732634 1.084202172485504e-17 0.2581988897471285 -5.583641188300348e-18 -1.022584476874974 -0.3928371006591988 0.6694386813952042 0.1756820922315973 -1.022584476874974 0.3928371006591988 0.6694386813952042 -0.1756820922315974 -0.2788866755113281 0.2357022603954695 0.1825741858350328 -0.1054092553389364 -0.2788866755113281 -0.2357022603954695 0.1825741858350328 0.1054092553389364 -0.3944053188732671 0.3333333333332725 0.2581988897471325 -0.1490711984999725 -1.051747516995518 -0.8888888888888397 0.6885303726591064 0.3975231959999798 -1.051747516995518 0.8888888888888397 0.6885303726591067 -0.3975231959999798 -0.3944053188732671 -0.3333333333332724 0.2581988897471325 0.1490711984999725 -0.3944053188732672 0.3333333333332701 0.2581988897471301 -0.1490711984999731 0 0 0 0 0 0 0 0 -0.3944053188732672 -0.3333333333332701 0.2581988897471301 0.1490711984999731
-1.387778780781446e-17 -0.1414213562373043 -6.495455215360657e-16 -0.2160246899469205 9.756220354165124e-15 -0.4260064336151161 -2.018784445168009e-16 -0.1360827634879468 -3.469446951953614e-18 0.2581988897471323 6.071532165918825e-18 -0.8082903768654622 -2.038300084272748e-17 -0.2581988897471285 -1.474514954580286e-17 0.1154700538379228 -0.2160246899469206 0.1825741858350343 0.1414213562373026 -0.08164965809276968 0.2160246899469207 0.1825741858350343 -0.1414213562373026 -0.08164965809276971 0.216024689946921 -0.182574185835033 -0.1414213562373025 0.08164965809277118 -0.216024689946921 -0.182574185835033 0.1414213562373025 0.08164965809277118 -0.3055050463303813 0.2581988897471314 0.1999999999999908 -0.1154700538379232 7.065416064076967e-16 4.6620085993411e-16 1.415106115051259e-16 3.360278417830909e-16 -7.948593072086588e-16 5.808125027153594e-16 -2.260927360835179e-16 3.456017517280796e-16 0.3055050463303814 0.2581988897471314 -0.1999999999999908 -0.1154700538379232 0.3055050463303805 -0.2581988897471313 -0.1999999999999907 0.1154700538379236 0 0 0 0 0 0 0 0 -0.3055050463303805 -0.2581988897471313 0.1999999999999907 0.1154700538379236
-1.595945597898663e-16 0.0816496580927728 3.255045972344606e-16 0.1247219128924628 -4.099639464710814e-17 -0.03513641844633018 -1.349614864309956e-15 -0.1728483242900441 1.117094998005032 -5.572799166575493e-17 0.808290376865463 -6.375108774214766e-17 0.1763834207376381 1.062518129035794e-17 -0.1154700538379228 -9.75781955236954e-19 -0.5404616225340025 -0.6675919504799236 0.3538151850686663 0.2985561965009866 -0.5404616225340024 0.6675919504799237 0.3538151850686663 -0.2985561965009866 0.1247219128924643 -0.1054092553389364 -0.08164965809277114 0.04714045207910385 0.1247219128924643 0.1054092553389364 -0.08164965809277114 -0.04714045207910385 0.1763834207376406 -0.1490711984999735 -0.1154700538379241 0.06666666666666739 -0.9407115772674001 -0.7950463919998481 0.6158402871355826 0.3555555555555573 -0.9407115772674002 0.7950463919998479 0.6158402871355827 -0.3555555555555573 0.1763834207376406 0.1490711984999735 -0.1154700538379241 -0.0666666666666674 0.1763834207376399 -0.1490711984999735 -0.1154700538379235 0.06666666666666796 0 0 0 0 0 0 0 0 0.1763834207376399 0.1490711984999735 -0.1154700538379235 -0.06666666666666796
0 0.2160246899469242 3.263448539181368e-17 0.3299831645537133 1.225690555994863e-15 0.6507355761931453 -8.673617379884035e-19 0.207869854820768 3.035766082959412e-18 0.3944053188732634 -6.938893903907228e-18 -0.1763834207376382 4.076600168545497e-17 -0.657342198122244 1.561251128379126e-17 -1.117094998005029 -0.329983164553715 0.2788866755113281 0.2160246899469209 -0.1247219128924642 0.329983164553715 0.2788866755113281 -0.2160246899469209 -0.1247219128924642 0.3299831645537216 -0.2788866755113283 -0.2160246899469411 0.1247219128924642 -0.3299831645537215 -0.2788866755113281 0.2160246899469411 0.1247219128924643 -0.4666666666666595 0.3944053188732675 0.3055050463303793 -0.1763834207376396 0 0 0 0 0 0 0 0 0.4666666666666595 0.3944053188732675 -0.3055050463303793 -0.1763834207376396 0.4666666666666598 -0.3944053188732699 -0.3055050463303819 0.1763834207376389 1.594625153350704e-16 2.360980699561864e-15 -2.529226827974185e-15 6.334054721803108e-16 -1.668223237351507e-16 2.318886240654702e-15 2.494532358454649e-15 7.030726374583328e-16 -0.4666666666666596 -0.3944053188732698 0.3055050463303818 0.1763834207376389
-7.355227538141662e-16 0.1825741858350355 -1.935300877886625e-17 0.2788866755113275 -4.607859233063394e-18 -0.07856742013186402 -2.532696274926138e-16 -0.3865006029094275 -0.3944053188732634 1.084202172485504e-17 0.2581988897471285 -5.583641188300348e-18 0.6573421981222448 -1.301042606982605e-17 -0.2581988897471291 -3.74049749507499e-17 -0.2788866755113281 0.2357022603954695 0.1825741858350328 -0.1054092553389364 -0.2788866755113281 -0.2357022603954695 0.1825741858350328 0.1054092553389364 -1.022584476874974 -0.3928371006591988 0.6694386813952042 0.1756820922315973 -1.022584476874974 0.3928371006591988 0.6694386813952042 -0.1756820922315974 -0.3944053188732672 0.3333333333332701 0.2581988897471301 -0.1490711984999731 0 0 0 0 0 0 0 0 -0.3944053188732672 -0.3333333333332701 0.2581988897471301 0.1490711984999731 -0.3944053188732671 0.3333333333332725 0.2581988897471325 -0.1490711984999725 -1.051747516995518 -0.8888888888888397 0.6885303726591064 0.3975231959999798 -1.051747516995518 0.8888888888888397 0.6885303726591067 -0.3975231959999798 -0.3944053188732671 -0.3333333333332724 0.2581988897471325 0.1490711984999725
-1.387778780781446e-17 -0.1414213562373042 7.210486548114847e-16 -0.2160246899469206 -9.761939520624985e-15 -0.4260064336151163 1.864827736675068e-16 -0.1360827634879467 -2.038300084272748e-17 -0.2581988897471285 -1.474514954580286e-17 0.1154700538379228 -3.469446951953614e-18 0.2581988897471323 6.071532165918825e-18 -0.8082903768654622 0.216024689946921 -0.182574185835033 -0.1414213562373025 0.08164965809277118 -0.216024689946921 -0.182574185835033 0.1414213562373025 0.08164965809277118 -0.2160246899469206 0.1825741858350343 0.1414213562373026 -0.08164965809276968 0.2160246899469207 0.1825741858350343 -0.1414213562373026 -0.08164965809276971 0.3055050463303805 -0.2581988897471313 -0.1999999999999907 0.1154700538379236 0 0 0 0 0 0 0 0 -0.3055050463303805 -0.2581988897471313 0.1999999999999907 0.1154700538379236 -0.3055050463303813 0.2581988897471314 0.1999999999999908 -0.1154700538379232 7.065416064076967e-16 4.6620085993411e-16 1.415106115051259e-16 3.360278417830909e-16 -7.948593072086588e-16 5.808125027153594e-16 -2.260927360835179e-16 3.456017517280796e-16 0.3055050463303814 0.2581988897471314 -0.1999999999999908 -0.1154700538379232
-1.595945597898663e-16 -0.08164965809277282 3.024381960148315e-16 -0.1247219128924628 4.601082969485359e-17 0.03513641844633026 -1.356445337996615e-15 0.172848324290044 0.1763834207376381 1.062518129035794e-17 -0.1154700538379228 -9.75781955236954e-19 1.117094998005032 -5.572799166575493e-17 0.808290376865463 -6.375108774214766e-17 0.1247219128924643 -0.1054092553389364 -0.08164965809277114 0.04714045207910385 0.1247219128924643 0.1054092553389364 -0.08164965809277114 -0.04714045207910385 -0.5404616225340025 -0.6675919504799236 0.3538151850686663 0.2985561965009866 -0.5404616225340024 0.6675919504799237 0.3538151850686663 -0.2985561965009866 0.1763834207376399 -0.1490711984999735 -0.1154700538379235 0.06666666666666796 0 0 0 0 0 0 0 0 0.1763834207376399 0.1490711984999735 -0.1154700538379235 -0.06666666666666796 0.1763834207376406 -0.1490711984999735 -0.1154700538379241 0.06666666666666739 -0.9407115772674001 -0.7950463919998481 0.6158402871355826 0.3555555555555573 -0.9407115772674002 0.7950463919998479 0.6158402871355827 -0.3555555555555573 0.1763834207376406 0.1490711984999735 -0.1154700538379241 -0.0666666666666674
-1.387778780781446e-17 0.3055050463303842 9.407622250656722e-16 0.4666666666666548 9.363169961584816e-16 0.3944053188732629 -5.147791914961175e-16 -0.1763834207376384 -0.3299831645537152 1.022584476874967 0.2160246899469213 0.5404616225340018 0.3299831645537151 0.2788866755113281 -0.216024689946921 -0.1247219128924643 -6.938893903907228e-17 -1.314684396244496 -2.289834988289385e-16 -2.234189996010064 -0.4666666666666581 0.3944053188732661 0.3055050463303793 -0.1763834207376393 0 0 0 0 0.4666666666666581 0.3944053188732661 -0.3055050463303793 -0.1763834207376393 0.6599663291074481 -0.5577733510226619 -0.4320493798938835 0.2494438257849306 -0.6599663291074482 -0.557773351022662 0.4320493798938834 0.2494438257849305 -0.6599663291074365 0.557773351022662 0.4320493798938447 -0.2494438257849306 0 0 0 0 0 0 0 0 0 0 0 0 0 0 0 0 0.6599663291074365 0.557773351022662 -0.4320493798938447 -0.2494438257849306
-1.637578961322106e-15 -0.2581988897471326 -1.085611635309736e-15 -0.3944053188732642 6.892273210490352e-16 -0.3333333333332677 -1.448494102440634e-16 0.1490711984999722 0.2788866755113281 0.3928371006591986 -0.1825741858350323 0.6675919504799215 -0.2788866755113281 -0.2357022603954696 0.182574185835033 0.1054092553389364 1.314684396244498 -5.551115123125783e-17 -0.5163977794942551 -7.28583859910259e-17 -0.3944053188732661 0.333333333333269 0.2581988897471301 -0.1490711984999729 0 0 0 0 -0.3944053188732661 -0.333333333333269 0.2581988897471301 0.1490711984999729 -2.045168953749966 -0.7856742013184055 1.338877362790416 0.3513641844631977 -2.045168953749966 0.7856742013184056 1.338877362790416 -0.3513641844631974 -0.5577733510226616 0.4714045207909439 0.3651483716700681 -0.2108185106778744 0 0 0 0 0 0 0 0 0 0 0 0 0 0 0 0 -0.5577733510226616 -0.4714045207909439 0.3651483716700681 0.2108185106778744
2.775557561562891e-17 -0.1999999999999935 -1.170396245198102e-15 -0.3055050463303765 4.382345181186409e-16 -0.2581988897471292 9.423885283244005e-16 0.1154700538379227 0.2160246899469388 -0.669438681395202 -0.1414213562373028 -0.3538151850686658 -0.2160246899469209 -0.1825741858350328 0.1414213562373025 0.08164965809277114 -2.081668171172169e-17 0.5163977794942685 4.163336342344337e-17 -1.616580753730931 0.3055050463303793 -0.2581988897471301 -0.1999999999999905 0.1154700538379234 0 0 0 0 -0.3055050463303793 -0.2581988897471301 0.1999999999999905 0.1154700538379234 -0.4320493798938455 0.3651483716700712 0.2828427124746066 -0.1632993161855413 0.4320493798938455 0.3651483716700714 -0.2828427124746066 -0.1632993161855412 0.4320493798938459 -0.3651483716700694 -0.2828427124746067 0.1632993161855436 0 0 0 0 0 0 0 0 0 0 0 0 0 0 0 0 -0.4320493798938459 -0.3651483716700694 0.2828427124746067 0.1632993161855436
-1.665334536937735e-16 0.1154700538379257 -2.001437210408241e-16 0.176383420737638 1.620719617539956e-15 0.1490711984999706 -6.535570695742621e-16 -0.06666666666666682 -0.1247219128924642 -0.175682092231597 0.08164965809276797 -0.2985561965009856 0.1247219128924642 0.1054092553389364 -0.08164965809277117 -0.04714045207910385 2.234189996010075 -1.700029006457271e-16 1.616580753730932 -3.989863994746656e-17 0.1763834207376393 -0.1490711984999729 -0.1154700538379234 0.06666666666666783 0 0 0 0 0.1763834207376393 0.1490711984999729 -0.1154700538379234 -0.06666666666666783 -1.080923245068014 -1.335183900959859 0.7076303701373368 0.5971123930019776 -1.080923245068013 1.335183900959859 0.7076303701373368 -0.5971123930019777 0.2494438257849309 -0.2108185106778749 -0.1632993161855433 0.09428090415820843 0 0 0 0 0 0 0 0 0 0 0 0 0 0 0 0 0.2494438257849309 0.2108185106778749 -0.1632993161855433 -0.09428090415820843
-1.387778780781446e-17 -8.777700788442644e-16 6.67326437164828e-16 -6.263029374634077e-16 8.808058449272238e-16 0.5258737584977532 8.756016744992934e-16 0.4703557886336953 0.3299831645537152 1.022584476874967 -0.2160246899469213 0.540461622534002 -0.3299831645537151 0.2788866755113281 0.216024689946921 -0.1247219128924643 0.4666666666666581 0.3944053188732661 -0.3055050463303793 -0.1763834207376393 -6.938893903907228e-17 -1.314684396244496 -2.289834988289385e-16 -2.234189996010064 -0.4666666666666581 0.3944053188732661 0.3055050463303793 -0.1763834207376393 0 0 0 0 0 0 0 0 0.6599663291074365 0.557773351022662 -0.4320493798938447 -0.2494438257849306 0.6599663291074481 -0.5577733510226619 -0.4320493798938835 0.2494438257849306 -0.6599663291074482 -0.557773351022662 0.4320493798938834 0.2494438257849305 -0.6599663291074365 0.557773351022662 0.4320493798938447 -0.2494438257849306 0 0 0 0 0 0 0 0 0 0 0 0
-1.637578961322106e-15 5.082739784612045e-16 9.752398541507112e-16 -1.426688086246519e-15 -6.337161698177773e-16 0.4444444444444152 3.82506526452886e-16 0.3975231959999189 0.2788866755113282 -0.3928371006591985 -0.1825741858350323 -0.6675919504799216 -0.2788866755113281 0.2357022603954696 0.182574185835033 -0.1054092553389364 -0.3944053188732661 -0.333333333333269 0.2581988897471301 0.1490711984999729 1.314684396244498 -5.551115123125783e-17 -0.5163977794942551 -7.28583859910259e-17 -0.3944053188732661 0.333333333333269 0.2581988897471301 -0.1490711984999729 0 0 0 0 0 0 0 0 -0.5577733510226616 -0.4714045207909439 0.3651483716700681 0.2108185106778744 -2.045168953749966 -0.7856742013184055 1.338877362790416 0.3513641844631977 -2.045168953749966 0.7856742013184056 1.338877362790416 -0.3513641844631974 -0.5577733510226616 0.4714045207909439 0.3651483716700681 -0.2108185106778744 0 0 0 0 0 0 0 0 0 0 0 0
2.775557561562891e-17 8.291978215169138e-16 -6.475939576255918e-16 -9.137113808621589e-17 5.215012449655276e-16 -0.3442651863295504 -1.414233313790092e-15 -0.3079201435677886 -0.2160246899469388 -0.6694386813952021 0.1414213562373029 -0.3538151850686658 0.2160246899469209 -0.1825741858350328 -0.1414213562373025 0.08164965809277114 -0.3055050463303793 -0.2581988897471301 0.1999999999999905 0.1154700538379234 -2.081668171172169e-17 0.5163977794942685 4.163336342344337e-17 -1.616580753730931 0.3055050463303793 -0.2581988897471301 -0.1999999999999905 0.1154700538379234 0 0 0 0 0 0 0 0 -0.4320493798938459 -0.3651483716700694 0.2828427124746067 0.1632993161855436 -0.4320493798938455 0.3651483716700712 0.2828427124746066 -0.1632993161855413 0.4320493798938455 0.3651483716700714 -0.2828427124746066 -0.1632993161855412 0.4320493798938459 -0.3651483716700694 -0.2828427124746067 0.1632993161855436 0 0 0 0 0 0 0 0 0 0 0 0
-1.665334536937735e-16 1.704365815147213e-16 4.512449441884669e-16 -2.672524473858878e-16 -1.579086254116513e-15 -0.1987615979999872 -4.766152750246277e-16 -0.1777777777777777 -0.1247219128924642 0.1756820922315971 0.08164965809276797 0.2985561965009855 0.1247219128924642 -0.1054092553389364 -0.08164965809277117 0.04714045207910385 0.1763834207376393 0.1490711984999729 -0.1154700538379234 -0.06666666666666783 2.234189996010075 -1.700029006457271e-16 1.616580753730932 -3.989863994746656e-17 0.1763834207376393 -0.1490711984999729 -0.1154700538379234 0.06666666666666783 0 0 0 0 0 0 0 0 0.2494438257849309 0.2108185106778749 -0.1632993161855433 -0.09428090415820843 -1.080923245068014 -1.335183900959859 0.7076303701373368 0.5971123930019776 -1.080923245068013 1.335183900959859 0.7076303701373368 -0.5971123930019777 0.2494438257849309 -0.2108185106778749 -0.1632993161855433 0.09428090415820843 0 0 0 0 0 0 0 0 0 0 0 0
-1.387778780781446e-17 -9.107298248878237e-16 -5.972869768222644e-16 -5.739359725323578e-16 -9.82287168271867e-16 0.5258737584977532 -8.599891632155021e-16 0.4703557886336953 0.3299831645537151 0.2788866755113281 -0.216024689946921 -0.1247219128924643 -0.3299831645537152 1.022584476874967 0.2160246899469213 0.5404616225340018 0 0 0 0 0.4666666666666581 0.3944053188732661 -0.3055050463303793 -0.1763834207376393 -6.938893903907228e-17 -1.314684396244496 -2.289834988289385e-16 -2.234189996010064 -0.4666666666666581 0.3944053188732661 0.3055050463303793 -0.1763834207376393 0 0 0 0 0 0 0 0 0 0 0 0 0.6599663291074365 0.557773351022662 -0.4320493798938447 -0.2494438257849306 0.6599663291074481 -0.5577733510226619 -0.4320493798938835 0.2494438257849306 -0.6599663291074482 -0.557773351022662 0.4320493798938834 0.2494438257849305 -0.6599663291074365 0.557773351022662 0.4320493798938447 -0.2494438257849306 0 0 0 0
-1.637578961322106e-15 -5.065392549852277e-16 9.925870889104793e-16 1.423950475760993e-15 -6.068279559401368e-16 -0.4444444444444153 3.747002708109903e-16 -0.397523195999919 -0.2788866755113281 -0.2357022603954696 0.182574185835033 0.1054092553389364 0.2788866755113281 0.3928371006591986 -0.1825741858350323 0.6675919504799215 0 0 0 0 -0.3944053188732661 -0.333333333333269 0.2581988897471301 0.1490711984999729 1.314684396244498 -5.551115123125783e-17 -0.5163977794942551 -7.28583859910259e-17 -0.3944053188732661 0.333333333333269 0.2581988897471301 -0.1490711984999729 0 0 0 0 0 0 0 0 0 0 0 0 -0.5577733510226616 -0.4714045207909439 0.3651483716700681 0.2108185106778744 -2.045168953749966 -0.7856742013184055 1.338877362790416 0.3513641844631977 -2.045168953749966 0.7856742013184056 1.338877362790416 -0.3513641844631974 -0.5577733510226616 0.4714045207909439 0.3651483716700681 -0.2108185106778744 0 0 0 0
2.775557561562891e-17 8.448103328007051e-16 6.066111155056397e-16 -1.3669078889611e-16 -4.870236158804886e-16 -0.3442651863295503 1.40989650510015e-15 -0.3079201435677887 -0.2160246899469209 -0.1825741858350328 0.1414213562373025 0.08164965809277114 0.2160246899469388 -0.669438681395202 -0.1414213562373028 -0.3538151850686658 0 0 0 0 -0.3055050463303793 -0.2581988897471301 0.1999999999999905 0.1154700538379234 -2.081668171172169e-17 0.5163977794942685 4.163336342344337e-17 -1.616580753730931 0.3055050463303793 -0.2581988897471301 -0.1999999999999905 0.1154700538379234 0 0 0 0 0 0 0 0 0 0 0 0 -0.4320493798938459 -0.3651483716700694 0.2828427124746067 0.1632993161855436 -0.4320493798938455 0.3651483716700712 0.2828427124746066 -0.1632993161855413 0.4320493798938455 0.3651483716700714 -0.2828427124746066 -0.1632993161855412 0.4320493798938459 -0.3651483716700694 -0.2828427124746067 0.1632993161855436 0 0 0 0
-1.665334536937735e-16 -1.682681771697503e-16 4.477754972365133e-16 2.559699685284605e-16 -1.582447280851218e-15 0.1987615979999872 -4.705437428587089e-16 0.1777777777777777 0.1247219128924642 0.1054092553389364 -0.08164965809277117 -0.04714045207910385 -0.1247219128924642 -0.175682092231597 0.08164965809276797 -0.2985561965009856 0 0 0 0 0.1763834207376393 0.1490711984999729 -0.1154700538379234 -0.06666666666666783 2.234189996010075 -1.700029006457271e-16 1.616580753730932 -3.989863994746656e-17 0.1763834207376393 -0.1490711984999729 -0.1154700538379234 0.06666666666666783 0 0 0 0 0 0 0 0 0 0 0 0 0.2494438257849309 0.2108185106778749 -0.1632993161855433 -0.09428090415820843 -1.080923245068014 -1.335183900959859 0.7076303701373368 0.5971123930019776 -1.080923245068013 1.335183900959859 0.7076303701373368 -0.5971123930019777 0.2494438257849309 -0.2108185106778749 -0.1632993161855433 0.09428090415820843 0 0 0 0
-1.387778780781446e-17 0.3055050463303842 -1.034545712985668e-15 0.4666666666666549 -8.970146674058821e-16 0.394405318873263 4.66423774603264e-16 -0.1763834207376384 -0.3299831645537151 0.2788866755113281 0.216024689946921 -0.1247219128924643 0.3299831645537152 1.022584476874967 -0.2160246899469213 0.540461622534002 -0.4666666666666581 0.3944053188732661 0.3055050463303793 -0.1763834207376393 0 0 0 0 0.4666666666666581 0.3944053188732661 -0.3055050463303793 -0.1763834207376393 -6.938893903907228e-17 -1.314684396244496 -2.289834988289385e-16 -2.234189996010064 -0.6599663291074365 0.557773351022662 0.4320493798938447 -0.2494438257849306 0 0 0 0 0 0 0 0 0 0 0 0 0 0 0 0 0.6599663291074365 0.557773351022662 -0.4320493798938447 -0.2494438257849306 0.6599663291074481 -0.5577733510226619 -0.4320493798938835 0.2494438257849306 -0.6599663291074482 -0.557773351022662 0.4320493798938834 0.2494438257849305
-1.644517855226013e-15 0.2581988897471325 -1.090978436063539e-15 0.3944053188732641 6.52364447184528e-16 0.3333333333332678 -1.402957611196243e-16 -0.1490711984999722 -0.2788866755113281 0.2357022603954696 0.182574185835033 -0.1054092553389364 0.2788866755113282 -0.3928371006591985 -0.1825741858350323 -0.6675919504799216 -0.3944053188732661 0.333333333333269 0.2581988897471301 -0.1490711984999729 0 0 0 0 -0.3944053188732661 -0.333333333333269 0.2581988897471301 0.1490711984999729 1.314684396244498 -5.551115123125783e-17 -0.5163977794942551 -7.28583859910259e-17 -0.5577733510226616 0.4714045207909439 0.3651483716700681 -0.2108185106778744 0 0 0 0 0 0 0 0 0 0 0 0 0 0 0 0 -0.5577733510226616 -0.4714045207909439 0.3651483716700681 0.2108185106778744 -2.045168953749966 -0.7856742013184055 1.338877362790416 0.3513641844631977 -2.045168953749966 0.7856742013184056 1.338877362790416 -0.3513641844631974
2.775557561562891e-17 -0.1999999999999934 1.283044850919346e-15 -0.3055050463303765 -5.103881726975512e-16 -0.2581988897471292 -8.98369920121489e-16 0.1154700538379228 0.2160246899469209 -0.1825741858350328 -0.1414213562373025 0.08164965809277114 -0.2160246899469388 -0.6694386813952021 0.1414213562373029 -0.3538151850686658 0.3055050463303793 -0.2581988897471301 -0.1999999999999905 0.1154700538379234 0 0 0 0 -0.3055050463303793 -0.2581988897471301 0.1999999999999905 0.1154700538379234 -2.081668171172169e-17 0.5163977794942685 4.163336342344337e-17 -1.616580753730931 0.4320493798938459 -0.3651483716700694 -0.2828427124746067 0.1632993161855436 0 0 0 0 0 0 0 0 0 0 0 0 0 0 0 0 -0.4320493798938459 -0.3651483716700694 0.2828427124746067 0.1632993161855436 -0.4320493798938455 0.3651483716700712 0.2828427124746066 -0.1632993161855413 0.4320493798938455 0.3651483716700714 -0.2828427124746066 -0.1632993161855412
-1.734723475976807e-16 -0.1154700538379257 -2.082752373344654e-16 -0.176383420737638 1.561576389030872e-15 -0.1490711984999705 -6.628812082576374e-16 0.06666666666666682 0.1247219128924642 -0.1054092553389364 -0.08164965809277117 0.04714045207910385 -0.1247219128924642 0.1756820922315971 0.08164965809276797 0.2985561965009855 0.1763834207376393 -0.1490711984999729 -0.1154700538379234 0.06666666666666783 0 0 0 0 0.1763834207376393 0.1490711984999729 -0.1154700538379234 -0.06666666666666783 2.234189996010075 -1.700029006457271e-16 1.616580753730932 -3.989863994746656e-17 0.2494438257849309 -0.2108185106778749 -0.1632993161855433 0.09428090415820843 0 0 0 0 0 0 0 0 0 0 0 0 0 0 0 0 0.2494438257849309 0.2108185106778749 -0.1632993161855433 -0.09428090415820843 -1.080923245068014 -1.335183900959859 0.7076303701373368 0.5971123930019776 -1.080923245068013 1.335183900959859 0.7076303701373368 -0.5971123930019777
0 0.4320493798938525 2.214591357518891e-15 0.6599663291074293 5.314000108003203e-15 0.5577733510226539 -3.196228004487267e-15 -0.2494438257849276 -0.4666666666666539 0.3944053188732624 0.3055050463303756 -0.1763834207376379 0.4666666666666595 0.3944053188732672 -0.3055050463303804 -0.1763834207376399 -0.6599663291074277 2.045168953749946 0.432049379893848 1.080923245068009 0 0 0 0 0 0 0 0 0.6599663291074364 0.5577733510226616 -0.4320493798938458 -0.2494438257849309 0 -2.629368792489018 0 -4.46837999202015 -0.9333333333333281 0.7888106377465427 0.6110100926607646 -0.3527668414752825 0 0 0 0 0 0 0 0 0 0 0 0 0 0 0 0 0 0 0 0 0.9333333333333281 0.7888106377465427 -0.6110100926607646 -0.3527668414752825
-5.717648576819556e-15 -0.3651483716700671 -8.020168730527022e-15 -0.5577733510226536 -8.942499518660441e-16 -0.471404520790941 2.550043509685906e-15 0.2108185106778734 0.3944053188732691 -0.3333333333332719 -0.258198889747132 0.1490711984999742 -0.3944053188732675 -0.3333333333332702 0.2581988897471312 0.1490711984999735 0.5577733510226621 0.785674201318404 -0.365148371670065 1.33518390095985 0 0 0 0 0 0 0 0 -0.5577733510226619 -0.471404520790944 0.3651483716700694 0.2108185106778749 2.629368792489026 0 -1.032795558988498 8.326672684688674e-17 -0.7888106377465426 0.6666666666665473 0.5163977794942655 -0.2981423969999492 0 0 0 0 0 0 0 0 0 0 0 0 0 0 0 0 0 0 0 0 -0.7888106377465426 -0.6666666666665473 0.5163977794942655 0.2981423969999492
2.775557561562891e-17 -0.2828427124746111 -1.282611170050352e-15 -0.4320493798938403 -2.673642557349254e-15 -0.3651483716700637 1.77115266897232e-15 0.1632993161855413 0.3055050463303791 -0.2581988897471306 -0.1999999999999882 0.1154700538379228 -0.3055050463303794 -0.2581988897471301 0.1999999999999907 0.1154700538379235 0.4320493798938756 -1.338877362790408 -0.2828427124746081 -0.7076303701373343 0 0 0 0 0 0 0 0 -0.4320493798938447 -0.3651483716700682 0.2828427124746066 0.1632993161855433 0 1.032795558988545 1.110223024625157e-16 -3.233161507461874 0.6110100926607646 -0.5163977794942655 -0.3999999999999838 0.2309401076758487 0 0 0 0 0 0 0 0 0 0 0 0 0 0 0 0 0 0 0 0 -0.6110100926607646 -0.5163977794942655 0.3999999999999838 0.2309401076758487
1.110223024625157e-16 0.1632993161855462 6.093216209368535e-17 0.249443825784929 1.026603932072212e-15 0.2108185106778722 -1.303211011327576e-16 -0.09428090415820774 -0.1763834207376356 0.1490711984999695 0.1154700538379222 -0.06666666666666636 0.1763834207376395 0.1490711984999731 -0.1154700538379237 -0.06666666666666794 -0.2494438257849305 -0.3513641844631965 0.163299316185535 -0.5971123930019733 0 0 0 0 0 0 0 0 0.2494438257849305 0.2108185106778744 -0.1632993161855435 -0.09428090415820842 4.468379992020187 0 3.233161507461881 -1.110223024625157e-16 0.3527668414752825 -0.2981423969999493 -0.2309401076758487 0.1333333333333369 0 0 0 0 0 0 0 0 0 0 0 0 0 0 0 0 0 0 0 0 0.3527668414752825 0.2981423969999493 -0.2309401076758487 -0.1333333333333369
0 -1.087671619437458e-15 2.347731384300111e-15 -2.304403954982159e-15 -2.490412390199204e-16 5.528346877503587e-16 -1.026088936040281e-15 -2.952282515678029e-16 5.628310317806751e-15 1.051747516995511 6.626643678231403e-15 0.940711577267394 0 0 0 0 0.6599663291074277 2.045168953749946 -0.432049379893848 1.080923245068009 -0.6599663291074364 0.5577733510226616 0.4320493798938458 -0.2494438257849309 0 0 0 0 0 0 0 0 0.9333333333333281 0.7888106377465427 -0.6110100926607646 -0.3527668414752825 0 -2.629368792489018 0 -4.46837999202015 -0.9333333333333281 0.7888106377465427 0.6110100926607646 -0.3527668414752825 0 0 0 0 0 0 0 0 0 0 0 0 0 0 0 0 0 0 0 0
-5.703770789011742e-15 6.033368249447335e-15 -1.050049804052211e-15 -4.312956242147337e-15 4.543674464452252e-15 -3.778119310460237e-15 -4.603956105242446e-15 2.50773251990466e-15 -1.519617764955683e-15 0.8888888888888387 2.296773882193293e-15 0.7950463919998397 0 0 0 0 0.5577733510226618 -0.7856742013184043 -0.3651483716700651 -1.33518390095985 -0.5577733510226619 0.471404520790944 0.3651483716700694 -0.2108185106778749 0 0 0 0 0 0 0 0 -0.7888106377465426 -0.6666666666665473 0.5163977794942655 0.2981423969999492 2.629368792489026 0 -1.032795558988498 8.326672684688674e-17 -0.7888106377465426 0.6666666666665473 0.5163977794942655 -0.2981423969999492 0 0 0 0 0 0 0 0 0 0 0 0 0 0 0 0 0 0 0 0
4.163336342344337e-17 5.828670879282072e-16 -1.359372683862325e-15 1.324671438079211e-15 2.346213501258632e-16 -3.965469445865732e-16 5.984795992119984e-16 1.700909920722415e-16 -3.46077333457373e-16 -0.6885303726591031 -3.785166624581393e-15 -0.6158402871355798 0 0 0 0 -0.4320493798938755 -1.338877362790408 0.2828427124746076 -0.7076303701373348 0.4320493798938447 -0.3651483716700682 -0.2828427124746066 0.1632993161855433 0 0 0 0 0 0 0 0 -0.6110100926607646 -0.5163977794942655 0.3999999999999838 0.2309401076758487 0 1.032795558988545 1.110223024625157e-16 -3.233161507461874 0.6110100926607646 -0.5163977794942655 -0.3999999999999838 0.2309401076758487 0 0 0 0 0 0 0 0 0 0 0 0 0 0 0 0 0 0 0 0
1.179611963664229e-16 -7.199102425303749e-17 -3.252606517456513e-18 -1.963185202510237e-16 2.045618448937025e-16 -1.360131625383065e-16 -3.766518347214642e-16 3.739413292902505e-16 -3.983792462580737e-15 -0.3975231959999763 -1.524821935383613e-15 -0.3555555555555567 0 0 0 0 -0.2494438257849305 0.3513641844631964 0.1632993161855349 0.5971123930019733 0.2494438257849305 -0.2108185106778744 -0.1632993161855435 0.09428090415820842 0 0 0 0 0 0 0 0 0.3527668414752825 0.2981423969999493 -0.2309401076758487 -0.1333333333333369 4.468379992020187 0 3.233161507461881 -1.110223024625157e-16 0.3527668414752825 -0.2981423969999493 -0.2309401076758487 0.1333333333333369 0 0 0 0 0 0 0 0 0 0 0 0 0 0 0 0 0 0 0 0
0 -1.059916043821829e-15 1.551493308826757e-15 1.740822113197038e-16 -2.763631337665551e-16 -3.003240017784847e-17 2.058249404246482e-15 -2.429154967453773e-15 -5.702903427273753e-15 1.051747516995511 -6.689093723366568e-15 0.9407115772673935 0 0 0 0 0.6599663291074364 0.5577733510226616 -0.4320493798938458 -0.2494438257849309 -0.6599663291074277 2.045168953749946 0.432049379893848 1.080923245068009 0 0 0 0 0 0 0 0 0 0 0 0 0.9333333333333281 0.7888106377465427 -0.6110100926607646 -0.3527668414752825 0 -2.629368792489018 0 -4.46837999202015 -0.9333333333333281 0.7888106377465427 0.6110100926607646 -0.3527668414752825 0 0 0 0 0 0 0 0 0 0 0 0 0 0 0 0
-5.703770789011742e-15 3.847616669716558e-15 3.146246284335685e-15 -5.668425798188714e-15 -4.559720656605037e-15 5.185196889911925e-15 -3.54230533794464e-15 -1.318308526579437e-15 -1.595945597898663e-15 -0.888888888888839 2.3037127760972e-15 -0.7950463919998396 0 0 0 0 -0.5577733510226619 -0.471404520790944 0.3651483716700694 0.2108185106778749 0.5577733510226621 0.785674201318404 -0.365148371670065 1.33518390095985 0 0 0 0 0 0 0 0 0 0 0 0 -0.7888106377465426 -0.6666666666665473 0.5163977794942655 0.2981423969999492 2.629368792489026 0 -1.032795558988498 8.326672684688674e-17 -0.7888106377465426 0.6666666666665473 0.5163977794942655 -0.2981423969999492 0 0 0 0 0 0 0 0 0 0 0 0 0 0 0 0
4.163336342344337e-17 5.689893001203927e-16 -9.45641134841857e-16 -6.403569081242511e-18 2.346213501258632e-16 -1.163891032163189e-16 -1.160530005428484e-15 1.396648909805093e-15 3.235259282696745e-16 -0.6885303726591033 3.701899897734506e-15 -0.6158402871355798 0 0 0 0 -0.4320493798938447 -0.3651483716700682 0.2828427124746066 0.1632993161855433 0.4320493798938756 -1.338877362790408 -0.2828427124746081 -0.7076303701373343 0 0 0 0 0 0 0 0 0 0 0 0 -0.6110100926607646 -0.5163977794942655 0.3999999999999838 0.2309401076758487 0 1.032795558988545 1.110223024625157e-16 -3.233161507461874 0.6110100926607646 -0.5163977794942655 -0.3999999999999838 0.2309401076758487 0 0 0 0 0 0 0 0 0 0 0 0 0 0 0 0
1.179611963664229e-16 -1.448494102440634e-16 1.710871028182126e-16 -2.72212672325009e-16 -1.738247133037385e-16 2.32615576106765e-16 -3.593045999616962e-16 2.271945652443375e-16 -3.957771610441085e-15 0.3975231959999764 -1.39645239816133e-15 0.3555555555555569 0 0 0 0 0.2494438257849305 0.2108185106778744 -0.1632993161855435 -0.09428090415820842 -0.2494438257849305 -0.3513641844631965 0.163299316185535 -0.5971123930019733 0 0 0 0 0 0 0 0 0 0 0 0 0.3527668414752825 0.2981423969999493 -0.2309401076758487 -0.1333333333333369 4.468379992020187 0 3.233161507461881 -1.110223024625157e-16 0.3527668414752825 -0.2981423969999493 -0.2309401076758487 0.1333333333333369 0 0 0 0 0 0 0 0 0 0 0 0 0 0 0 0
0 -1.405126015541214e-15 3.792539199354295e-16 5.586487219003122e-16 5.202977805540687e-15 0.7436978013636366 3.862361819262361e-15 0.6651835354264672 0.4666666666666539 0.3944053188732625 -0.3055050463303757 -0.1763834207376378 -0.4666666666666595 0.3944053188732672 0.3055050463303804 -0.1763834207376399 0 0 0 0 0.6599663291074277 2.045168953749946 -0.432049379893848 1.080923245068009 -0.6599663291074364 0.5577733510226616 0.4320493798938458 -0.2494438257849309 0 0 0 0 0 0 0 0 0 0 0 0 0.9333333333333281 0.7888106377465427 -0.6110100926607646 -0.3527668414752825 0 -2.629368792489018 0 -4.46837999202015 -0.9333333333333281 0.7888106377465427 0.6110100926607646 -0.3527668414752825 0 0 0 0 0 0 0 0 0 0 0 0
-5.703770789011742e-15 7.754213937616328e-16 5.824225650374881e-15 -3.452967078931835e-15 9.497611030973019e-16 0.6285393610546693 6.130512764102036e-15 0.5621826951409797 0.394405318873269 0.3333333333332719 -0.258198889747132 -0.1490711984999742 -0.3944053188732675 0.3333333333332702 0.2581988897471312 -0.1490711984999735 0 0 0 0 0.5577733510226618 -0.7856742013184043 -0.3651483716700651 -1.33518390095985 -0.5577733510226619 0.471404520790944 0.3651483716700694 -0.2108185106778749 0 0 0 0 0 0 0 0 0 0 0 0 -0.7888106377465426 -0.6666666666665473 0.5163977794942655 0.2981423969999492 2.629368792489026 0 -1.032795558988498 8.326672684688674e-17 -0.7888106377465426 0.6666666666665473 0.5163977794942655 -0.2981423969999492 0 0 0 0 0 0 0 0 0 0 0 0
4.163336342344337e-17 8.066464163292153e-16 -2.539201487961051e-16 -3.003307780420628e-16 -2.645886981733625e-15 -0.4868644955601492 -2.27075303005364e-15 -0.4354648431614393 -0.305505046330379 -0.2581988897471303 0.199999999999988 0.1154700538379228 0.3055050463303794 -0.2581988897471301 -0.1999999999999907 0.1154700538379235 0 0 0 0 -0.4320493798938755 -1.338877362790408 0.2828427124746076 -0.7076303701373348 0.4320493798938447 -0.3651483716700682 -0.2828427124746066 0.1632993161855433 0 0 0 0 0 0 0 0 0 0 0 0 -0.6110100926607646 -0.5163977794942655 0.3999999999999838 0.2309401076758487 0 1.032795558988545 1.110223024625157e-16 -3.233161507461874 0.6110100926607646 -0.5163977794942655 -0.3999999999999838 0.2309401076758487 0 0 0 0 0 0 0 0 0 0 0 0
1.179611963664229e-16 1.864827736675068e-16 -8.456776945386935e-18 3.544290783173004e-16 -1.109870658919099e-15 -0.2810913475705334 -2.031794871237835e-16 -0.2514157444218844 -0.1763834207376355 -0.1490711984999694 0.1154700538379221 0.0666666666666663 0.1763834207376395 -0.1490711984999731 -0.1154700538379237 0.06666666666666794 0 0 0 0 -0.2494438257849305 0.3513641844631964 0.1632993161855349 0.5971123930019733 0.2494438257849305 -0.2108185106778744 -0.1632993161855435 0.09428090415820842 0 0 0 0 0 0 0 0 0 0 0 0 0.3527668414752825 0.2981423969999493 -0.2309401076758487 -0.1333333333333369 4.468379992020187 0 3.233161507461881 -1.110223024625157e-16 0.3527668414752825 -0.2981423969999493 -0.2309401076758487 0.1333333333333369 0 0 0 0 0 0 0 0 0 0 0 0
0 -1.413799632921098e-15 -4.2782617726278e-16 5.847779942572129e-16 -5.196689432940271e-15 0.7436978013636366 -3.89532156530592e-15 0.6651835354264674 0.4666666666666595 0.3944053188732672 -0.3055050463303804 -0.1763834207376399 -0.4666666666666539 0.3944053188732624 0.3055050463303756 -0.1763834207376379 0 0 0 0 0.6599663291074364 0.5577733510226616 -0.4320493798938458 -0.2494438257849309 -0.6599663291074277 2.045168953749946 0.432049379893848 1.080923245068009 0 0 0 0 0 0 0 0 0 0 0 0 0 0 0 0 0.9333333333333281 0.7888106377465427 -0.6110100926607646 -0.3527668414752825 0 -2.629368792489018 0 -4.46837999202015 -0.9333333333333281 0.7888106377465427 0.6110100926607646 -0.3527668414752825 0 0 0 0 0 0 0 0
-5.703770789011742e-15 -7.806255641895632e-16 5.822924607767899e-15 3.454918642842308e-15 9.202708040056962e-16 -0.6285393610546693 6.158268339717665e-15 -0.5621826951409797 -0.3944053188732675 -0.3333333333332702 0.2581988897471312 0.1490711984999735 0.3944053188732691 -0.3333333333332719 -0.258198889747132 0.1490711984999742 0 0 0 0 -0.5577733510226619 -0.471404520790944 0.3651483716700694 0.2108185106778749 0.5577733510226621 0.785674201318404 -0.365148371670065 1.33518390095985 0 0 0 0 0 0 0 0 0 0 0 0 0 0 0 0 -0.7888106377465426 -0.6666666666665473 0.5163977794942655 0.2981423969999492 2.629368792489026 0 -1.032795558988498 8.326672684688674e-17 -0.7888106377465426 0.6666666666665473 0.5163977794942655 -0.2981423969999492 0 0 0 0 0 0 0 0
4.163336342344337e-17 8.257283745649602e-16 1.932048271369169e-16 -3.343747262581076e-16 2.649356428685579e-15 -0.4868644955601493 2.190955750158707e-15 -0.4354648431614393 -0.3055050463303794 -0.2581988897471301 0.1999999999999907 0.1154700538379235 0.3055050463303791 -0.2581988897471306 -0.1999999999999882 0.1154700538379228 0 0 0 0 -0.4320493798938447 -0.3651483716700682 0.2828427124746066 0.1632993161855433 0.4320493798938756 -1.338877362790408 -0.2828427124746081 -0.7076303701373343 0 0 0 0 0 0 0 0 0 0 0 0 0 0 0 0 -0.6110100926607646 -0.5163977794942655 0.3999999999999838 0.2309401076758487 0 1.032795558988545 1.110223024625157e-16 -3.233161507461874 0.6110100926607646 -0.5163977794942655 -0.3999999999999838 0.2309401076758487 0 0 0 0 0 0 0 0
1.179611963664229e-16 -1.726049858596923e-16 -1.517883041479706e-18 -3.638277559000341e-16 -1.031374421631148e-15 0.2810913475705336 -1.580766767483865e-16 0.2514157444218843 0.1763834207376395 0.1490711984999731 -0.1154700538379237 -0.06666666666666794 -0.1763834207376356 0.1490711984999695 0.1154700538379222 -0.06666666666666636 0 0 0 0 0.2494438257849305 0.2108185106778744 -0.1632993161855435 -0.09428090415820842 -0.2494438257849305 -0.3513641844631965 0.163299316185535 -0.5971123930019733 0 0 0 0 0 0 0 0 0 0 0 0 0 0 0 0 0.3527668414752825 0.2981423969999493 -0.2309401076758487 -0.1333333333333369 4.468379992020187 0 3.233161507461881 -1.110223024625157e-16 0.3527668414752825 -0.2981423969999493 -0.2309401076758487 0.1333333333333369 0 0 0 0 0 0 0 0
0 -1.059916043821829e-15 -1.548457542743797e-15 1.376530183241909e-16 2.490412390199204e-16 -3.523657060577889e-17 -2.068657745102342e-15 -2.419830828770397e-15 0 0 0 0 5.628310317806751e-15 1.051747516995511 6.626643678231403e-15 0.940711577267394 0 0 0 0 0 0 0 0 0.6599663291074277 2.045168953749946 -0.432049379893848 1.080923245068009 -0.6599663291074364 0.5577733510226616 0.4320493798938458 -0.2494438257849309 0 0 0 0 0 0 0 0 0 0 0 0 0 0 0 0 0.9333333333333281 0.7888106377465427 -0.6110100926607646 -0.3527668414752825 0 -2.629368792489018 0 -4.46837999202015 -0.9333333333333281 0.7888106377465427 0.6110100926607646 -0.3527668414752825 0 0 0 0
-5.703770789011742e-15 -3.861494457524373e-15 3.144511560859709e-15 5.65606589342238e-15 -4.543674464452252e-15 -5.191051581643347e-15 -3.524090741446884e-15 1.305569151052732e-15 0 0 0 0 -1.519617764955683e-15 0.8888888888888387 2.296773882193293e-15 0.7950463919998397 0 0 0 0 0 0 0 0 0.5577733510226618 -0.7856742013184043 -0.3651483716700651 -1.33518390095985 -0.5577733510226619 0.471404520790944 0.3651483716700694 -0.2108185106778749 0 0 0 0 0 0 0 0 0 0 0 0 0 0 0 0 -0.7888106377465426 -0.6666666666665473 0.5163977794942655 0.2981423969999492 2.629368792489026 0 -1.032795558988498 8.326672684688674e-17 -0.7888106377465426 0.6666666666665473 0.5163977794942655 -0.2981423969999492 0 0 0 0
4.163336342344337e-17 6.106226635438361e-16 8.975025583835006e-16 -1.025723017807068e-16 -2.346213501258632e-16 -6.846736719245961e-17 1.159662643690496e-15 1.370302797013695e-15 0 0 0 0 -3.46077333457373e-16 -0.6885303726591031 -3.785166624581393e-15 -0.6158402871355798 0 0 0 0 0 0 0 0 -0.4320493798938755 -1.338877362790408 0.2828427124746076 -0.7076303701373348 0.4320493798938447 -0.3651483716700682 -0.2828427124746066 0.1632993161855433 0 0 0 0 0 0 0 0 0 0 0 0 0 0 0 0 -0.6110100926607646 -0.5163977794942655 0.3999999999999838 0.2309401076758487 0 1.032795558988545 1.110223024625157e-16 -3.233161507461874 0.6110100926607646 -0.5163977794942655 -0.3999999999999838 0.2309401076758487 0 0 0 0
1.179611963664229e-16 1.500535806719938e-16 1.893016993159691e-16 2.555769452409345e-16 -2.045618448937025e-16 -2.61780614546625e-16 -3.2461013044216e-16 -1.940721888749053e-16 0 0 0 0 -3.983792462580737e-15 -0.3975231959999763 -1.524821935383613e-15 -0.3555555555555567 0 0 0 0 0 0 0 0 -0.2494438257849305 0.3513641844631964 0.1632993161855349 0.5971123930019733 0.2494438257849305 -0.2108185106778744 -0.1632993161855435 0.09428090415820842 0 0 0 0 0 0 0 0 0 0 0 0 0 0 0 0 0.3527668414752825 0.2981423969999493 -0.2309401076758487 -0.1333333333333369 4.468379992020187 0 3.233161507461881 -1.110223024625157e-16 0.3527668414752825 -0.2981423969999493 -0.2309401076758487 0.1333333333333369 0 0 0 0
0 -1.046038256014015e-15 -2.339491447789221e-15 -2.302235550637188e-15 2.763631337665551e-16 5.545694112263355e-16 9.619041674291395e-16 -3.29922721087339e-16 0 0 0 0 -5.702903427273753e-15 1.051747516995511 -6.689093723366568e-15 0.9407115772673935 0 0 0 0 0 0 0 0 0.6599663291074364 0.5577733510226616 -0.4320493798938458 -0.2494438257849309 -0.6599663291074277 2.045168953749946 0.432049379893848 1.080923245068009 0 0 0 0 0 0 0 0 0 0 0 0 0 0 0 0 0 0 0 0 0.9333333333333281 0.7888106377465427 -0.6110100926607646 -0.3527668414752825 0 -2.629368792489018 0 -4.46837999202015 -0.9333333333333281 0.7888106377465427 0.6110100926607646 -0.3527668414752825
-5.703770789011742e-15 -6.054184931159057e-15 -1.053519251004165e-15 4.315558327361302e-15 4.559720656605037e-15 3.771397256990827e-15 -4.603956105242446e-15 -2.506485687406301e-15 0 0 0 0 -1.595945597898663e-15 -0.888888888888839 2.3037127760972e-15 -0.7950463919998396 0 0 0 0 0 0 0 0 -0.5577733510226619 -0.471404520790944 0.3651483716700694 0.2108185106778749 0.5577733510226621 0.785674201318404 -0.365148371670065 1.33518390095985 0 0 0 0 0 0 0 0 0 0 0 0 0 0 0 0 0 0 0 0 -0.7888106377465426 -0.6666666666665473 0.5163977794942655 0.2981423969999492 2.629368792489026 0 -1.032795558988498 8.326672684688674e-17 -0.7888106377465426 0.6666666666665473 0.5163977794942655 -0.2981423969999492
4.163336342344337e-17 6.38378239159465e-16 1.379755684705053e-15 1.306456841581455e-15 -2.346213501258632e-16 -4.112920941323761e-16 -5.915407053080912e-16 1.455880229740691e-16 0 0 0 0 3.235259282696745e-16 -0.6885303726591033 3.701899897734506e-15 -0.6158402871355798 0 0 0 0 0 0 0 0 -0.4320493798938447 -0.3651483716700682 0.2828427124746066 0.1632993161855433 0.4320493798938756 -1.338877362790408 -0.2828427124746081 -0.7076303701373343 0 0 0 0 0 0 0 0 0 0 0 0 0 0 0 0 0 0 0 0 -0.6110100926607646 -0.5163977794942655 0.3999999999999838 0.2309401076758487 0 1.032795558988545 1.110223024625157e-16 -3.233161507461874 0.6110100926607646 -0.5163977794942655 -0.3999999999999838 0.2309401076758487
1.179611963664229e-16 7.37257477290143e-17 1.929879867024198e-17 2.267371674528201e-16 1.738247133037385e-16 1.137870180023537e-16 -3.766518347214642e-16 -3.668940151690947e-16 0 0 0 0 -3.957771610441085e-15 0.3975231959999764 -1.39645239816133e-15 0.3555555555555569 0 0 0 0 0 0 0 0 0.2494438257849305 0.2108185106778744 -0.1632993161855435 -0.09428090415820842 -0.2494438257849305 -0.3513641844631965 0.163299316185535 -0.5971123930019733 0 0 0 0 0 0 0 0 0 0 0 0 0 0 0 0 0 0 0 0 0.3527668414752825 0.2981423969999493 -0.2309401076758487 -0.1333333333333369 4.468379992020187 0 3.233161507461881 -1.110223024625157e-16 0.3527668414752825 -0.2981423969999493 -0.2309401076758487 0.1333333333333369
0 0.4320493798938525 -2.177511643219887e-15 0.6599663291074293 -5.171752782973105e-15 0.5577733510226538 3.127706427186183e-15 -0.2494438257849276 -0.4666666666666595 0.3944053188732672 0.3055050463303804 -0.1763834207376399 0.4666666666666539 0.3944053188732625 -0.3055050463303757 -0.1763834207376378 -0.6599663291074364 0.5577733510226616 0.4320493798938458 -0.2494438257849309 0 0 0 0 0 0 0 0 0.6599663291074277 2.045168953749946 -0.432049379893848 1.080923245068009 -0.9333333333333281 0.7888106377465427 0.6110100926607646 -0.3527668414752825 0 0 0 0 0 0 0 0 0 0 0 0 0 0 0 0 0 0 0 0 0.9333333333333281 0.7888106377465427 -0.6110100926607646 -0.3527668414752825 0 -2.629368792489018 0 -4.46837999202015
-5.703770789011742e-15 0.365148371670067 -8.017891905964802e-15 0.5577733510226536 -9.76974577626688e-16 0.471404520790941 2.507542784524475e-15 -0.2108185106778734 -0.3944053188732675 0.3333333333332702 0.2581988897471312 -0.1490711984999735 0.394405318873269 0.3333333333332719 -0.258198889747132 -0.1490711984999742 -0.5577733510226619 0.471404520790944 0.3651483716700694 -0.2108185106778749 0 0 0 0 0 0 0 0 0.5577733510226618 -0.7856742013184043 -0.3651483716700651 -1.33518390095985 -0.7888106377465426 0.6666666666665473 0.5163977794942655 -0.2981423969999492 0 0 0 0 0 0 0 0 0 0 0 0 0 0 0 0 0 0 0 0 -0.7888106377465426 -0.6666666666665473 0.5163977794942655 0.2981423969999492 2.629368792489026 0 -1.032795558988498 8.326672684688674e-17
2.775557561562891e-17 -0.2828427124746109 1.323485591953055e-15 -0.4320493798938402 2.593411596585327e-15 -0.3651483716700636 -1.816689160216711e-15 0.1632993161855413 0.3055050463303794 -0.2581988897471301 -0.1999999999999907 0.1154700538379235 -0.305505046330379 -0.2581988897471303 0.199999999999988 0.1154700538379228 0.4320493798938447 -0.3651483716700682 -0.2828427124746066 0.1632993161855433 0 0 0 0 0 0 0 0 -0.4320493798938755 -1.338877362790408 0.2828427124746076 -0.7076303701373348 0.6110100926607646 -0.5163977794942655 -0.3999999999999838 0.2309401076758487 0 0 0 0 0 0 0 0 0 0 0 0 0 0 0 0 0 0 0 0 -0.6110100926607646 -0.5163977794942655 0.3999999999999838 0.2309401076758487 0 1.032795558988545 1.110223024625157e-16 -3.233161507461874
1.179611963664229e-16 -0.1632993161855462 1.023486850826316e-16 -0.249443825784929 1.11521035461859e-15 -0.2108185106778721 -1.908195823574488e-16 0.09428090415820768 0.1763834207376395 -0.1490711984999731 -0.1154700538379237 0.06666666666666794 -0.1763834207376355 -0.1490711984999694 0.1154700538379221 0.0666666666666663 0.2494438257849305 -0.2108185106778744 -0.1632993161855435 0.09428090415820842 0 0 0 0 0 0 0 0 -0.2494438257849305 0.3513641844631964 0.1632993161855349 0.5971123930019733 0.3527668414752825 -0.2981423969999493 -0.2309401076758487 0.1333333333333369 0 0 0 0 0 0 0 0 0 0 0 0 0 0 0 0 0 0 0 0 0.3527668414752825 0.2981423969999493 -0.2309401076758487 -0.1333333333333369 4.468379992020187 0 3.233161507461881 -1.110223024625157e-16
