# Created from matlab git hash 44e5d814ece930399b58c9298dbb19a28bd9b520
# name: foo
# type: matrix
# rows: 48
# columns: 48
1 3.922169695546164e-33 1.184911433395753e-45 1.710569414459005e-46 1.276896050075982e-33 -2.99689848922002e-33 9.737015477101373e-47 -1.54483075129702e-33 2.261261431921238e-33 -1.723933238009466e-47 -7.744587735421478e-34 -8.202264790990266e-34 -5.800968526784101e-47 -5.473822126268817e-47 -5.234342408244556e-47 9.825083074298911e-48 -2.189528850507527e-47 -9.579188720970429e-47 -4.653283360270513e-47 -1.861099522931398e-46 -4.960651301931115e-47 -4.412734536362215e-47 -1.313717310304516e-46 -2.292163015375067e-47 4.221781313350459e-34 6.049618347154656e-34 -3.472455911351781e-47 4.221781313350616e-34 6.049618347155969e-34 -2.856650922146539e-47 4.221781313350352e-34 6.049618347154437e-34 -3.917203959111122e-47 4.221781313350606e-34 6.049618347154437e-34 -1.898732050049496e-47 4.221781313350259e-34 6.049618347154656e-34 1.197398590121304e-48 4.221781313350627e-34 -1.65410143039385e-34 -2.275057321230477e-47 4.221781313350574e-34 6.049618347154437e-34 -5.080391160943245e-47 4.221781313350401e-34 6.049618347154437e-34 -1.282927060844254e-47
-7.006492321624085e-46 1 -7.006492321624085e-46 2.360585791953427e-46 -4.799886313999184e-33 5.834804326928997e-31 3.430707447270947e-33 -5.029985682741293e-34 -2.391540175596375e-31 3.106394056657553e-46 6.235735872617799e-34 -4.659962769122986e-32 1.042274857195913e-34 -4.585745916083927e-34 -5.161774394245726e-33 -2.64011647231971e-33 -1.103472367141546e-33 6.265673588711817e-32 -9.936010140298724e-34 1.537521812075719e-34 -4.808360522084734e-33 7.842619842605167e-34 -1.249734682996548e-33 2.84380500961973e-32 4.639146584595677e-33 5.869913193031688e-34 -2.158566136723879e-32 2.961514400482513e-34 -3.605653301882685e-34 -9.242862028953916e-34 -5.405726053759616e-35 -1.062710056604518e-34 -5.263355666605505e-33 4.175171950072132e-34 2.006918695433021e-34 -2.430510122974793e-32 3.404028965282724e-34 -1.266450980028815e-34 -2.128836852526786e-32 2.16861980097693e-35 -1.117146605110298e-34 -3.198909976016697e-32 7.43305650641456e-35 2.086224329519788e-33 -1.459685915152005e-32 1.308283768915673e-33 -7.044962106059962e-35 -3.530634061350018e-32
-1.766424661474038e-33 3.503246160812043e-46 1 7.70142108114851e-34 1.043027851599223e-30 -8.448509349576297e-34 -1.065879109576454e-32 3.31241013545541e-31 1.192392835893318e-31 4.606813248325346e-33 2.399201376815211e-31 -3.476488440863784e-31 1.12471540880087e-33 -9.256179442097623e-33 -4.186693449246728e-31 -1.214766828039033e-33 5.073621135689232e-33 -1.207417011575704e-31 -3.287774891518273e-33 5.444760855711399e-32 3.553283298754534e-32 -5.205089972157575e-34 -1.942990522054455e-32 1.271856160482882e-31 2.373936807175849e-33 -3.231796446375761e-33 5.773311992043978e-32 1.196876208843679e-34 2.062038411927705e-32 -2.142870694994158e-33 6.144569938085607e-34 -6.139030648475433e-33 5.928508190155375e-32 -2.652180048817853e-33 -2.854682588331492e-33 5.641344225816839e-33 -3.257777766749318e-34 9.051128194798837e-34 -2.579233388904849e-32 -4.675378791062485e-36 2.676089561476153e-33 -8.171481346075612e-32 -1.740482713689515e-34 2.116847308958744e-34 -1.430058623397684e-31 -2.624025782967619e-33 -1.50762464095158e-32 -8.228904895461773e-32
5.200131019955376e-46 2.169002017534019e-46 1.638008248595495e-34 1 2.401273268552952e-32 6.79267114481671e-46 -9.928715255881157e-33 -1.714283136454074e-30 4.321406528081837e-32 -2.397236388190482e-33 1.714283136453984e-30 -3.088811363674054e-32 5.334926451649604e-34 -1.209913478833763e-31 -6.781908273981777e-32 -8.343992457787161e-34 6.43647583168708e-32 -4.82710881540244e-31 -5.334926451655899e-34 1.20991347883358e-31 4.622495353503016e-31 8.343992457783548e-34 -4.587952109273867e-31 4.827108815402605e-31 1.367181677457706e-33 -3.684859764443807e-32 -6.222214976065023e-32 9.832649762514544e-34 -2.057904469193189e-32 -6.593481553070444e-32 -8.133020700328288e-34 -3.830720238540825e-32 1.924655269372064e-32 2.080904267578746e-35 -1.491996920391914e-32 -2.702898569884823e-31 -1.367181677457378e-33 -1.245520893187718e-32 6.222214976064367e-32 -2.524008931761298e-33 2.057904469192989e-32 1.663100895438913e-32 2.354046025542574e-33 -1.099660419090616e-32 -1.924655269371823e-32 -2.080904267592978e-35 1.491996920391618e-32 -1.241405956220113e-31
-1.104170613851407e-35 -4.379057701015053e-47 -3.931616072729688e-30 -1.155705191355859e-32 1 -9.204050129461558e-33 2.2852993161904e-33 2.891656972066331e-31 -1.417405139867877e-31 -1.959250915353518e-32 1.69246527558912e-30 1.38834549442037e-31 -2.263948373213327e-33 2.512451781669909e-31 4.503484654708863e-31 -2.426313610255815e-33 1.475114101402694e-31 -1.029507454952347e-31 -3.360548753760341e-33 3.201326080098211e-31 9.890349806239716e-32 -3.38671015806435e-33 2.209315148404161e-32 -5.714636830461099e-32 1.182370715964913e-33 4.901200180248729e-32 1.078162937212346e-31 2.843037363574592e-34 6.782871290354377e-33 -3.67651220167568e-32 -3.052572862632483e-33 1.110045854205061e-32 -1.593887297332485e-31 1.646413191399523e-35 -4.482196329774661e-32 -1.256731796028347e-31 -3.503976978977763e-33 6.406634802079565e-32 1.331777304153286e-31 2.559826080727776e-33 7.268478934689753e-32 1.37052811481874e-32 -7.835018033673109e-35 -6.786623808706961e-33 -4.727189134727862e-32 2.954683526500988e-34 1.971712450439353e-32 -7.366275793948999e-32
-5.254869241218064e-46 -7.042938803313464e-33 8.055115887496675e-33 -1.441533113550661e-32 7.884283258447905e-34 1 -1.90156919362725e-33 -9.468017874098355e-34 6.753799820496071e-31 -9.216022633914549e-33 -2.246835870896879e-33 -1.285316107345852e-31 -4.026439424330114e-34 1.361879512455168e-34 2.767843946142992e-31 1.279923842729537e-34 -6.56858655152258e-47 -5.239881081541577e-32 -1.080284654558721e-33 -5.394718108237762e-34 2.08612107519688e-32 7.473755388480973e-35 -3.82993270311378e-34 -2.081878979664236e-31 1.647243066998961e-34 3.480087050991999e-34 9.441291087793344e-32 -1.988247088945329e-36 -7.485651022680159e-35 7.02187527123357e-32 -5.321848381719778e-33 -2.840539819362828e-34 -5.638293589350787e-32 -1.79088610789903e-34 -1.011668801620264e-33 3.812220291720768e-32 -1.646209225454321e-33 1.656491500222607e-33 1.740922598323291e-32 -1.030370315654668e-33 -1.555155271476302e-34 1.333151873593682e-31 -1.504603690699337e-35 3.303732105028621e-35 5.966854942316253e-32 -2.954091658713785e-34 3.845691933511046e-34 1.997234864525618e-32
-2.143727750263648e-46 7.184762072768992e-33 1.150045402814941e-32 -1.376443210651243e-32 6.777928952922265e-46 -1.580043453152166e-46 1 -1.404089103210754e-33 -5.549974790756826e-33 -2.463484849556871e-49 3.025169833562512e-46 1.05969228473318e-46 6.543647771245332e-33 2.073934005364872e-30 -7.419151949356464e-33 5.782303872833166e-33 -4.96212194922796e-31 -4.906799694715949e-33 -1.327188286671077e-49 -1.633689122585596e-47 1.097279768471926e-47 -5.111798951683948e-50 1.632639014023695e-47 6.841072852930835e-47 -1.073171176578006e-33 -7.448579164692814e-31 -2.412142941928796e-32 1.469889604424478e-33 -8.290292891409262e-31 -8.376210546017911e-32 1.073171176579977e-33 -4.400298875171361e-32 4.185518820297893e-31 4.693086217613998e-33 -3.542620686905726e-31 -3.106683471503228e-31 -2.125057335016738e-49 4.766429968299792e-48 -3.62300070354339e-48 -3.375487382322128e-49 7.371312218152224e-48 9.295412532983233e-48 -3.09006449406916e-49 -1.078344629274744e-47 -3.721881280707662e-48 4.512452476325165e-49 1.760551906931061e-50 4.407332048026541e-48
-6.786709967987612e-47 -9.656720216051448e-35 -6.637011179766922e-31 4.806742794023065e-30 3.786130014828022e-31 -7.417114860798887e-34 1.641570730429421e-32 1 -3.389055906217923e-33 -3.911146392085013e-46 -4.836840971889935e-44 -1.910723614180599e-45 -2.509452663102036e-33 2.44196282053905e-30 1.14994640401614e-31 -1.855743983748379e-33 -1.169632252882073e-30 5.123384003089156e-32 8.006190316370506e-48 -9.220777402451922e-45 -1.620933894590174e-44 5.962469561679158e-47 -1.046738313971576e-44 8.583219574843163e-45 -1.199745867934244e-32 -5.172716300335547e-31 3.656972152799533e-31 9.810844977141347e-33 -5.554797670989462e-32 -4.416836754813231e-31 -1.291470829512488e-34 5.367734069032947e-31 4.111533306514085e-31 1.985545965769547e-32 4.426867410944578e-31 -3.177164505228591e-31 4.839159315665119e-47 -1.311988325210209e-45 -8.569259414187382e-45 8.74657476751749e-47 -1.680812186232477e-45 -3.385094680695087e-45 -1.133109687499293e-47 -2.129187113342846e-45 1.912169702210608e-45 -9.67704126185494e-47 -2.054178750070996e-45 6.757638856474454e-45
6.282111372297626e-33 4.502176334452824e-32 -4.61462685948801e-31 4.668348619464476e-33 2.459196923428596e-31 7.800098656257283e-31 -3.014672689704318e-32 2.952517699378382e-32 1 5.869410954876995e-47 -3.875097425316105e-45 -2.348531444095734e-45 -4.018481951940306e-34 6.066460839592608e-33 2.283046624719854e-31 5.096641869199939e-33 2.467446186746342e-33 -7.964400312452892e-32 1.020580448835656e-47 -1.287407448599096e-46 -6.465837437471065e-46 -9.501736347145629e-48 -1.705987746194011e-46 -1.371556098703972e-45 8.532215864610506e-34 1.041231319816818e-33 2.171149302655175e-31 -8.830608839298939e-33 -4.552541806456089e-34 -8.732442793814134e-32 2.519324335284414e-33 -1.693665524070849e-33 7.612973108473985e-32 3.183445997883195e-34 3.436759713978949e-34 1.842077230241086e-31 1.095476296350865e-47 -4.57359167146124e-47 -3.858949916386217e-46 -4.263602998214982e-49 -8.969364723266302e-47 3.522189279367939e-47 5.941898691158408e-48 -8.814762150594409e-47 -3.283027763764907e-46 -4.54297644194319e-47 -9.888310435858343e-47 -3.134000762725523e-47
-2.773115265321424e-48 -2.613185468482689e-33 9.411670402015657e-34 1.43848046245768e-33 4.336972454304004e-32 1.032593082435554e-32 -7.668843779660715e-49 7.121967289370576e-46 -8.317768639408433e-48 1 -1.373004074726975e-32 -5.549974790755096e-33 -5.943367088599205e-49 -9.355657240358867e-47 -1.22123397605907e-46 3.65005851781875e-49 -5.417622155102151e-48 -2.01765016734737e-47 3.806719492102061e-34 2.073934005364859e-30 4.906799694727692e-33 -6.54364777124556e-33 -4.962121949227967e-31 -4.906799694720728e-33 2.874794697896299e-50 -1.394860804369232e-47 -4.182140206683882e-47 -5.181893881332438e-50 -9.588231324942079e-48 -2.599954852730056e-47 -8.470023796303456e-50 1.003233730939901e-47 2.548140572446942e-47 5.10518365712638e-50 -2.359090027057581e-48 7.008903579364717e-47 -7.23614699861749e-33 4.400298875171438e-32 -2.412142941928212e-32 1.469889604424522e-33 -4.016838391992274e-32 3.106683471503223e-31 -5.089804645460426e-33 -4.400298875171248e-32 4.185518820297889e-31 4.693086217613976e-33 4.01683839199334e-32 -3.106683471503228e-31
-2.271636182401559e-46 4.861086620820777e-33 1.291643948840604e-31 -4.806742794023106e-30 -4.2200753669265e-30 -1.696158087766153e-33 -3.521867263837291e-47 2.377132773175066e-44 -3.154395797449065e-45 -8.236195983865231e-33 1 8.936895737845374e-33 -9.607127805920934e-47 1.445115066211533e-45 3.26647930823808e-45 1.499765113715353e-47 -4.619709964991544e-46 -1.811135366883383e-45 5.720352479163893e-34 2.441962820539043e-30 1.149946404016125e-31 1.225743927268328e-33 -1.16963225288207e-30 -1.459813862743582e-31 2.444881968324831e-47 -1.488451017310987e-46 -8.6377002545775e-46 2.605902465471354e-47 -6.221909401138613e-46 -6.331278126554092e-46 -9.593139775753192e-47 1.979500854160254e-46 -8.473137192292141e-46 2.257634326861106e-47 -1.010221399269851e-46 -1.368801137878788e-45 -1.199745867933951e-32 -5.172716300335609e-31 -4.231636899410518e-31 3.647869155100419e-33 -5.554797670990259e-32 -4.416836754813245e-31 -3.210634993970038e-33 1.423429542927941e-31 8.055837832619089e-31 1.985545965769339e-32 4.426867410944567e-31 -7.121469031333593e-31
3.200623461277956e-33 4.157234791305399e-32 -3.458848050832029e-31 -4.668348619464189e-33 -9.302673169914096e-32 3.079839193684075e-32 1.012159075838521e-46 2.783083777096621e-46 -8.605064056022176e-46 -5.494823608884658e-33 4.873273705621241e-33 1 -2.141558141458496e-47 2.81792786257181e-46 2.917654396449848e-46 9.182243322984481e-48 -9.369705522995522e-47 -4.586837643807543e-46 2.679639715826335e-33 -9.651498245250266e-35 -1.661257901385206e-31 5.096641869200804e-33 9.267022312331488e-34 -8.685049083455343e-31 -3.617438774446036e-47 -4.07222332417556e-47 1.331700156736651e-46 1.353061024231158e-48 -6.363265105499994e-47 3.233063668021944e-47 -2.598247290275602e-48 2.059112628738705e-48 -2.49659941812187e-46 6.102860047166562e-48 -5.769596336198809e-47 -2.9119303228986e-46 8.532215864632401e-34 1.04123131981546e-33 4.143301565707647e-31 -2.667633017259544e-33 1.225248026702992e-34 -2.845396542433916e-31 9.785803797739139e-34 -1.69366552407063e-33 2.733449573899928e-31 -6.684138909196308e-35 -4.266960063555872e-34 1.842077230241082e-31
3.714034253861945e-47 -2.251153799510204e-33 8.541155565219609e-34 -8.808702246367846e-34 2.492979770388631e-33 8.555701754973565e-35 -4.396670337502833e-33 1.498437214470885e-33 1.577674576430192e-33 4.196170698755851e-50 -9.3142475558091e-47 -2.74339037438548e-47 1 -6.335093387979956e-33 -1.737387318031418e-33 -3.34104978617179e-49 2.174790171349608e-47 2.787731523676486e-48 7.872922792965361e-50 8.546463658999868e-49 5.156189467076829e-49 9.674053221346251e-50 -6.747925913655589e-48 8.282471108832559e-48 1.62025134937557e-45 -5.396220577163467e-31 1.629409722241214e-33 3.634617891842494e-45 5.396220577163565e-31 4.53356609979724e-33 -4.937272499006053e-49 -8.629889785892144e-48 9.177926279509725e-48 2.888724977751486e-49 -6.797854080521287e-48 -2.36472550552793e-47 4.77529446695379e-50 -4.522307876089733e-48 -1.452172992003922e-47 -5.336087028534353e-50 -1.644970124182546e-48 -8.034460407328944e-48 3.215305902208312e-50 -3.030189571222143e-48 2.237326649584006e-48 -9.869880326572948e-50 -2.410060819290226e-48 3.554248245970294e-48
1.130630997776774e-33 1.338489594245539e-32 -7.700826972834802e-32 1.140209224676558e-30 -2.046166936692122e-31 -1.287475164116885e-46 8.308826410499243e-31 -1.344461253752461e-30 1.22688537796499e-33 -2.329310728755215e-46 -1.709868625880862e-45 -2.728114501056608e-46 -3.433454928702115e-45 1 1.166095966356063e-33 4.856885520730518e-47 1.534623320830373e-44 6.138418711257228e-46 -7.355642799769009e-49 -9.038066342612602e-46 -1.702257579059704e-45 2.220830846757182e-48 -1.294105019180031e-45 9.092185443593053e-46 4.247685969984602e-45 -2.533038703400432e-30 -8.852309110056274e-32 -1.738487860705482e-33 -2.580998212540412e-30 1.678527808132565e-31 8.081610151147225e-47 6.543564026612586e-45 6.978900421311977e-45 1.966112890460903e-46 8.145299444104325e-45 -1.94902109965937e-45 9.178019261480717e-49 -1.015666288590342e-46 -7.307724386738539e-46 1.753667477522528e-47 -1.233669696536806e-46 -2.647934541056358e-46 -1.089424640293018e-47 -3.175166875739408e-47 1.598576689135821e-46 -1.148556869370374e-47 -1.447007237322411e-46 5.326453265507045e-46
5.571815511378982e-34 -1.169402468531089e-31 -2.616688129317641e-31 -6.373830864105218e-33 2.356263942377203e-32 6.027940554200404e-31 -5.255234015860773e-33 9.763764177852646e-32 6.919953533428371e-31 1.453238832697904e-46 4.206718223413607e-45 -2.862074264195406e-45 1.886347351463962e-33 -2.043275165571282e-45 1 -5.632855796208626e-48 -1.680662074053601e-45 -1.659216107411184e-45 1.117578274635525e-47 5.857287834309512e-46 -1.009462766869592e-45 -7.680191439643154e-48 -1.877770272632923e-46 -1.56826944888403e-45 2.266974610605716e-34 -6.021869612649408e-34 -2.84260663794865e-31 -1.036398812149625e-33 -1.310731557664862e-33 1.375969502545774e-31 1.843994012706635e-47 -5.81900464800772e-46 -1.511996624055692e-45 -2.046772051256801e-47 -6.273782637055332e-46 3.097033854776291e-46 4.329504859371932e-48 6.724944587508958e-47 -2.311347275537635e-46 3.768145509897974e-48 6.024767265932945e-47 -2.035219999486233e-46 1.267992258150738e-47 1.014362150943727e-46 -3.186633159041515e-46 -1.244072338690496e-47 3.795339496563939e-47 -2.685878203653779e-46
9.094020324638973e-48 -2.401651844051695e-33 -6.118297737939368e-35 5.838205908741742e-33 2.184465455142858e-46 1.612231088025249e-33 4.396670337499642e-33 1.11118589163257e-45 1.719386103525637e-33 1.948864916008343e-50 -1.234869713047254e-46 4.597849723514475e-48 -7.291127870873844e-49 7.613353023207441e-47 5.020215367309108e-48 1 -1.866104503206737e-32 -1.73738731803352e-33 -5.65747035968466e-51 -1.544368337541739e-47 -1.033372880215105e-47 3.489251338641351e-50 -1.887032684992894e-47 9.672052396911467e-48 -8.678242786134621e-49 2.630859129896084e-47 4.64752139982251e-47 2.686510191318034e-49 4.538884960207099e-47 -2.21027896871923e-47 -3.28429327576129e-45 1.038099752725646e-30 -1.452078188779064e-33 1.532670195355269e-45 -1.03809975272565e-30 4.533566099796539e-33 -4.193055133234229e-51 -3.393577714391145e-48 -4.09237875755695e-48 -6.590908224249032e-50 -1.616021656854482e-48 3.656029065683951e-48 -1.021386416393904e-49 -1.972671755736227e-48 1.203139415178289e-49 -2.593942881533059e-50 -8.541715964816133e-49 5.725697636543387e-48
-1.95085691324291e-33 -1.964103140300846e-33 3.424136899574787e-32 -1.385443229813557e-31 4.074201542216333e-31 3.042424204570942e-33 2.324560979834135e-30 -1.579403573965925e-30 4.652748807328494e-46 6.52983839893593e-47 -1.951866887881165e-45 -3.142445571136169e-46 -8.602225868446004e-47 3.355965711707665e-44 -5.602856322908261e-46 -9.688665163495806e-46 1 -1.915391944660575e-33 6.818848028365727e-48 -9.481195309910743e-46 -1.86953353969152e-45 2.786826814846444e-48 -1.401704134545675e-45 4.883155537462657e-46 -1.077297537111999e-46 3.717367126233404e-47 1.170427907939967e-46 8.928436335093848e-47 1.096019341952589e-45 -3.407914186929826e-45 1.773518368911097e-45 -9.553168929584449e-31 -2.857383174058191e-31 -1.977439051952002e-34 -2.580998212540409e-30 6.924516766063132e-32 5.924647446369876e-48 -6.335353371648733e-47 -7.190779436406682e-46 1.233318572306805e-47 -7.015983993825199e-47 -2.797209417384041e-46 8.021569432351942e-49 -4.963081737625723e-47 7.380630049875867e-47 -9.989402383422239e-48 -1.619146934992365e-46 5.876519140741098e-46
5.571815511379045e-34 1.140114693385107e-31 -1.573904869785177e-31 2.057675547382472e-31 2.751230237171167e-31 2.51335588354367e-31 -7.070717628212666e-33 1.28713753286497e-31 8.782389530979294e-31 6.044536366893612e-48 -6.87324642801169e-45 -1.131679634517986e-45 1.553416032880172e-47 -3.899539986150755e-46 -4.293070287082108e-45 1.886347351462593e-33 -1.629745009625817e-45 1 -1.326371349475329e-48 -4.38973882628104e-46 -2.043305676606834e-46 2.878144052481976e-48 -6.44638277628561e-46 3.865287964194134e-46 5.746613063784545e-48 -7.745959157263439e-46 -2.0944683809414e-45 -3.187865839786243e-47 -2.912312150522038e-46 -1.196451709334203e-45 -2.854790449958831e-33 -6.021869612671303e-34 1.101697888156297e-31 -1.036398812149012e-33 -5.403595799134705e-34 5.32027402865079e-31 9.708906880107302e-48 -1.502318539966044e-47 -2.895263410623429e-46 -1.895334348535029e-47 -2.255870828435608e-46 -7.4577039888648e-47 -3.109995316336274e-48 -1.32616321098202e-46 -1.752557455895817e-46 -5.37781170866573e-49 -1.164576896624101e-46 1.562068491972887e-46
1.745207304937132e-47 -1.806286435445994e-34 2.365215127764926e-34 -6.59873730872482e-34 1.20380363343412e-33 1.535749092297295e-33 4.337073030313853e-50 4.163354841339911e-47 6.666337890958595e-48 7.929281306573032e-33 -1.58305069654624e-33 1.577674576429841e-33 -9.337214549520436e-51 -1.978179813205337e-47 -1.15195833355324e-48 4.592645295092801e-51 1.036021815034049e-47 -5.563994868975098e-48 1 -6.335093387966643e-33 1.344100592988159e-33 -2.392670803460835e-49 1.133642296080691e-46 7.354956756429063e-48 2.195226976869855e-50 -1.118690726747741e-48 -6.419450020157059e-48 3.397118927782738e-51 -1.296346913314282e-49 -7.054539731043718e-49 -4.235714741896496e-50 -1.958659588070516e-48 1.554271971520333e-48 -1.889028542904383e-51 -1.3329201916223e-48 -1.388587302823448e-48 1.62025134937557e-45 -5.396220577163467e-31 4.710897633260791e-33 1.532670195355269e-45 -1.03809975272565e-30 -4.710897633262193e-33 -7.707851751219253e-49 1.204152216069339e-47 1.874399348197819e-47 4.589693876812131e-49 -2.241027751393204e-48 -1.329891380728349e-47
-1.950856913242839e-33 3.098091404854354e-33 5.503815656591165e-32 4.308213315495743e-32 5.069600611429001e-31 -9.480802887803686e-34 -1.489400127390169e-47 3.22025001261155e-45 1.034450988018441e-47 -3.902282790276146e-30 1.810982367131579e-30 4.565134002095041e-34 -9.040626856126559e-48 -1.383057122359513e-46 5.531567363488041e-46 4.311890974272759e-50 1.156324499088514e-46 -2.27445511836443e-46 -2.864177427570158e-45 1 1.16609596635395e-33 -7.351070013809488e-47 2.762661034172356e-44 -9.587061719406174e-46 2.959691909759756e-48 -9.132010093180149e-47 2.637353762768095e-46 -4.906354276633939e-48 -3.321522689587809e-47 -6.574580314360939e-47 -1.794081047967703e-48 2.2674200903196e-47 -1.946193748097246e-46 1.091413049448824e-48 3.249671941453606e-47 -2.502541218066714e-46 2.22237178326514e-45 -9.553168929584435e-31 1.008452205206098e-32 -4.819975771721118e-33 -4.158720022982432e-30 1.67852780813255e-31 -1.268672065668257e-46 1.129229907384351e-44 1.083033122129606e-44 1.3653158764179e-46 7.453571657531605e-45 -6.468716230701236e-45
5.571815511376989e-34 6.501418347247285e-33 -1.730103218840287e-31 6.373830864105755e-33 -1.529767370490414e-31 8.499693730081559e-32 2.2264337568261e-47 5.747700354408491e-45 -2.259661311306037e-46 -1.758118565993996e-32 -9.957758452672703e-32 6.919953533428368e-31 -1.029990236586458e-47 1.42118445271189e-45 1.520765321153032e-45 -5.985592168519324e-48 1.056164590998985e-45 -1.249302477560951e-45 1.886347351464323e-33 -5.442176592101325e-46 1 -6.214761884842355e-48 -4.627018869631026e-46 -1.05839268338562e-45 -2.766530638055818e-48 1.151049035035297e-46 3.656114208927173e-46 -4.642800965627654e-50 7.892725409097436e-47 8.424958056916995e-47 -9.605788982637932e-48 9.309786122264522e-47 -3.179075875220388e-46 -3.08953143519295e-48 1.078212478832489e-46 -6.169547628984086e-46 2.266974610614036e-34 9.385569942446727e-34 -6.786911164053661e-31 -1.036398812149932e-33 1.000384375598902e-33 5.320274028650779e-31 1.508227992684632e-47 -3.331238450179181e-47 -5.529547162369869e-46 1.799502234907367e-48 -9.50678422429962e-47 6.900135627677295e-46
-1.468455444901954e-48 -3.119723030408494e-34 3.009393445560967e-34 -5.838205908741589e-33 3.138119495272061e-33 7.573285641394884e-34 -4.55365257088644e-49 -1.441719429634767e-46 1.003590699285393e-47 4.396670337501744e-33 1.11118589163257e-45 4.800874014545214e-33 2.863465060744567e-49 -2.340712605144345e-47 -2.116302533769056e-47 1.854596503629763e-49 -1.042892939678643e-47 3.29532368609437e-47 1.523327543725464e-49 1.601432648186507e-47 4.321739722770217e-48 1 -6.335093387983459e-33 1.344100592984656e-33 8.708657229501417e-50 -1.140323285777943e-48 -1.362922544544037e-47 -1.299837543590013e-50 -2.274920182889935e-48 -4.358831858015674e-48 3.893962316306144e-50 -2.279783590229356e-48 6.380766527045993e-48 -4.466703343972822e-50 -7.85945990250531e-49 1.833058680041609e-47 -2.527610522789945e-49 1.74606655846442e-48 1.672099616125611e-47 -2.091907787450477e-49 1.511304374981597e-47 -2.054548390713601e-47 -1.182345579274064e-45 -2.117343868158339e-30 -4.533566099798641e-33 1.532670195355269e-45 5.396220577163467e-31 -7.792385544282471e-33
-1.950856913242904e-33 -2.988237235624515e-35 -7.541108313105295e-32 5.329747755918618e-31 -7.536846313610994e-31 -1.46013913849321e-34 3.906916400153365e-47 6.526170919744338e-45 -3.38323612866261e-46 3.902282790276159e-30 -1.68176352390352e-33 1.587408416617957e-46 -1.158923708988695e-48 1.46026303792434e-45 1.239330025723926e-45 -6.66546827163871e-48 1.015733153197722e-45 -1.15959899999113e-45 1.36891892090134e-46 3.98122805114559e-44 2.349423532411572e-46 3.65651318034757e-45 1 -1.915391944662061e-33 -3.005533391411325e-48 1.487570529412808e-46 8.181689579338203e-46 5.397982920801966e-48 7.126340799255056e-47 1.543332135231223e-46 4.709174440636825e-48 2.075529599105121e-46 -1.897346064316892e-46 4.620978494508671e-48 2.151124296151226e-46 -1.019770481894385e-45 -1.733562636348872e-46 1.85476085692655e-45 -2.510424427806261e-45 1.372645339827755e-46 3.085400245099421e-45 -5.447015030818789e-45 1.948680676951699e-45 -9.553168929584446e-31 -8.85230911005673e-32 -1.738487860705219e-33 -1.003276402098418e-30 1.678527808132554e-31
5.571815511377356e-34 4.180170520163337e-32 3.024706232966165e-31 -2.057675547382473e-31 -4.234716360232846e-31 2.707176394243203e-31 8.298619297126166e-49 -8.638929291662569e-46 -4.584637193430353e-46 5.255234015864991e-33 1.287137532864971e-31 4.838085004874236e-31 -4.285426902317854e-48 1.098131561066898e-46 -8.211528260273113e-46 9.237395885845883e-49 7.727093092955182e-46 2.377901260797164e-47 1.122528205887717e-47 2.162914986167664e-45 7.44174157901805e-46 8.049323173501989e-33 1.581763537550242e-45 1 5.185370218381354e-48 5.808563756207965e-47 -2.791366891704208e-46 8.164699906193222e-48 6.775889952807344e-47 -2.995634452525695e-47 -8.492829592399854e-48 3.656224040630832e-47 -3.362515675160791e-46 6.726964544516707e-48 1.772267378076295e-47 -2.725479553795764e-46 1.026825538034494e-48 -3.223131380918118e-46 -8.705419527139387e-46 -5.32014796454214e-47 1.785107843063185e-46 -1.018343419897924e-45 -1.314046494449436e-33 -6.021869612674588e-34 1.101697888156295e-31 -1.03639881214945e-33 2.300123978416866e-34 5.320274028650776e-31
5.128893333473262e-35 -9.928804825327764e-35 -9.642901115150921e-34 1.255704255331299e-33 -3.836091471783228e-34 -1.025117629509998e-35 1.50105352566582e-34 -5.538682566725934e-34 6.400099998076669e-34 -1.098279624670407e-49 -4.440559273575155e-48 -1.866315336361611e-47 -4.484214035581679e-34 -8.210396451674781e-33 1.208500883544674e-33 -1.705693465974159e-49 8.05843835151519e-47 -2.850596628709889e-48 4.672399185104473e-50 -7.52145448571661e-49 3.264335557231794e-48 -6.425601844433046e-51 -1.082772730551407e-48 1.802009080804407e-47 1 1.790122512924793e-33 -2.395158733065183e-33 -8.145032923095251e-49 -8.339927894141603e-48 2.303945672531921e-47 -2.363815128714103e-49 1.045015532581106e-47 1.277760545607399e-47 7.032503596648194e-50 1.075330951762234e-47 -1.141753244059121e-47 -8.746558805030965e-51 4.492431091732458e-49 -3.290394522745377e-48 -4.496953231857512e-50 -2.251799397517456e-49 1.777347089239741e-48 2.030456325163617e-50 -4.641777410066181e-49 -1.986468895681235e-48 -2.220948324452055e-49 1.226020406041449e-52 -2.156014565036027e-48
3.889577333034405e-34 -3.689855449573954e-34 -4.765738608776721e-33 6.120955902276882e-32 4.010626748619279e-32 1.308574768013343e-34 -1.015953318932395e-30 3.504068608109891e-31 1.261659260880618e-33 7.711545042086979e-48 -5.380748661845371e-46 -7.392912733898163e-48 6.408112103980449e-31 -1.790709793536037e-30 -1.049615102634688e-34 -1.215211988022564e-47 1.275604401003626e-45 -1.78935927880032e-46 4.734476134457857e-49 -3.418312163417841e-47 -1.37871072248123e-46 6.127059052857212e-49 -1.143755316382253e-46 4.376345005278688e-47 -3.251357775694312e-33 1 -3.987679418986833e-45 -4.458367828514467e-47 -3.663027247775626e-44 2.288929602932481e-45 -1.063365818142546e-47 1.395898991422676e-45 1.329524983333566e-45 2.475384724216262e-47 1.484067786500729e-45 -1.329900785430061e-45 -2.69542368003171e-49 -1.815282846860043e-47 -1.310990533380124e-46 4.215578094337944e-48 -3.434327863742184e-48 -4.405816736920508e-47 -5.840906271305543e-48 3.50060305786914e-49 1.40573658069885e-47 -9.383612377289668e-49 -4.498511612448402e-48 7.858197944531527e-47
-4.151920919792894e-48 -2.456128309919353e-33 1.938723952572517e-31 -2.097676387559082e-31 -1.399053956256243e-31 9.965271782349931e-32 -9.282815091496035e-31 8.008575122415422e-32 -5.606437549960452e-32 -2.513278824316413e-47 3.764731339212483e-45 1.743917776196033e-46 7.501223309672897e-33 8.130091732888961e-32 2.759392396977621e-32 -7.591724684285953e-48 1.186155881155949e-45 -2.676358975489139e-46 -2.262300170054443e-48 3.901869852705923e-46 7.909282029441227e-46 -4.964974414883432e-48 4.971508409825533e-46 -5.877269542538375e-46 -2.307393966922341e-33 -2.134790629244839e-45 1 1.203603707986538e-47 -6.040876390946166e-46 6.0540677199455e-46 3.522737602640423e-48 8.737305872389389e-46 1.483833498368056e-45 4.078143348945652e-47 1.036431584326317e-45 -7.760066464150586e-46 -8.559636499806962e-48 1.089616181555098e-46 3.546451178319757e-46 -2.949992520023562e-48 1.289871020691545e-46 1.14285008304356e-46 1.995822488602238e-48 9.83744256843468e-47 -1.109328608354677e-46 1.305840694639399e-47 8.887946798460328e-47 -2.380874433090126e-46
1.475854305540608e-34 3.856770048413782e-34 3.920650924573324e-34 -1.213278580240318e-35 -3.400990441163226e-35 -7.491312891705435e-35 -1.515543443940935e-33 6.244094635362034e-34 7.593033101443065e-33 9.5254546544323e-51 3.000765964479687e-49 -1.532863934662355e-48 4.484214035487612e-34 3.825924733135908e-33 -1.847484182576103e-34 4.696678382223647e-50 6.594166370440962e-47 3.638075702403596e-47 -6.290264319630067e-53 5.625555365825476e-49 9.346186937728771e-49 2.073820260936448e-50 1.018195963036606e-48 4.692183223440955e-49 -7.074492472442074e-51 -1.038636512122152e-48 4.840307168086645e-48 1 -1.291365398111249e-33 -2.395158733067635e-33 -5.237508620770929e-50 6.453306230935163e-48 -1.448878450693377e-47 8.579181505282282e-50 3.125088726069542e-48 3.221220140276181e-49 3.889113956007195e-51 -1.656730778883618e-50 1.82514307080972e-49 -3.244686023051306e-51 -1.682086439511667e-50 1.481598743349104e-49 1.875873911449956e-52 -1.46341833603027e-49 1.52303966150863e-49 -3.298328590668464e-51 -1.310117410572283e-50 2.495794524716945e-49
-3.814142444514437e-34 -2.121370606711459e-33 -8.166158199400216e-33 -2.132147106638197e-32 2.927779885616705e-32 1.460828208755846e-34 -4.418343232745547e-31 7.166501342808949e-31 -2.893185732406032e-33 1.616570043669655e-47 -1.456923521080414e-46 -5.919901214031299e-47 9.369106000439815e-31 7.071088784865517e-31 -5.526869560785653e-34 1.022461145460165e-47 -4.407753485992577e-45 -9.440639665220122e-47 1.711062013638308e-48 -1.406500270257956e-46 -2.076726641772369e-46 6.540104256959471e-49 -1.743888614287692e-46 5.522219202385522e-47 -4.38531937119081e-47 -4.455817365717325e-44 2.83048303613636e-47 -9.414333597727342e-33 1 2.7998600175865e-45 5.040378910737577e-48 8.810280208964418e-46 2.954252680068986e-46 2.24453745260705e-47 2.57619900055935e-46 2.085612913962588e-46 4.068702456638439e-49 -2.620104994609443e-47 -1.127222492382728e-46 9.236740769863825e-49 -1.243272150623516e-47 -3.204265185077909e-47 -5.560628436920511e-49 -6.898380533231022e-48 1.725698307877199e-47 -1.346379837179333e-48 -2.369123348312563e-47 8.840822447049987e-47
4.750448032943172e-47 1.086825065033829e-32 -4.747848172232433e-32 1.192751878314875e-32 -9.017203454433947e-33 1.652244397537709e-32 5.710749680383235e-31 -3.084567211286373e-31 1.232954960937343e-31 -6.669184092648949e-48 5.516164439950805e-46 -9.127576218050105e-47 -4.419735398659182e-33 2.431192573886965e-32 1.521152150842723e-33 5.995297404737187e-49 1.98824870068868e-46 8.594821595317333e-47 -3.781491041189249e-49 4.204550427181287e-47 -9.649521666258613e-47 -6.522256639990736e-49 5.479481911479479e-47 -1.694699925125725e-46 4.079073699827718e-47 1.057099944042138e-45 -1.165483435886896e-45 -7.666500114118075e-34 -1.817308945921247e-45 1 6.845096967540633e-48 -6.350196836640104e-46 -1.784819794584584e-45 -3.509286960139473e-47 -1.656013866730575e-45 9.639280028770335e-46 -5.995264635040318e-49 2.801299216040947e-47 -3.549136493129059e-47 1.036974750564406e-48 1.949807303290418e-47 2.538850969140681e-47 -8.05029346087118e-49 1.70275551338463e-47 -1.66011535431326e-47 -3.384551154472818e-48 1.102427756849574e-47 -5.762882114347634e-47
5.128893333476542e-35 2.257425633530444e-33 -2.811007970626259e-35 2.645986401101556e-34 1.586139205620974e-33 -9.037726906417403e-34 -1.50105352567414e-34 -1.895659620967172e-34 8.132070631184834e-33 5.410225867150912e-49 -5.360197072699888e-48 2.24650873489581e-48 -2.247457518085638e-50 -1.428868136456526e-47 -1.228277621544951e-47 -4.484214035553886e-34 -2.04742062963844e-33 4.381289057894732e-34 5.417163320304553e-50 -7.288746978477464e-49 -1.807267813052094e-48 -3.994140273325709e-50 -1.963678579507117e-48 3.946715499784445e-48 -1.716855998098537e-49 1.211653339234094e-47 -7.758128391752088e-48 -4.019150057301436e-50 7.150716757498102e-48 -1.979520657569957e-47 1 -1.2913653981116e-33 -2.395158733066234e-33 -1.828212562866216e-49 7.629906802976913e-47 1.132904123533349e-47 3.718779020933019e-50 -1.443497800790107e-49 -1.727938705847108e-48 9.635617169622327e-51 -1.366718136223066e-49 3.353742961549989e-49 1.370247655532242e-50 -3.652997575016182e-49 2.906804040424339e-49 -2.913824959805463e-50 -3.415115748959776e-49 1.149404349726651e-48
3.889577333034394e-34 2.256689825300692e-34 -1.497267639008109e-32 -3.257997642902192e-33 -9.742572791492639e-33 9.622097543759852e-34 6.215228663218888e-31 3.825543227953098e-31 -5.01354521265142e-34 -1.314314865849339e-47 6.968214268391523e-46 9.867631007608385e-48 -2.525062896885095e-48 3.054297184131317e-45 4.656487604845147e-46 6.408112103980444e-31 -1.790709793536037e-30 -1.049615102635126e-34 1.021488728985669e-48 9.173982127815649e-47 -8.973872247540865e-47 -5.073279038095379e-49 2.715362009137204e-47 -5.786904350939762e-47 -1.168473099222135e-47 5.993400379970139e-47 -1.393717657802003e-46 3.591611321783231e-48 -2.385939676516653e-46 1.112765625466137e-47 -3.251357775692938e-33 1 -2.52069508914679e-45 -4.073386907985375e-47 1.624834996312159e-45 3.223051590345136e-45 -8.16335886394441e-49 3.184350995975763e-47 -5.180586149121511e-47 1.21763674146554e-48 7.212612583373295e-48 -1.442465696671922e-47 -5.408276188408367e-49 3.841780711328031e-47 -2.578847219512083e-49 -2.530262535620643e-50 2.651245498316495e-47 7.039010210475297e-49
3.602542468606256e-47 1.930080587228607e-32 -8.636199588163634e-33 -5.90891998672551e-32 5.269130711663465e-32 -4.262817097212075e-32 1.394206039285922e-31 7.300178534740201e-31 1.006907740325223e-31 -3.567078836498781e-47 6.291635093452324e-47 2.220755353446071e-46 6.223087896979029e-48 3.905854798018198e-45 -4.716701221575261e-46 1.338247487634872e-33 -1.730669582373813e-32 2.759392396977603e-32 -8.697046584637531e-49 2.449110876492594e-46 4.145967277882994e-46 -2.90161352008429e-48 1.596206538577832e-46 -1.814797233509722e-46 -2.551433759061537e-47 -5.098714351658203e-46 -1.810657925261037e-46 -9.978153919184094e-48 -1.052251034757015e-46 -1.310754135898353e-45 -7.66650011411063e-34 -4.570641475434462e-46 1 6.089520323708661e-47 2.898157216258501e-45 -4.479655165133516e-46 -1.32285310847237e-48 1.928576755789855e-47 2.158953578527908e-46 -1.158460363677296e-48 1.256842041177663e-47 1.065992730178216e-46 1.814964102942167e-49 6.55520415749172e-48 6.544466654617301e-48 -9.46388026179372e-49 1.1084090888019e-47 -1.153660856575019e-47
1.475854305540903e-34 1.394938323896242e-35 -2.070126588827129e-34 -6.907543033646884e-34 -6.610484575210427e-35 1.652594677749214e-34 -1.565944467077898e-33 1.782678228320968e-33 -3.205602071552587e-34 -2.99982394855597e-49 9.058035130500692e-48 -1.815620106894484e-48 7.666044402006637e-50 1.121521319492386e-47 -1.393141529107422e-48 4.484214035522644e-34 7.444368221219363e-34 -1.847484182570849e-34 -1.58461890313913e-50 -5.653145025309386e-49 -8.074055984098496e-50 -9.358598091849146e-51 2.017075078898908e-48 -5.374077794411102e-48 -7.721256150847096e-49 -6.353978971779682e-48 -2.310608746417806e-48 -4.628480799217929e-50 2.719281756273182e-48 -2.117971248996995e-47 -3.987427792640658e-49 -5.183812097280795e-48 7.032899566896994e-47 1 1.790122512924793e-33 -2.395158733065884e-33 -1.969483459932216e-50 2.143219321497028e-49 1.724726268038138e-49 1.055677476258001e-50 2.098333076247178e-49 1.967866215973848e-49 -2.853339788042955e-50 4.385840724446601e-49 1.871549672310933e-50 1.521749576126048e-50 2.034606120168326e-49 3.651409948383849e-49
-3.814142444514104e-34 -1.421306803001858e-34 2.127479506318249e-32 -2.385932722083006e-33 -2.71346940608523e-32 -1.228548598933229e-33 4.740387066404605e-32 4.645704855359973e-31 -3.115241819823739e-33 6.490677572159571e-48 -2.855597527567103e-46 -3.242485680128924e-47 -6.948424784821615e-48 2.977514366081623e-45 5.001497931260227e-46 9.369106000439742e-31 7.071088784865465e-31 2.176850216766575e-34 5.388581075120508e-49 -7.094867427315205e-47 -2.101027599834376e-46 4.60425201108267e-49 -1.3902728617763e-46 5.201633781717107e-47 -1.804930946347072e-48 -3.509187071696012e-46 -7.72416468753226e-46 3.75691766225301e-48 -6.649065754381635e-46 -3.812165427917922e-47 3.198369143175863e-47 -1.297539853793814e-44 -1.572334669078803e-45 -3.251357775706678e-33 1 1.310980399241382e-45 -1.155265398133678e-49 -2.521208244233868e-48 -9.523563436276826e-47 1.324699602844867e-49 1.697899189256375e-47 -2.860260051298813e-47 1.89184674100658e-48 3.193631771979611e-48 8.750376796585053e-48 -1.881201942599471e-48 -6.216281671083229e-48 3.016698632616143e-47
3.86626851874634e-47 -4.768445090385255e-33 -8.338349969106847e-33 3.38608353880129e-31 -2.367040023654044e-31 6.311519422065249e-32 -1.766445154278173e-31 -1.242961788967743e-31 2.732527766023934e-31 6.14740823919755e-47 -1.883415078009268e-46 -8.700972968068426e-47 -1.751533832601575e-47 -1.596181251470859e-45 1.249347290549846e-45 -7.501223309677863e-33 2.431192573887053e-32 1.521152150842493e-33 -4.294456692932733e-48 2.64402213375407e-46 4.375556399378566e-46 -3.466232164083073e-48 1.880785938577984e-46 6.767627108060662e-47 9.205728542865466e-49 5.247724639110682e-46 9.006967490411687e-46 -1.066702600145596e-47 5.815763310138928e-46 1.599125052070753e-46 1.817045530653058e-47 -2.013284579213572e-45 -1.746509704471966e-45 -2.307393966921246e-33 -1.762570724658559e-45 1 6.048268257130071e-49 -3.70703669244486e-47 2.301044427155019e-46 1.418822302453429e-48 3.993046247531651e-48 1.067909347432144e-46 -5.929643760790067e-48 -7.072479312672256e-48 -2.262621401956163e-47 1.571191751882357e-48 -2.091361598379526e-47 -1.272271865011983e-46
5.128893333471343e-35 8.623954329223586e-35 -4.132401890881547e-35 2.850397001785524e-34 -2.55142429264313e-33 1.963864857462566e-34 -4.881497769310941e-50 -3.40246102058579e-47 -2.576645928705241e-48 6.313081174605737e-33 -6.716844078711748e-33 6.400099998076669e-34 4.138923126329929e-50 -3.318033794999158e-50 -9.034247359833244e-48 3.822608050800185e-50 -8.239911645565858e-49 5.167924051256803e-48 -4.484214035581625e-34 -8.210396451674781e-33 1.208500883544718e-33 -2.966928008132352e-49 6.493206723018784e-47 -9.45595564567394e-49 4.911739089006254e-51 -4.417648771310744e-49 -5.906856076319546e-48 -1.660863786055599e-50 5.658234826835556e-49 -7.030578617127802e-49 2.865188709935458e-50 -9.422768891061061e-49 2.25608117536314e-48 -5.952610580920127e-51 -9.476306769689501e-49 5.933958287668973e-48 1 1.790122512924793e-33 -2.395158733065183e-33 -9.708084335027074e-49 -1.303657133247551e-47 2.5893020296058e-47 -1.253940497443642e-49 -9.031772488134155e-49 9.809525804655846e-49 -5.511913760292029e-50 -2.228886288286612e-48 2.975408382065217e-48
3.889577333034795e-34 -4.282354611439519e-34 1.662507122629421e-32 -1.190575244645584e-32 1.443688478158832e-32 -1.402372270290896e-35 4.828733968234347e-48 -1.063059185690725e-47 -5.23084797031638e-47 -2.270924137113815e-31 3.50406860810988e-31 1.261659260880552e-33 -1.359758661121083e-48 8.353944159799922e-47 4.059066236432677e-47 1.031345706347247e-49 -1.246148178590437e-47 -3.244716767571564e-47 6.408112103980499e-31 -1.790709793536042e-30 -1.049615102639943e-34 3.46814402929616e-47 -9.055444234253024e-45 -1.029366809655003e-47 4.016626719380191e-49 -3.276553526772293e-48 7.10420697947204e-48 4.307740603398616e-49 -3.285231376498427e-49 -1.206627178344647e-47 -2.149527121809277e-50 -2.285569226660519e-47 -1.196477555609031e-47 -1.35891347475682e-48 2.377819949436602e-48 -8.5618106452482e-48 -3.251357775706201e-33 1 -5.82962056447629e-46 -9.320651044513457e-48 -3.634964479835476e-44 7.495933269682128e-46 2.850356519070425e-47 -3.056954766458994e-46 -3.559157062088415e-48 -2.131408605969711e-47 -1.386155488343826e-46 2.41333606087741e-46
5.413952196762752e-47 4.870113442616291e-33 -1.424693801297393e-32 -1.846628138545988e-31 2.405640176936605e-32 -8.84448091494539e-32 -6.949592199100629e-49 -1.522258225081393e-45 2.104309586846316e-46 -1.394206039285922e-31 8.008575122415406e-32 -5.606437549960469e-32 -1.026031689459564e-47 -2.703770604976729e-46 -1.370924365129918e-46 3.660109798334868e-48 -5.357694593273159e-46 5.765810095456698e-46 -1.74324042338526e-33 -1.730669582373816e-32 2.759392396977595e-32 1.169879511203356e-47 -1.348736838854036e-45 -1.616508911213514e-46 5.695862019040592e-49 -4.975639520409584e-47 -1.829448017394738e-47 -2.763517731204496e-48 -1.261886889568577e-46 -4.034259700262574e-47 -4.003369955879869e-48 -8.729513070735687e-47 3.184252282615612e-47 -3.092192845034545e-48 -9.362323812127526e-47 2.65545858756524e-46 -3.84813792243156e-33 9.414974057182365e-46 1 4.303497738879158e-48 2.471418622411184e-45 6.197076936479517e-46 1.596074959108892e-48 5.106546327634515e-46 6.882942552728907e-46 2.692728373872065e-47 5.382408035036069e-46 -2.032006054065078e-46
1.475854305540591e-34 1.479715604814273e-33 -1.49924015707506e-34 -1.804602086361982e-34 -8.792342408844547e-34 -9.289542629632226e-34 -3.786669595390137e-51 1.039529512725012e-47 -1.647553264603696e-48 2.520051156815302e-35 2.392234746594569e-34 1.430057279403954e-33 -6.968024171227012e-50 9.959567354718308e-49 1.804201425076413e-48 1.450255836484879e-50 1.808302036027071e-48 -1.673344686619998e-48 4.484214035522644e-34 3.825924733138711e-33 -1.847484182576103e-34 -8.029114834113431e-50 1.645734136763258e-47 2.742148901090099e-47 -5.229955203010534e-50 3.340609286459835e-50 1.113129552272984e-48 3.351644455641194e-51 1.899778534381122e-49 1.583457486710621e-49 1.180240924870658e-50 -2.179848033575406e-50 -4.911607155967948e-49 5.68350172504106e-51 2.677637615046326e-49 -5.780283760222725e-49 5.389347170392862e-50 -2.712402315557782e-47 3.756690593657287e-48 1 1.790122512924793e-33 -2.395158733067635e-33 1.456932792763106e-49 2.610839282501622e-48 -3.113057343415608e-48 -2.516366688710123e-49 3.101522231790418e-48 -1.007369626940685e-48
-3.814142444513929e-34 3.768644721747639e-34 -2.134740463534865e-33 -2.798233550993154e-32 -1.522504259473227e-32 -3.779177388086614e-33 3.575533137960225e-48 5.51619678147196e-46 -1.501016621335404e-47 -4.74038706640461e-32 3.222196816703877e-31 1.883021786135011e-34 -9.190168879452801e-49 6.375505628285136e-47 4.069318798227582e-47 2.184377955836325e-49 7.451103095193872e-48 -6.015401022399729e-47 9.369106000439742e-31 7.071088784865464e-31 2.176850216765699e-34 1.491554549287986e-47 -3.224543279487369e-45 -1.884215852255122e-47 2.916789176525407e-49 -6.550786674570985e-48 9.35803675589216e-48 1.00013467409334e-50 -1.089818793514346e-48 -7.252085823374314e-48 -1.535542359407852e-48 -2.303148911869634e-47 -7.975057068496006e-48 1.068002073728365e-48 -6.290054780784358e-50 1.011493326562478e-47 -3.736918364504269e-47 -4.44365737436561e-44 -1.594671240336283e-46 -9.414333597745132e-33 1 8.730746291398763e-46 -1.670914580640158e-48 1.162313201494828e-45 6.277253423313761e-46 1.443582425111795e-48 6.115335711976417e-46 5.300346523825875e-47
5.00341553729259e-47 2.032990545660432e-32 -2.814172061554003e-33 -1.192751878314881e-32 -7.812121414680419e-32 1.056214073975208e-32 -1.352822824823745e-48 1.090470468721398e-46 -1.049501268508307e-46 1.766445154278172e-31 -3.084567211286365e-31 1.232954960937341e-31 -7.404907431303856e-48 1.759553594765564e-46 1.158317903832611e-46 1.414531405116903e-48 1.714049694561777e-47 -2.083367470373644e-47 -4.419735398658239e-33 2.431192573887075e-32 1.521152150842493e-33 7.194015049803085e-49 2.838611588937327e-45 5.731072698251141e-47 1.366929431657608e-48 -1.867793845716368e-47 3.839467075729036e-47 2.079175795882971e-49 -6.067857646266609e-48 1.654292296331802e-48 -5.331418363123643e-48 -2.876444170872048e-47 -2.755625534910863e-47 -1.058907518553488e-48 -1.883590447429665e-47 2.995616490431456e-48 4.837091210418817e-47 -1.54761198944881e-45 3.693424355615049e-46 -2.307393966921071e-33 -1.313717310304516e-45 1 -8.844776316292708e-48 -2.13470098701966e-46 -6.174661446904714e-46 -1.322563282073366e-47 -6.985273490138335e-46 5.593492909953511e-46
5.128893333474973e-35 -2.914613058198323e-34 4.373501951591995e-35 -7.200564567143562e-35 -1.141947465759626e-33 -2.034606209745862e-35 8.061182677630017e-50 5.324781972881569e-49 6.694257243632733e-49 -1.501053525668885e-34 7.733990100974263e-34 5.05058272016518e-33 -4.018298827736993e-50 -5.820504249572105e-49 1.060588875740936e-48 3.502683585488191e-53 1.893774168739146e-49 2.822403894544849e-49 -8.485264301102742e-50 -1.738035731529864e-47 -7.47474845729625e-48 -4.484214035581953e-34 -2.047420629635626e-33 1.208500883544718e-33 2.02694368965364e-50 -3.927160324503184e-49 -4.966312431561843e-49 -2.073770506817893e-50 -1.949768171758067e-49 4.585692811089533e-50 -4.004288709591362e-51 -3.483731145369379e-49 -8.596684431988943e-49 -5.226103831038323e-51 2.023795841568273e-49 -7.458481892084385e-49 -3.935460330180347e-49 -2.786082477118814e-48 4.520860224342359e-48 -4.462864946988482e-49 1.09926812323469e-48 -1.436132824148181e-47 1 1.790122512924793e-33 3.767817088972921e-33 -5.809777334263733e-49 -5.484159999720165e-48 4.091185253895764e-47
-3.81414244451371e-34 1.034147237187209e-33 4.110514256529301e-33 -4.604580893341108e-32 -2.441226995568568e-32 -2.842633340369228e-34 -1.44837768824786e-48 -2.235299034682434e-46 7.380429273691885e-47 2.270924137113813e-31 3.825543227953084e-31 -1.161685323876072e-34 4.132565120180321e-50 -2.865219774308647e-47 5.243711547969649e-47 3.733652719865654e-50 -6.345837560512671e-47 6.661213841668181e-47 2.545999554057685e-47 9.151138953400186e-46 3.087888125847866e-46 6.408112103980506e-31 -1.790709793536042e-30 2.976526400755933e-33 -8.361565257344705e-50 -1.205743714429105e-47 2.584373771503485e-47 1.731208564972583e-49 7.426555628944354e-49 -9.890405328100214e-48 -1.318593819003009e-48 -2.520349546775169e-47 1.150837373031066e-48 -5.803238908251861e-49 4.503950105161987e-48 5.886967268034185e-47 -4.947940913230828e-48 -8.354556705653721e-46 -1.53397063503371e-45 -8.568265123045931e-48 -2.975090964491513e-46 1.477881810300226e-46 -3.251357775706201e-33 1 -2.326374403664247e-46 3.191372090550144e-47 -1.487537471829895e-44 1.624347185878435e-45
4.498797560027184e-47 -1.299397184071697e-33 1.461636623956581e-32 9.785393290941802e-33 -2.131228132299844e-32 5.476716182624917e-32 9.880487999897112e-49 -6.180416136626498e-47 -1.330936457810863e-46 5.338510565390981e-31 3.35587400863514e-31 1.006907740325223e-31 1.155180390892595e-48 -2.631528789226277e-47 -2.169344179644362e-48 -1.040430573597332e-48 5.922255838515604e-47 -3.773167265219552e-47 1.153327709178862e-48 1.071978168771503e-44 -2.373788307996586e-47 4.419735398654515e-33 -1.730669582373817e-32 2.759392396977613e-32 -1.234326640192637e-48 1.40733715297339e-47 1.300822430414215e-47 -7.888359143042851e-49 1.637201288855229e-47 -1.856612974134656e-47 -5.936463927032262e-49 4.361126981526971e-48 -3.665483873791599e-47 -1.799445306607309e-48 6.538174338782946e-48 -6.739203116058951e-47 -5.433864303475415e-47 1.18248103670653e-45 4.562169862934486e-46 3.71641743337709e-47 1.397200101359826e-45 -2.672627566068488e-45 -2.307393966921552e-33 1.647620460006914e-45 1 6.741636690376504e-47 3.141776279181404e-45 1.586062778303581e-45
1.47585430554089e-34 -2.203772159068632e-33 -2.893606363202573e-34 6.907543033646807e-34 -2.871557890581188e-34 3.288950683177152e-35 1.88624953635909e-49 1.141166579282043e-47 3.430116687190863e-48 -2.520051156810923e-35 1.782678228320968e-33 -3.205602071552587e-34 2.169296629800633e-50 3.452673198983926e-48 -4.446779165964575e-48 -4.538308490538644e-50 2.206681668092948e-48 5.172467479160081e-48 1.550999472385989e-50 8.789392999139631e-47 -1.158930314046582e-47 4.484214035522644e-34 3.825924733141514e-33 -1.847484182570849e-34 6.884512258645755e-50 8.134994335822657e-49 4.624573572768835e-49 -6.59466938667448e-51 1.320891882665562e-49 2.019215177362883e-49 4.740773235239655e-51 4.32736170184496e-49 8.090919095969257e-49 1.057170296836497e-50 7.512950554337599e-50 -1.040249817324724e-48 -7.17636103962998e-49 3.731418603767148e-48 -7.247914323846381e-48 4.714713005571097e-49 1.138309015639524e-47 -3.600080103718795e-47 1.794777125884961e-49 -6.829421698985036e-47 4.101789061377875e-47 1 -1.291365398094784e-33 -2.395158733066234e-33
-3.814142444514148e-34 9.770337709610767e-36 -8.291739418607203e-33 2.385932722082987e-33 -4.811065002598737e-32 1.82414351864129e-34 3.348562862168444e-48 4.657855162920757e-46 -4.949540210390052e-47 4.418343232745523e-31 4.645704855359973e-31 -3.115241819823739e-33 -1.861719460644031e-48 1.164557442110373e-46 8.028357248199305e-47 -5.389335905006286e-49 -1.47259788994664e-47 2.356631304055294e-47 -1.81106032151885e-47 4.400474749797757e-45 1.126787527300511e-46 9.369106000439742e-31 7.071088784865465e-31 2.176850216766575e-34 -6.388306560952763e-49 -8.759841953409006e-49 4.208591376621004e-47 8.910370115620977e-51 -2.301333966471598e-47 -5.405889432736085e-48 -1.820519011412181e-49 -5.08050921500546e-48 -1.469835858286728e-47 -1.64642752286305e-49 -1.511898272849197e-47 5.22942974247147e-47 -9.06426955116951e-48 -2.017503388698927e-46 -6.75846647726793e-46 1.008984461921067e-47 3.278366871070237e-46 3.287856206333302e-46 2.115571638031819e-47 -2.28318810892429e-44 -4.119356898510727e-46 -3.251357775706678e-33 1 2.600065509977688e-46
4.079708053484727e-47 6.041311639380557e-33 -2.215464770794491e-32 -3.386083538801293e-31 -1.680663932440366e-31 -7.510778660726767e-32 2.400896924179491e-47 -4.478502043532829e-46 -2.450250957277518e-46 -1.766445154278173e-31 -5.187266315072805e-31 7.603755029714032e-32 1.030813227024861e-48 -1.690215834441803e-46 -1.431865157363814e-46 1.703989104852906e-48 8.373485629044022e-47 -8.752403054414041e-48 -3.865691705973584e-48 3.330330708721217e-45 2.095744980480497e-45 -4.419735398657561e-33 2.431192573887217e-32 1.521152150843018e-33 -1.063669410591589e-49 5.648852786919846e-48 -3.995883945342662e-47 -3.231048655991256e-48 1.741091804362206e-47 3.834284611457448e-48 2.614383593469668e-48 3.310428973113967e-47 5.310661619401423e-47 3.153621299325962e-48 2.174107413533867e-47 6.720249326916506e-47 -1.728787567042554e-48 1.101166621599719e-45 1.425746722090482e-45 -7.135028320048476e-48 2.172912236592297e-46 -8.393821844808745e-46 1.41935033371857e-47 -1.482712145871051e-45 -1.862228995338309e-45 -3.848137922431341e-33 -2.063630941603344e-45 1
