# Created from matlab git hash 00e16b208fbf08652b67ace82ddc532522841f31
# name: foo
# type: matrix
# rows: 64
# columns: 64
0 0 0 0 0 0 0 0 0 0 0 0 0 0 0 0 0 0 0 0 0 0 0 0 0 0 0 0 0 0 0 0 0 0 0 0 0 0 0 0 0 0 0 0 0 0 0 0 0 0 0 0 0 0 0 0 0 0 0 0 0 0 0 0
-1.77635683940025e-15 -2.636779683484747e-16 -3.872983346207361 -2.070826149447313e-17 -4.582575694955748 -5.499073418846478e-16 2.999999999999892 -3.794707603699266e-17 -3.240370349203867 2.738612787525543 2.121320343559566 -1.22474487139159 -3.240370349203867 -2.738612787525543 2.121320343559566 1.22474487139159 -4.582575694955769 3.872983346207022 2.999999999999904 -1.732050807568883 7.639269957754228e-15 3.12488770912021e-15 -9.480471693267826e-15 -1.483554028282767e-15 7.634975882339272e-15 -3.146356343434556e-15 -9.4419563914985e-15 1.611481527251061e-15 -4.582575694955767 -3.872983346207021 2.999999999999904 1.732050807568882 -6.480740698407795 5.477225575051135 4.242640687119169 -2.449489742783196 6.280369834735082e-15 2.033249758181123e-15 -4.641070663345973e-15 -9.296674296703428e-16 6.358874457669271e-15 -2.39411456105372e-15 -4.812720367691724e-15 1.046151935856437e-15 1.177569344012828e-14 6.925053690036771e-15 -8.204582452243214e-15 -3.015686679178783e-15 1.16186841942599e-14 -7.002460292140238e-15 -8.156763487223388e-15 2.993175647261379e-15 6.437379080603459e-15 2.497689370801928e-15 -4.68032297481307e-15 -9.087735632812126e-16 6.280369834735082e-15 -2.188062962388057e-15 -4.641070663345973e-15 9.3583219709159e-16 -6.480740698407796 -5.477225575051136 4.242640687119169 2.449489742783195
-5.551115123125783e-17 3.872983346207357 6.115069659407696e-17 -1.833102152139579e-14 -2.045911415962297e-16 -7.356834385151566e-15 3.295908993465966e-16 -7.181580085242601e-15 9.765112700097994e-15 -2.426604216752255e-15 4.934991368160633e-15 -2.899153215109931e-15 -9.746980347101771e-15 -2.429662246847648e-15 -4.725423863684995e-15 -2.612197188297752e-15 1.822023659314342e-15 -6.679524957038118e-15 9.089664037632006e-15 1.978536773025226e-15 -3.886287056242225e-15 4.864916738833749e-15 6.035158057616105e-15 -3.338478656752504e-15 3.673028541519763e-15 4.896866086385546e-15 -6.067170699553718e-15 -3.264273446529733e-15 -1.735383095928441e-15 -6.582736755392993e-15 -9.027710923831202e-15 1.584513129371586e-15 -2.11962481922309e-15 -5.519634553115567e-15 4.185848158236633e-15 1.331987229419218e-15 -1.275700122680563e-14 -2.820788604313029e-15 1.036711319888248e-14 1.002963354511387e-15 -9.950460956908396e-15 5.549050750179226e-15 7.435800568521373e-15 -3.217277960304534e-15 -1.766354016019242e-15 1.699788436387866e-15 1.04867984855759e-15 -9.846526628763248e-16 1.511213991483129e-15 1.496184348054731e-15 -1.628890947834803e-15 -1.040444839546775e-15 9.459807063569717e-15 6.020855930334284e-15 -7.456566863857126e-15 -2.897287872953399e-15 1.256073966947016e-14 -2.943440559379417e-15 -1.022647136022475e-14 1.039677391371223e-15 1.638784003751186e-15 -5.54914097323428e-15 -4.643307705687468e-15 1.288266338369044e-15
-2.55351295663786e-15 1.942890293094024e-16 1.1443970771019e-14 -2.660632131279428e-16 -6.999999999999832 -2.47198095326695e-16 4.582575694955761 -4.29777741173254e-16 -4.949747468305709 4.183300132669914 3.240370349203813 -1.87082869338695 -4.949747468305707 -4.183300132669913 3.240370349203814 1.87082869338695 -6.999999999999848 5.916079783098973 4.58257569495566 -2.645751311064575 1.595578324412731e-14 4.156866480643456e-15 -2.155177078466686e-15 2.334695772643583e-16 1.595209695674087e-14 -3.901640946882436e-15 -1.839891086707901e-15 1.570479148303504e-16 -6.999999999999847 -5.91607978309897 4.58257569495566 2.645751311064574 -9.899494936611497 8.366600265339899 6.480740698407634 -3.741657386773942 1.348807552788027e-14 -1.033531831761658e-15 -9.443834603217738e-15 2.056813874650877e-15 4.342286956047302e-15 -7.194752004027171e-15 -2.696627643405947e-15 4.605260143381465e-15 1.093667528251914e-14 1.171052394451327e-14 -4.316859369968284e-15 -5.043325070869833e-15 1.093667528251914e-14 -1.203191159749852e-14 -4.328135072562134e-15 5.163196732130785e-15 4.02826846431055e-15 7.64519513041779e-15 -2.391316311634029e-15 -4.400924250488357e-15 1.312008510787626e-14 1.345249230925732e-15 -9.808126533172867e-15 -1.619321447521691e-15 -9.899494936611498 -8.366600265339901 6.480740698407632 3.741657386773941
8.881784197001252e-16 4.582575694955743 8.001818608757705e-16 6.999999999999822 -7.444674217371713e-16 -1.972026594367349 -7.865344660296092e-16 -9.701088140569974 4.32871472606986e-14 3.024319872876411e-16 -1.570373605458419e-13 4.497070905795059e-17 -4.259527068851398e-14 -1.110435113557141e-16 1.562550002581764e-13 -2.366408426832363e-17 7.656202061223667e-15 -1.773048045522808e-14 -1.682248090828509e-14 -8.879253179618904e-15 7.704774318550973e-15 1.759326780094404e-14 -1.72327430103536e-14 9.030619701350808e-15 -7.656202061223667e-15 1.773048045522808e-14 1.671145860582257e-14 8.879253179618904e-15 -7.539108226595188e-15 -1.737925995074732e-14 1.675829613967394e-14 -9.173816399878483e-15 4.415885040048104e-15 -1.070157286024462e-14 -4.649058915617843e-16 -2.232530020406498e-15 -2.060746352022449e-14 -5.188414239043621e-15 7.965850201685498e-15 4.054421620466501e-16 -2.019531424982e-14 5.702204469843611e-15 7.771561172376096e-15 2.154486794807463e-17 3.748595745107503e-15 1.006233616706141e-14 6.938893903907228e-18 2.127209247674159e-15 -3.513081876304936e-15 9.817731249234435e-15 5.204170427930421e-16 2.454574625331529e-15 2.060746352022449e-14 5.188414239043621e-15 -7.965850201685498e-15 -4.054421620466501e-16 2.019531424982e-14 -5.702204469843611e-15 -7.771561172376096e-15 -2.154486794807463e-17 -3.562147265638805e-15 -9.907985786157279e-15 1.387778780781446e-17 -1.929188102576095e-15
-6.800116025829084e-15 2.220446049250313e-16 4.498137973207861e-15 2.320192649118979e-17 1.972026594367352 8.005748841632965e-16 -1.501576640805524e-14 -3.561604136614882e-16 -9.761033642897202 -1.178511301977963 6.39009650422675 0.5270462766949552 -9.761033642897202 1.178511301977965 6.39009650422675 -0.5270462766949539 -5.916079783098962 4.99999999999902 3.872983346206948 -2.236067977499573 -7.888106377466324 -6.666666666666237 5.163977794943267 2.981423969999823 -7.888106377466319 6.666666666666237 5.163977794943266 -2.981423969999823 -5.916079783098962 -4.999999999999021 3.872983346206947 2.236067977499573 -8.36660026533988 7.071067811864125 5.477225575050991 -3.162277660168095 1.844367985060092e-14 6.542021386295046e-15 -7.001343949042393e-15 -1.14852188951779e-15 2.078409892182641e-14 -4.657137052350273e-15 -8.489736691430494e-15 -1.037544452260604e-15 -11.15546702045464 -9.428090415820074 7.302967433402282 4.216370213558017 -11.15546702045464 9.428090415820073 7.30296743340228 -4.216370213558014 2.111283703036333e-14 4.526522395271215e-15 -8.743006318923108e-15 5.564137649591092e-16 1.864484794686977e-14 -6.599547243950624e-15 -6.737665980693919e-15 1.093013397150368e-15 -8.36660026533988 -7.071067811864124 5.477225575050989 3.162277660168095
0 -2.999999999999888 2.077265751592258e-16 -4.582575694955755 -2.618648539669826e-17 3.247431941743988e-14 1.094782440533371e-16 -5.196152422706529 2.665107295136949e-15 8.627478975418576e-15 9.31328600265382e-16 1.05896757588609e-14 -3.338718357076632e-15 8.838880871673349e-15 -9.720502400383566e-16 1.049666666195299e-14 -1.073447446520336e-14 2.354490003237257e-15 -4.262492781327059e-15 4.67696068270529e-15 1.05779492681596e-14 5.136294534256983e-15 8.619952010208379e-15 2.938255445065801e-15 -1.090842122406805e-14 4.825876255179125e-15 -8.079650282010916e-15 3.291886164276908e-15 1.066601629012166e-14 2.00892624627679e-15 4.599649046524127e-15 4.382005487508626e-15 1.570092458683772e-16 6.515398003037973e-15 -4.32355393987503e-15 -1.464201270729466e-15 1.785980171752789e-15 -6.31344094595097e-15 -3.244771551565572e-15 4.46782298633063e-15 -9.02803163743168e-15 -4.306084890206899e-15 7.437138337222031e-15 3.307535529064186e-15 -9.420554752102624e-16 8.862643216419313e-15 6.897226431694458e-15 -2.215258316249168e-15 7.065416064076966e-16 8.591171098641801e-15 -6.660366496199955e-15 -2.317134661590925e-15 8.69438698996138e-15 -4.189151471428632e-15 -7.286174370421377e-15 3.439133205696543e-15 -2.198129442157278e-15 -6.635876952979523e-15 3.591741276017332e-15 4.436886592570543e-15 -3.042054138699807e-16 6.40212715998779e-15 4.414590212873682e-15 -1.388423698317606e-15
-1.967176421757699e-15 -1.734723475976807e-16 1.325155263298683e-14 3.637498288688867e-17 9.701088140569981 5.941427905220564e-17 5.196152422706534 -2.660632131279428e-16 -3.118047822311525 -5.797509043641421 2.041241452319205 2.592724864350667 -3.118047822311524 5.79750904364142 2.041241452319203 -2.592724864350667 2.645751311064585 -2.236067977499583 -1.732050807568846 1.000000000000008 -7.055336829505448 -5.962847939998809 4.618802153516841 2.666666666666664 -7.055336829505447 5.962847939998809 4.618802153516842 -2.666666666666665 2.645751311064585 2.236067977499583 -1.732050807568846 -1.000000000000008 3.741657386773946 -3.162277660168111 -2.449489742783136 1.414213562373119 1.393457057081847e-15 5.8985562870356e-15 -1.315354075659414e-15 -4.013022643072105e-15 8.70910660676154e-15 1.432050101759067e-15 -8.435960263675213e-15 -1.378930309346751e-15 -9.977753031397047 -8.432740427114846 6.531972647421606 3.771236166328269 -9.977753031397045 8.432740427114844 6.531972647421607 -3.771236166328269 8.694386989961378e-15 -1.295840604830482e-15 -8.414709901094497e-15 1.41086961608356e-15 1.550466302950224e-15 -6.047048681415475e-15 -1.207801220148852e-15 4.259662077724583e-15 3.741657386773945 3.162277660168111 -2.449489742783135 -1.414213562373119
-2.220446049250313e-16 3.240370349203864 2.168404344971009e-16 4.949747468305699 -2.06137190650324e-14 9.761033642897182 -2.914335439641036e-16 3.118047822311521 -3.261280134836397e-16 -9.860132971833663 7.771561172376096e-16 -16.75642497007543 4.85722573273506e-17 5.916079783098951 -2.775557561562891e-16 -2.645751311064573 4.949747468305824 -4.183300132669921 -3.240370349204114 1.870828693386964 -4.949747468305824 -4.183300132669921 3.240370349204114 1.870828693386963 -4.949747468305725 4.183300132669921 3.240370349203813 -1.870828693386964 4.949747468305725 4.183300132669921 -3.240370349203813 -1.870828693386964 6.999999999999892 -5.916079783099047 -4.582575694955725 2.645751311064582 1.256073966947018e-15 3.507547653467774e-14 -3.719247132494274e-14 9.79610504115429e-15 -4.7102773760513e-16 3.533638447448572e-14 3.780309398848658e-14 9.152348966042726e-15 -6.999999999999893 -5.916079783099048 4.582575694955725 2.645751311064582 -6.999999999999893 5.916079783099012 4.582575694955688 -2.645751311064592 0 0 0 0 0 0 0 0 6.999999999999893 5.916079783099012 -4.582575694955688 -2.645751311064592
-1.110223024625157e-14 -2.738612787525534 2.333203075188806e-16 -4.183300132669913 3.469446951953614e-17 1.17851130197796 -2.602085213965211e-15 5.797509043641412 9.86013297183367 4.649058915617843e-16 -3.872983346206938 -1.054711873393899e-15 -5.916079783098952 -2.775557561562891e-16 3.872983346206929 1.509209424099822e-16 -15.33876715312461 -5.892556509887982 10.04158022092806 2.635231383473961 -15.33876715312461 5.892556509887981 10.04158022092806 -2.63523138347396 -4.18330013266992 3.535533905932043 2.738612787525492 -1.581138830084045 -4.18330013266992 -3.535533905932043 2.738612787525492 1.581138830084045 -5.916079783099006 4.999999999999087 3.872983346206989 -2.236067977499588 -15.77621275493276 -13.33333333333259 10.3279555898866 5.962847939999696 -15.77621275493276 13.33333333333259 10.3279555898866 -5.962847939999695 -5.916079783099006 -4.999999999999086 3.872983346206989 2.236067977499588 -5.916079783099009 4.999999999999053 3.872983346206951 -2.236067977499596 0 0 0 0 0 0 0 0 -5.916079783099009 -4.999999999999053 3.872983346206951 2.236067977499596
-1.110223024625157e-16 -2.121320343559563 -1.045517838971222e-14 -3.240370349203809 1.47124933763676e-13 -6.390096504226742 -2.768618667658984e-15 -2.041241452319202 -6.245004513516506e-17 3.872983346206987 -2.220446049250313e-16 -12.12435565298193 -2.012279232133096e-16 -3.872983346206929 8.326672684688674e-17 1.732050807568842 -3.24037034920381 2.738612787525515 2.121320343559541 -1.224744871391545 3.240370349203811 2.738612787525515 -2.12132034355954 -1.224744871391546 3.240370349203815 -2.738612787525494 -2.121320343559537 1.224744871391568 -3.240370349203815 -2.738612787525494 2.121320343559537 1.224744871391568 -4.582575694955721 3.872983346206972 2.999999999999862 -1.732050807568847 1.004859173557613e-14 9.216691462173037e-15 1.645027933449879e-15 5.615135099858775e-15 -1.067662871904964e-14 9.00734580101511e-15 -5.75418115800434e-16 4.315014845473641e-15 4.58257569495572 3.87298334620697 -2.999999999999862 -1.732050807568847 4.582575694955707 -3.872983346206968 -2.99999999999986 1.732050807568855 0 0 0 0 0 0 0 0 -4.582575694955707 -3.872983346206968 2.99999999999986 1.732050807568855
-2.55351295663786e-15 1.224744871391592 4.616966531312272e-15 1.870828693386942 -1.179611963664229e-16 -0.5270462766949525 -2.023381462379348e-14 -2.592724864350661 16.75642497007547 1.245531455751347e-15 12.12435565298195 6.609296443471635e-16 2.645751311064573 9.020562075079397e-17 -1.732050807568842 0 -8.106924338010041 -10.01387925719885 5.307227776029993 4.478342947514798 -8.106924338010041 10.01387925719886 5.307227776029993 -4.478342947514798 1.870828693386964 -1.581138830084046 -1.224744871391567 0.7071067811865577 1.870828693386964 1.581138830084046 -1.224744871391567 -0.7071067811865577 2.645751311064609 -2.236067977499603 -1.732050807568862 1.000000000000011 -14.110673659011 -11.92569587999772 9.237604307033742 5.333333333333363 -14.110673659011 11.92569587999771 9.23760430703374 -5.333333333333361 2.645751311064609 2.236067977499603 -1.732050807568862 -1.000000000000011 2.645751311064599 -2.236067977499602 -1.732050807568852 1.000000000000019 0 0 0 0 0 0 0 0 2.645751311064599 2.236067977499602 -1.732050807568852 -1.000000000000019
-2.220446049250313e-16 3.240370349203863 1.240327285323417e-16 4.949747468305699 2.01271291300209e-14 9.761033642897182 5.065392549852277e-16 3.11804782231152 4.85722573273506e-17 5.916079783098951 -2.775557561562891e-16 -2.645751311064573 -3.261280134836397e-16 -9.860132971833663 7.771561172376096e-16 -16.75642497007543 -4.949747468305725 4.183300132669921 3.240370349203813 -1.870828693386964 4.949747468305725 4.183300132669921 -3.240370349203813 -1.870828693386964 4.949747468305824 -4.183300132669921 -3.240370349204114 1.870828693386964 -4.949747468305824 -4.183300132669921 3.240370349204114 1.870828693386963 -6.999999999999893 5.916079783099012 4.582575694955688 -2.645751311064592 0 0 0 0 0 0 0 0 6.999999999999893 5.916079783099012 -4.582575694955688 -2.645751311064592 6.999999999999892 -5.916079783099047 -4.582575694955725 2.645751311064582 1.256073966947018e-15 3.507547653467774e-14 -3.719247132494274e-14 9.79610504115429e-15 -4.7102773760513e-16 3.533638447448572e-14 3.780309398848658e-14 9.152348966042726e-15 -6.999999999999893 -5.916079783099048 4.582575694955725 2.645751311064582
-1.088018564132653e-14 2.738612787525533 -6.730727086790012e-16 4.183300132669912 -3.946495907847236e-16 -1.178511301977962 -2.709638069475773e-15 -5.797509043641414 -5.916079783098952 -2.775557561562891e-16 3.872983346206929 1.509209424099822e-16 9.86013297183367 4.649058915617843e-16 -3.872983346206938 -1.054711873393899e-15 -4.18330013266992 3.535533905932043 2.738612787525492 -1.581138830084045 -4.18330013266992 -3.535533905932043 2.738612787525492 1.581138830084045 -15.33876715312461 -5.892556509887982 10.04158022092806 2.635231383473961 -15.33876715312461 5.892556509887981 10.04158022092806 -2.63523138347396 -5.916079783099009 4.999999999999053 3.872983346206951 -2.236067977499596 0 0 0 0 0 0 0 0 -5.916079783099009 -4.999999999999053 3.872983346206951 2.236067977499596 -5.916079783099006 4.999999999999087 3.872983346206989 -2.236067977499588 -15.77621275493276 -13.33333333333259 10.3279555898866 5.962847939999696 -15.77621275493276 13.33333333333259 10.3279555898866 -5.962847939999695 -5.916079783099006 -4.999999999999086 3.872983346206989 2.236067977499588
-1.110223024625157e-16 -2.121320343559564 1.104411700980634e-14 -3.240370349203809 -1.468829398387772e-13 -6.390096504226741 2.688821387764051e-15 -2.041241452319202 -2.012279232133096e-16 -3.872983346206929 8.326672684688674e-17 1.732050807568842 -6.245004513516506e-17 3.872983346206987 -2.220446049250313e-16 -12.12435565298193 3.240370349203815 -2.738612787525494 -2.121320343559537 1.224744871391568 -3.240370349203815 -2.738612787525494 2.121320343559537 1.224744871391568 -3.24037034920381 2.738612787525515 2.121320343559541 -1.224744871391545 3.240370349203811 2.738612787525515 -2.12132034355954 -1.224744871391546 4.582575694955707 -3.872983346206968 -2.99999999999986 1.732050807568855 0 0 0 0 0 0 0 0 -4.582575694955707 -3.872983346206968 2.99999999999986 1.732050807568855 -4.582575694955721 3.872983346206972 2.999999999999862 -1.732050807568847 1.004859173557613e-14 9.216691462173037e-15 1.645027933449879e-15 5.615135099858775e-15 -1.067662871904964e-14 9.00734580101511e-15 -5.75418115800434e-16 4.315014845473641e-15 4.58257569495572 3.87298334620697 -2.999999999999862 -1.732050807568847
-2.55351295663786e-15 -1.224744871391592 5.147791914961175e-15 -1.870828693386942 5.269222558279552e-17 0.5270462766949535 -2.012452704480694e-14 2.592724864350662 2.645751311064573 9.020562075079397e-17 -1.732050807568842 0 16.75642497007547 1.245531455751347e-15 12.12435565298195 6.609296443471635e-16 1.870828693386964 -1.581138830084046 -1.224744871391567 0.7071067811865577 1.870828693386964 1.581138830084046 -1.224744871391567 -0.7071067811865577 -8.106924338010041 -10.01387925719885 5.307227776029993 4.478342947514798 -8.106924338010041 10.01387925719886 5.307227776029993 -4.478342947514798 2.645751311064599 -2.236067977499602 -1.732050807568852 1.000000000000019 0 0 0 0 0 0 0 0 2.645751311064599 2.236067977499602 -1.732050807568852 -1.000000000000019 2.645751311064609 -2.236067977499603 -1.732050807568862 1.000000000000011 -14.110673659011 -11.92569587999772 9.237604307033742 5.333333333333363 -14.110673659011 11.92569587999771 9.23760430703374 -5.333333333333361 2.645751311064609 2.236067977499603 -1.732050807568862 -1.000000000000011
-4.440892098500626e-16 4.582575694955763 1.313012198966845e-14 6.999999999999823 1.432100965592653e-14 5.916079783098945 -5.453970608471082e-15 -2.645751311064576 -4.949747468305723 15.33876715312451 3.240370349203818 8.106924338010032 4.949747468305726 4.183300132669921 -3.240370349203816 -1.870828693386964 -1.443289932012704e-15 -19.72026594366743 -2.775557561562891e-15 -33.51284994015096 -6.999999999999871 5.916079783098991 4.58257569495569 -2.64575131106459 0 0 0 0 6.999999999999871 5.916079783098991 -4.58257569495569 -2.64575131106459 9.899494936611728 -8.36660026533993 -6.480740698408257 3.741657386773959 -9.899494936611728 -8.36660026533993 6.480740698408257 3.741657386773955 -9.899494936611545 8.366600265339928 6.480740698407668 -3.741657386773956 0 0 0 0 0 0 0 0 0 0 0 0 0 0 0 0 9.899494936611545 8.366600265339928 -6.480740698407668 -3.741657386773956
-2.353672812205332e-14 -3.872983346206991 -1.546159034138128e-14 -5.916079783098962 8.743006318923108e-15 -4.999999999999014 -1.769417945496343e-15 2.236067977499583 4.18330013266992 5.892556509887977 -2.738612787525484 10.01387925719882 -4.183300132669921 -3.535533905932042 2.738612787525494 1.581138830084046 19.72026594366746 1.554312234475219e-15 -7.745966692413827 -8.326672684688674e-17 -5.91607978309899 4.999999999999035 3.872983346206951 -2.236067977499593 0 0 0 0 -5.91607978309899 -4.999999999999035 3.872983346206951 2.236067977499593 -30.67753430624949 -11.78511301977608 20.08316044185624 5.270462766947964 -30.67753430624948 11.78511301977608 20.08316044185624 -5.270462766947962 -8.366600265339924 7.071067811864159 5.477225575051021 -3.162277660168117 0 0 0 0 0 0 0 0 0 0 0 0 0 0 0 0 -8.366600265339924 -7.071067811864159 5.477225575051021 3.162277660168117
-6.661338147750939e-16 -2.9999999999999 -1.777831354354831e-14 -4.582575694955648 9.01882735160342e-15 -3.87298334620694 1.271205363195804e-14 1.732050807568842 3.240370349204082 -10.04158022092803 -2.121320343559546 -5.307227776029987 -3.240370349203813 -2.738612787525493 2.121320343559537 1.224744871391567 4.440892098500626e-16 7.745966692414031 1.221245327087672e-15 -24.24871130596395 4.58257569495569 -3.872983346206952 -2.999999999999858 1.732050807568852 0 0 0 0 -4.58257569495569 -3.872983346206952 2.999999999999858 1.732050807568852 -6.480740698407685 5.477225575051069 4.242640687119099 -2.449489742783119 6.480740698407683 5.477225575051071 -4.242640687119099 -2.449489742783119 6.480740698407689 -5.477225575051042 -4.242640687119099 2.449489742783153 0 0 0 0 0 0 0 0 0 0 0 0 0 0 0 0 -6.480740698407689 -5.477225575051042 4.242640687119099 2.449489742783153
-2.886579864025407e-15 1.732050807568886 -2.765149220707031e-15 2.64575131106457 2.300980586622536e-14 2.236067977499558 -9.287709490379825e-15 -1.000000000000002 -1.870828693386964 -2.635231383473956 1.224744871391519 -4.478342947514782 1.870828693386964 1.581138830084046 -1.224744871391568 -0.7071067811865579 33.51284994015112 2.720046410331634e-15 24.24871130596399 1.346145417358002e-15 2.64575131106459 -2.236067977499594 -1.732050807568851 1.000000000000018 0 0 0 0 2.64575131106459 2.236067977499594 -1.732050807568851 -1.000000000000018 -16.2138486760202 -20.02775851439788 10.61445555206005 8.956685895029661 -16.2138486760202 20.02775851439788 10.61445555206005 -8.956685895029661 3.741657386773964 -3.162277660168124 -2.449489742783149 1.414213562373125 0 0 0 0 0 0 0 0 0 0 0 0 0 0 0 0 3.741657386773964 3.162277660168124 -2.449489742783149 -1.414213562373125
-2.220446049250313e-16 -1.301736496372996e-14 8.602493717368986e-15 -9.872528142218506e-15 1.254465281652628e-14 7.8881063774663 1.200428645375951e-14 7.05533682950543 4.949747468305725 15.33876715312451 -3.240370349203819 8.10692433801003 -4.949747468305726 4.183300132669921 3.240370349203816 -1.870828693386964 6.999999999999871 5.916079783098991 -4.58257569495569 -2.64575131106459 -1.443289932012704e-15 -19.72026594366743 -2.775557561562891e-15 -33.51284994015096 -6.999999999999871 5.916079783098991 4.58257569495569 -2.64575131106459 0 0 0 0 0 0 0 0 9.899494936611545 8.366600265339928 -6.480740698407668 -3.741657386773956 9.899494936611728 -8.36660026533993 -6.480740698408257 3.741657386773959 -9.899494936611728 -8.36660026533993 6.480740698408257 3.741657386773955 -9.899494936611545 8.366600265339928 6.480740698407668 -3.741657386773956 0 0 0 0 0 0 0 0 0 0 0 0
-2.353672812205332e-14 7.008282842946301e-15 1.342849442753646e-14 -2.045585922871851e-14 -9.18709552877317e-15 6.666666666666226 5.336009412104659e-15 5.962847939998787 4.183300132669922 -5.892556509887975 -2.738612787525484 -10.01387925719882 -4.183300132669921 3.535533905932042 2.738612787525494 -1.581138830084046 -5.91607978309899 -4.999999999999035 3.872983346206951 2.236067977499593 19.72026594366746 1.554312234475219e-15 -7.745966692413827 -8.326672684688674e-17 -5.91607978309899 4.999999999999035 3.872983346206951 -2.236067977499593 0 0 0 0 0 0 0 0 -8.366600265339924 -7.071067811864159 5.477225575051021 3.162277660168117 -30.67753430624949 -11.78511301977608 20.08316044185624 5.270462766947964 -30.67753430624948 11.78511301977608 20.08316044185624 -5.270462766947962 -8.366600265339924 7.071067811864159 5.477225575051021 -3.162277660168117 0 0 0 0 0 0 0 0 0 0 0 0
-7.771561172376096e-16 1.255939796607208e-14 -8.565197162635485e-15 -2.413434035952733e-15 6.354292092503044e-15 -5.163977794943255 -2.103872631664672e-14 -4.618802153516832 -3.240370349204081 -10.04158022092803 2.121320343559541 -5.307227776029989 3.240370349203813 -2.738612787525493 -2.121320343559537 1.224744871391567 -4.58257569495569 -3.872983346206952 2.999999999999858 1.732050807568852 4.440892098500626e-16 7.745966692414031 1.221245327087672e-15 -24.24871130596395 4.58257569495569 -3.872983346206952 -2.999999999999858 1.732050807568852 0 0 0 0 0 0 0 0 -6.480740698407689 -5.477225575051042 4.242640687119099 2.449489742783153 -6.480740698407685 5.477225575051069 4.242640687119099 -2.449489742783119 6.480740698407683 5.477225575051071 -4.242640687119099 -2.449489742783119 6.480740698407689 -5.477225575051042 -4.242640687119099 2.449489742783153 0 0 0 0 0 0 0 0 0 0 0 0
-2.886579864025407e-15 2.80331313717852e-15 6.848688283156434e-15 -4.243187832347894e-15 -2.345389507607543e-14 -2.981423969999808 -7.677886104673348e-15 -2.666666666666664 -1.870828693386965 2.635231383473955 1.22474487139152 4.478342947514784 1.870828693386964 -1.581138830084046 -1.224744871391568 0.7071067811865579 2.64575131106459 2.236067977499594 -1.732050807568851 -1.000000000000018 33.51284994015112 2.720046410331634e-15 24.24871130596399 1.346145417358002e-15 2.64575131106459 -2.236067977499594 -1.732050807568851 1.000000000000018 0 0 0 0 0 0 0 0 3.741657386773964 3.162277660168124 -2.449489742783149 -1.414213562373125 -16.2138486760202 -20.02775851439788 10.61445555206005 8.956685895029661 -16.2138486760202 20.02775851439788 10.61445555206005 -8.956685895029661 3.741657386773964 -3.162277660168124 -2.449489742783149 1.414213562373125 0 0 0 0 0 0 0 0 0 0 0 0
-2.220446049250313e-16 -1.304512053934559e-14 -9.521897159636694e-15 -9.569818895660553e-15 -1.40243719415345e-14 7.888106377466302 -1.18099974244501e-14 7.055336829505433 4.949747468305726 4.183300132669921 -3.240370349203816 -1.870828693386964 -4.949747468305723 15.33876715312451 3.240370349203818 8.106924338010032 0 0 0 0 6.999999999999871 5.916079783098991 -4.58257569495569 -2.64575131106459 -1.443289932012704e-15 -19.72026594366743 -2.775557561562891e-15 -33.51284994015096 -6.999999999999871 5.916079783098991 4.58257569495569 -2.64575131106459 0 0 0 0 0 0 0 0 0 0 0 0 9.899494936611545 8.366600265339928 -6.480740698407668 -3.741657386773956 9.899494936611728 -8.36660026533993 -6.480740698408257 3.741657386773959 -9.899494936611728 -8.36660026533993 6.480740698408257 3.741657386773955 -9.899494936611545 8.366600265339928 6.480740698407668 -3.741657386773956 0 0 0 0
-2.353672812205332e-14 -6.883382752675971e-15 1.373727520626034e-14 2.006858221270669e-14 -8.07340305719606e-15 -6.666666666666226 5.842548667089886e-15 -5.962847939998785 -4.183300132669921 -3.535533905932042 2.738612787525494 1.581138830084046 4.18330013266992 5.892556509887977 -2.738612787525484 10.01387925719882 0 0 0 0 -5.91607978309899 -4.999999999999035 3.872983346206951 2.236067977499593 19.72026594366746 1.554312234475219e-15 -7.745966692413827 -8.326672684688674e-17 -5.91607978309899 4.999999999999035 3.872983346206951 -2.236067977499593 0 0 0 0 0 0 0 0 0 0 0 0 -8.366600265339924 -7.071067811864159 5.477225575051021 3.162277660168117 -30.67753430624949 -11.78511301977608 20.08316044185624 5.270462766947964 -30.67753430624948 11.78511301977608 20.08316044185624 -5.270462766947962 -8.366600265339924 7.071067811864159 5.477225575051021 -3.162277660168117 0 0 0 0
-7.771561172376096e-16 1.230959778553142e-14 9.951241219940954e-15 -6.531233887052679e-16 -9.063930161978817e-15 -5.163977794943258 2.049749259214195e-14 -4.618802153516828 -3.240370349203813 -2.738612787525493 2.121320343559537 1.224744871391567 3.240370349204082 -10.04158022092803 -2.121320343559546 -5.307227776029987 0 0 0 0 -4.58257569495569 -3.872983346206952 2.999999999999858 1.732050807568852 4.440892098500626e-16 7.745966692414031 1.221245327087672e-15 -24.24871130596395 4.58257569495569 -3.872983346206952 -2.999999999999858 1.732050807568852 0 0 0 0 0 0 0 0 0 0 0 0 -6.480740698407689 -5.477225575051042 4.242640687119099 2.449489742783153 -6.480740698407685 5.477225575051069 4.242640687119099 -2.449489742783119 6.480740698407683 5.477225575051071 -4.242640687119099 -2.449489742783119 6.480740698407689 -5.477225575051042 -4.242640687119099 2.449489742783153 0 0 0 0
-2.886579864025407e-15 -2.581268532253489e-15 7.032568971609976e-15 3.782076648389809e-15 -2.289878356376285e-14 2.981423969999809 -6.310924005603624e-15 2.666666666666665 1.870828693386964 1.581138830084046 -1.224744871391568 -0.7071067811865579 -1.870828693386964 -2.635231383473956 1.224744871391519 -4.478342947514782 0 0 0 0 2.64575131106459 2.236067977499594 -1.732050807568851 -1.000000000000018 33.51284994015112 2.720046410331634e-15 24.24871130596399 1.346145417358002e-15 2.64575131106459 -2.236067977499594 -1.732050807568851 1.000000000000018 0 0 0 0 0 0 0 0 0 0 0 0 3.741657386773964 3.162277660168124 -2.449489742783149 -1.414213562373125 -16.2138486760202 -20.02775851439788 10.61445555206005 8.956685895029661 -16.2138486760202 20.02775851439788 10.61445555206005 -8.956685895029661 3.741657386773964 -3.162277660168124 -2.449489742783149 1.414213562373125 0 0 0 0
-4.440892098500626e-16 4.582575694955763 -1.309022334972099e-14 6.999999999999826 -1.307981500886513e-14 5.916079783098946 6.113165529342268e-15 -2.645751311064577 -4.949747468305726 4.183300132669921 3.240370349203816 -1.870828693386964 4.949747468305725 15.33876715312451 -3.240370349203819 8.10692433801003 -6.999999999999871 5.916079783098991 4.58257569495569 -2.64575131106459 0 0 0 0 6.999999999999871 5.916079783098991 -4.58257569495569 -2.64575131106459 -1.443289932012704e-15 -19.72026594366743 -2.775557561562891e-15 -33.51284994015096 -9.899494936611545 8.366600265339928 6.480740698407668 -3.741657386773956 0 0 0 0 0 0 0 0 0 0 0 0 0 0 0 0 9.899494936611545 8.366600265339928 -6.480740698407668 -3.741657386773956 9.899494936611728 -8.36660026533993 -6.480740698408257 3.741657386773959 -9.899494936611728 -8.36660026533993 6.480740698408257 3.741657386773955
-2.375877272697835e-14 3.872983346206989 -1.489433576473687e-14 5.916079783098962 8.921682836948719e-15 4.999999999999014 -1.949829186997931e-15 -2.236067977499582 -4.183300132669921 3.535533905932042 2.738612787525494 -1.581138830084046 4.183300132669922 -5.892556509887975 -2.738612787525484 -10.01387925719882 -5.91607978309899 4.999999999999035 3.872983346206951 -2.236067977499593 0 0 0 0 -5.91607978309899 -4.999999999999035 3.872983346206951 2.236067977499593 19.72026594366746 1.554312234475219e-15 -7.745966692413827 -8.326672684688674e-17 -8.366600265339924 7.071067811864159 5.477225575051021 -3.162277660168117 0 0 0 0 0 0 0 0 0 0 0 0 0 0 0 0 -8.366600265339924 -7.071067811864159 5.477225575051021 3.162277660168117 -30.67753430624949 -11.78511301977608 20.08316044185624 5.270462766947964 -30.67753430624948 11.78511301977608 20.08316044185624 -5.270462766947962
-6.661338147750939e-16 -2.999999999999901 1.729085624679882e-14 -4.582575694955648 -6.95450641519102e-15 -3.872983346206938 -1.408942407188363e-14 1.732050807568841 3.240370349203813 -2.738612787525493 -2.121320343559537 1.224744871391567 -3.240370349204081 -10.04158022092803 2.121320343559541 -5.307227776029989 4.58257569495569 -3.872983346206952 -2.999999999999858 1.732050807568852 0 0 0 0 -4.58257569495569 -3.872983346206952 2.999999999999858 1.732050807568852 4.440892098500626e-16 7.745966692414031 1.221245327087672e-15 -24.24871130596395 6.480740698407689 -5.477225575051042 -4.242640687119099 2.449489742783153 0 0 0 0 0 0 0 0 0 0 0 0 0 0 0 0 -6.480740698407689 -5.477225575051042 4.242640687119099 2.449489742783153 -6.480740698407685 5.477225575051069 4.242640687119099 -2.449489742783119 6.480740698407683 5.477225575051071 -4.242640687119099 -2.449489742783119
-2.886579864025407e-15 -1.732050807568885 -2.278125604826542e-15 -2.645751311064569 2.327001438762188e-14 -2.236067977499558 -1.013078509970455e-14 1.000000000000002 1.870828693386964 -1.581138830084046 -1.224744871391568 0.7071067811865579 -1.870828693386965 2.635231383473955 1.22474487139152 4.478342947514784 2.64575131106459 -2.236067977499594 -1.732050807568851 1.000000000000018 0 0 0 0 2.64575131106459 2.236067977499594 -1.732050807568851 -1.000000000000018 33.51284994015112 2.720046410331634e-15 24.24871130596399 1.346145417358002e-15 3.741657386773964 -3.162277660168124 -2.449489742783149 1.414213562373125 0 0 0 0 0 0 0 0 0 0 0 0 0 0 0 0 3.741657386773964 3.162277660168124 -2.449489742783149 -1.414213562373125 -16.2138486760202 -20.02775851439788 10.61445555206005 8.956685895029661 -16.2138486760202 20.02775851439788 10.61445555206005 -8.956685895029661
0 6.480740698407787 3.156849781582594e-14 9.899494936611438 7.449423022887203e-14 8.366600265339811 -4.672651154891128e-14 -3.741657386773915 -6.999999999999807 5.916079783098938 4.582575694955636 -2.645751311064567 6.999999999999892 5.916079783099009 -4.582575694955707 -2.645751311064598 -9.89949493661141 30.67753430624918 6.480740698407718 16.21384867602014 0 0 0 0 0 0 0 0 9.899494936611545 8.366600265339924 -6.480740698407688 -3.741657386773963 0 -39.44053188733527 0 -67.02569988030224 -13.99999999999992 11.83215956619814 9.165151389911468 -5.291502622129236 0 0 0 0 0 0 0 0 0 0 0 0 0 0 0 0 0 0 0 0 13.99999999999992 11.83215956619814 -9.165151389911468 -5.291502622129236
-8.171241461241152e-14 -5.477225575051012 -1.158066698092597e-13 -8.366600265339807 -1.500188862024743e-14 -7.071067811864115 3.687328220536301e-14 3.162277660168101 5.916079783099035 -4.999999999999075 -3.87298334620698 2.236067977499613 -5.916079783099012 -4.999999999999052 3.872983346206968 2.236067977499602 8.366600265339926 11.78511301977606 -5.477225575050977 20.02775851439775 0 0 0 0 0 0 0 0 -8.36660026533993 -7.07106781186416 5.47722557505104 3.162277660168124 39.44053188733538 0 -15.49193338482749 1.77635683940025e-15 -11.83215956619814 9.999999999998208 7.745966692413983 -4.472135954999238 0 0 0 0 0 0 0 0 0 0 0 0 0 0 0 0 0 0 0 0 -11.83215956619814 -9.999999999998208 7.745966692413983 4.472135954999238
0 -4.242640687119166 -2.025116185855325e-14 -6.480740698407603 -4.079722670802255e-14 -5.477225575050954 2.74572031777609e-14 2.449489742783119 4.582575694955688 -3.872983346206959 -2.999999999999821 1.732050807568842 -4.58257569495569 -3.872983346206951 2.99999999999986 1.732050807568852 6.480740698408134 -20.08316044185612 -4.242640687119123 -10.61445555206002 0 0 0 0 0 0 0 0 -6.480740698407669 -5.477225575051022 4.242640687119099 2.44948974278315 0 15.49193338482816 4.440892098500626e-15 -48.49742261192811 9.165151389911466 -7.745966692413981 -5.999999999999756 3.46410161513773 0 0 0 0 0 0 0 0 0 0 0 0 0 0 0 0 0 0 0 0 -9.165151389911466 -7.745966692413981 5.999999999999756 3.46410161513773
1.554312234475219e-15 2.449489742783193 8.994541222939745e-16 3.741657386773935 1.708138838707463e-14 3.162277660168082 -2.796374243274613e-15 -1.414213562373116 -2.645751311064531 2.236067977499541 1.73205080756883 -0.9999999999999943 2.645751311064593 2.236067977499596 -1.732050807568855 -1.000000000000019 -3.741657386773953 -5.27046276694795 2.449489742783025 -8.956685895029599 0 0 0 0 0 0 0 0 3.741657386773956 3.162277660168116 -2.449489742783153 -1.414213562373126 67.0256998803028 0 48.49742261192822 3.552713678800501e-15 5.291502622129234 -4.472135954999236 -3.464101615137731 2.000000000000053 0 0 0 0 0 0 0 0 0 0 0 0 0 0 0 0 0 0 0 0 5.291502622129234 4.472135954999236 -3.464101615137731 -2.000000000000053
0 -1.595945597898663e-14 3.437874984690836e-14 -3.325876900273084e-14 -3.738329090730019e-15 7.542577673547157e-15 -1.455779941039737e-14 -4.484693866269041e-15 8.196221479295218e-14 15.77621275493266 9.597878047884478e-14 14.11067365901091 0 0 0 0 9.899494936611411 30.67753430624918 -6.480740698407721 16.21384867602013 -9.899494936611545 8.366600265339924 6.480740698407688 -3.741657386773963 0 0 0 0 0 0 0 0 13.99999999999992 11.83215956619814 -9.165151389911468 -5.291502622129236 0 -39.44053188733527 0 -67.02569988030224 -13.99999999999992 11.83215956619814 9.165151389911468 -5.291502622129236 0 0 0 0 0 0 0 0 0 0 0 0 0 0 0 0 0 0 0 0
-8.171241461241152e-14 8.631984016460592e-14 -1.48318857196017e-14 -6.134199051488487e-14 6.560724186144284e-14 -5.452929774385495e-14 -6.521172490892013e-14 3.548366028088834e-14 -2.300937218535637e-14 13.33333333333258 3.341771304121721e-14 11.9256958799976 0 0 0 0 8.366600265339931 -11.78511301977606 -5.477225575050976 -20.02775851439775 -8.36660026533993 7.07106781186416 5.47722557505104 -3.162277660168124 0 0 0 0 0 0 0 0 -11.83215956619814 -9.999999999998208 7.745966692413983 4.472135954999238 39.44053188733538 0 -15.49193338482749 1.77635683940025e-15 -11.83215956619814 9.999999999998208 7.745966692413983 -4.472135954999238 0 0 0 0 0 0 0 0 0 0 0 0 0 0 0 0 0 0 0 0
0 9.325873406851315e-15 -2.113240138434946e-14 1.991148131791354e-14 3.382710778154774e-15 -6.564193633096238e-15 9.846290449644357e-15 2.83247817561838e-15 -6.591949208711867e-15 -10.32795558988655 -5.703770789011742e-14 -9.237604307033694 0 0 0 0 -6.480740698408134 -20.08316044185612 4.242640687119117 -10.61445555206002 6.480740698407669 -5.477225575051022 -4.242640687119099 2.44948974278315 0 0 0 0 0 0 0 0 -9.165151389911466 -7.745966692413981 5.999999999999756 3.46410161513773 0 15.49193338482816 4.440892098500626e-15 -48.49742261192811 9.165151389911466 -7.745966692413981 -5.999999999999756 3.46410161513773 0 0 0 0 0 0 0 0 0 0 0 0 0 0 0 0 0 0 0 0
1.443289932012704e-15 -6.522560269672795e-16 2.610758831345095e-16 -3.733558601171083e-15 2.839308649305039e-15 -1.827097501072572e-15 -6.140921104957897e-15 5.704367100206609e-15 -5.919570389423257e-14 -5.962847939999644 -2.078892613610606e-14 -5.333333333333352 0 0 0 0 -3.741657386773961 5.270462766947939 2.449489742783023 8.956685895029597 3.741657386773956 -3.162277660168116 -2.449489742783153 1.414213562373126 0 0 0 0 0 0 0 0 5.291502622129234 4.472135954999236 -3.464101615137731 -2.000000000000053 67.0256998803028 0 48.49742261192822 3.552713678800501e-15 5.291502622129234 -4.472135954999236 -3.464101615137731 2.000000000000053 0 0 0 0 0 0 0 0 0 0 0 0 0 0 0 0 0 0 0 0
0 -1.573741137406159e-14 2.310998614696302e-14 3.948664312192207e-16 -3.384445501630751e-15 -3.469446951953614e-16 2.98511215746089e-14 -3.460643230313032e-14 -8.612555113529652e-14 15.77621275493266 -9.808820422563258e-14 14.11067365901091 0 0 0 0 9.899494936611545 8.366600265339924 -6.480740698407688 -3.741657386773963 -9.89949493661141 30.67753430624918 6.480740698407718 16.21384867602014 0 0 0 0 0 0 0 0 0 0 0 0 13.99999999999992 11.83215956619814 -9.165151389911468 -5.291502622129236 0 -39.44053188733527 0 -67.02569988030224 -13.99999999999992 11.83215956619814 9.165151389911468 -5.291502622129236 0 0 0 0 0 0 0 0 0 0 0 0 0 0 0 0
-8.171241461241152e-14 5.545564008002657e-14 4.475933512715358e-14 -8.027996670212367e-14 -6.507294703084199e-14 7.404840629554599e-14 -4.994615832032423e-14 -1.88444095397533e-14 -2.278732758043134e-14 -13.33333333333258 3.463895836830488e-14 -11.9256958799976 0 0 0 0 -8.36660026533993 -7.07106781186416 5.47722557505104 3.162277660168124 8.366600265339926 11.78511301977606 -5.477225575050977 20.02775851439775 0 0 0 0 0 0 0 0 0 0 0 0 -11.83215956619814 -9.999999999998208 7.745966692413983 4.472135954999238 39.44053188733538 0 -15.49193338482749 1.77635683940025e-15 -11.83215956619814 9.999999999998208 7.745966692413983 -4.472135954999238 0 0 0 0 0 0 0 0 0 0 0 0 0 0 0 0
0 8.93729534823251e-15 -1.39714628755172e-14 1.443073091578206e-16 3.549244231848547e-15 -1.568190022283034e-15 -1.768724056105953e-14 2.146167358413331e-14 3.122502256758253e-15 -10.32795558988655 5.65381075290361e-14 -9.237604307033694 0 0 0 0 -6.480740698407669 -5.477225575051022 4.242640687119099 2.44948974278315 6.480740698408134 -20.08316044185612 -4.242640687119123 -10.61445555206002 0 0 0 0 0 0 0 0 0 0 0 0 -9.165151389911466 -7.745966692413981 5.999999999999756 3.46410161513773 0 15.49193338482816 4.440892098500626e-15 -48.49742261192811 9.165151389911466 -7.745966692413981 -5.999999999999756 3.46410161513773 0 0 0 0 0 0 0 0 0 0 0 0 0 0 0 0
1.443289932012704e-15 -1.984523656517467e-15 3.071327914216937e-15 -4.358059052522734e-15 -3.263448539181368e-15 4.41443756549198e-15 -5.072331443756184e-15 2.872431025674471e-15 -6.136063879225162e-14 5.962847939999643 -2.328692794151266e-14 5.333333333333353 0 0 0 0 3.741657386773956 3.162277660168116 -2.449489742783153 -1.414213562373126 -3.741657386773953 -5.27046276694795 2.449489742783025 -8.956685895029599 0 0 0 0 0 0 0 0 0 0 0 0 5.291502622129234 4.472135954999236 -3.464101615137731 -2.000000000000053 67.0256998803028 0 48.49742261192822 3.552713678800501e-15 5.291502622129234 -4.472135954999236 -3.464101615137731 2.000000000000053 0 0 0 0 0 0 0 0 0 0 0 0 0 0 0 0
0 -2.087219286295294e-14 5.852957007945747e-15 7.415292338497359e-15 7.36060518091719e-14 11.15546702045455 5.760669719023781e-14 9.977753031397013 6.99999999999981 5.916079783098938 -4.582575694955637 -2.645751311064569 -6.999999999999892 5.916079783099009 4.582575694955707 -2.645751311064598 0 0 0 0 9.899494936611411 30.67753430624918 -6.480740698407721 16.21384867602013 -9.899494936611545 8.366600265339924 6.480740698407688 -3.741657386773963 0 0 0 0 0 0 0 0 0 0 0 0 13.99999999999992 11.83215956619814 -9.165151389911468 -5.291502622129236 0 -39.44053188733527 0 -67.02569988030224 -13.99999999999992 11.83215956619814 9.165151389911468 -5.291502622129236 0 0 0 0 0 0 0 0 0 0 0 0
-8.171241461241152e-14 1.082467449009528e-14 8.345060753534028e-14 -5.035164993283381e-14 1.322553178084718e-14 9.428090415820041 8.683331831349506e-14 8.432740427114704 5.916079783099035 4.999999999999076 -3.87298334620698 -2.236067977499613 -5.916079783099012 4.999999999999052 3.872983346206968 -2.236067977499602 0 0 0 0 8.366600265339931 -11.78511301977606 -5.477225575050976 -20.02775851439775 -8.36660026533993 7.07106781186416 5.47722557505104 -3.162277660168124 0 0 0 0 0 0 0 0 0 0 0 0 -11.83215956619814 -9.999999999998208 7.745966692413983 4.472135954999238 39.44053188733538 0 -15.49193338482749 1.77635683940025e-15 -11.83215956619814 9.999999999998208 7.745966692413983 -4.472135954999238 0 0 0 0 0 0 0 0 0 0 0 0
0 1.273980920757367e-14 -3.833738881908744e-15 -4.831746981681651e-15 -4.035313749817249e-14 -7.302967433402237 -3.489569744274945e-14 -6.531972647421589 -4.582575694955684 -3.872983346206955 2.99999999999982 1.732050807568842 4.58257569495569 -3.872983346206951 -2.99999999999986 1.732050807568852 0 0 0 0 -6.480740698408134 -20.08316044185612 4.242640687119117 -10.61445555206002 6.480740698407669 -5.477225575051022 -4.242640687119099 2.44948974278315 0 0 0 0 0 0 0 0 0 0 0 0 -9.165151389911466 -7.745966692413981 5.999999999999756 3.46410161513773 0 15.49193338482816 4.440892098500626e-15 -48.49742261192811 9.165151389911466 -7.745966692413981 -5.999999999999756 3.46410161513773 0 0 0 0 0 0 0 0 0 0 0 0
1.443289932012704e-15 2.692290834716005e-15 4.727121472036799e-16 5.352922965995432e-15 -1.486094233782431e-14 -4.216370213558003 -1.686151218649456e-15 -3.771236166328267 -2.645751311064533 -2.236067977499541 1.732050807568832 0.9999999999999949 2.645751311064593 -2.236067977499596 -1.732050807568855 1.000000000000019 0 0 0 0 -3.741657386773961 5.270462766947939 2.449489742783023 8.956685895029597 3.741657386773956 -3.162277660168116 -2.449489742783153 1.414213562373126 0 0 0 0 0 0 0 0 0 0 0 0 5.291502622129234 4.472135954999236 -3.464101615137731 -2.000000000000053 67.0256998803028 0 48.49742261192822 3.552713678800501e-15 5.291502622129234 -4.472135954999236 -3.464101615137731 2.000000000000053 0 0 0 0 0 0 0 0 0 0 0 0
0 -2.084443728733731e-14 -5.950101522600448e-15 7.149879646672908e-15 -7.435892179774584e-14 11.15546702045455 -5.707934125354086e-14 9.977753031397011 6.999999999999892 5.916079783099009 -4.582575694955707 -2.645751311064598 -6.999999999999807 5.916079783098938 4.582575694955636 -2.645751311064567 0 0 0 0 9.899494936611545 8.366600265339924 -6.480740698407688 -3.741657386773963 -9.89949493661141 30.67753430624918 6.480740698407718 16.21384867602014 0 0 0 0 0 0 0 0 0 0 0 0 0 0 0 0 13.99999999999992 11.83215956619814 -9.165151389911468 -5.291502622129236 0 -39.44053188733527 0 -67.02569988030224 -13.99999999999992 11.83215956619814 9.165151389911468 -5.291502622129236 0 0 0 0 0 0 0 0
-8.171241461241152e-14 -1.071365218763276e-14 8.331182965726214e-14 5.005154277148982e-14 1.447453268355048e-14 -9.428090415820041 8.794354133812021e-14 -8.432740427114707 -5.916079783099012 -4.999999999999052 3.872983346206968 2.236067977499602 5.916079783099035 -4.999999999999075 -3.87298334620698 2.236067977499613 0 0 0 0 -8.36660026533993 -7.07106781186416 5.47722557505104 3.162277660168124 8.366600265339926 11.78511301977606 -5.477225575050977 20.02775851439775 0 0 0 0 0 0 0 0 0 0 0 0 0 0 0 0 -11.83215956619814 -9.999999999998208 7.745966692413983 4.472135954999238 39.44053188733538 0 -15.49193338482749 1.77635683940025e-15 -11.83215956619814 9.999999999998208 7.745966692413983 -4.472135954999238 0 0 0 0 0 0 0 0
0 1.254552017826427e-14 2.931682674400804e-15 -4.877717153795036e-15 4.006864284811229e-14 -7.302967433402237 3.554795346971673e-14 -6.531972647421588 -4.58257569495569 -3.872983346206951 2.99999999999986 1.732050807568852 4.582575694955688 -3.872983346206959 -2.999999999999821 1.732050807568842 0 0 0 0 -6.480740698407669 -5.477225575051022 4.242640687119099 2.44948974278315 6.480740698408134 -20.08316044185612 -4.242640687119123 -10.61445555206002 0 0 0 0 0 0 0 0 0 0 0 0 0 0 0 0 -9.165151389911466 -7.745966692413981 5.999999999999756 3.46410161513773 0 15.49193338482816 4.440892098500626e-15 -48.49742261192811 9.165151389911466 -7.745966692413981 -5.999999999999756 3.46410161513773 0 0 0 0 0 0 0 0
1.443289932012704e-15 -2.817190924986335e-15 3.859759734048396e-16 -5.062356783769317e-15 -1.668587143455191e-14 4.216370213558003 -2.740863092043355e-15 3.771236166328265 2.645751311064593 2.236067977499596 -1.732050807568855 -1.000000000000019 -2.645751311064531 2.236067977499541 1.73205080756883 -0.9999999999999943 0 0 0 0 3.741657386773956 3.162277660168116 -2.449489742783153 -1.414213562373126 -3.741657386773953 -5.27046276694795 2.449489742783025 -8.956685895029599 0 0 0 0 0 0 0 0 0 0 0 0 0 0 0 0 5.291502622129234 4.472135954999236 -3.464101615137731 -2.000000000000053 67.0256998803028 0 48.49742261192822 3.552713678800501e-15 5.291502622129234 -4.472135954999236 -3.464101615137731 2.000000000000053 0 0 0 0 0 0 0 0
0 -1.573741137406159e-14 -2.268671361882468e-14 1.421822728997491e-15 3.738329090730019e-15 -2.137179322403426e-15 -2.98511215746089e-14 -3.412070972985681e-14 0 0 0 0 8.196221479295218e-14 15.77621275493266 9.597878047884478e-14 14.11067365901091 0 0 0 0 0 0 0 0 9.899494936611411 30.67753430624918 -6.480740698407721 16.21384867602013 -9.899494936611545 8.366600265339924 6.480740698407688 -3.741657386773963 0 0 0 0 0 0 0 0 0 0 0 0 0 0 0 0 13.99999999999992 11.83215956619814 -9.165151389911468 -5.291502622129236 0 -39.44053188733527 0 -67.02569988030224 -13.99999999999992 11.83215956619814 9.165151389911468 -5.291502622129236 0 0 0 0
-8.171241461241152e-14 -5.556666238248908e-14 4.484260185400046e-14 8.035716189680464e-14 -6.560724186144284e-14 -7.441269822550112e-14 -4.969635813978357e-14 1.932991527259231e-14 0 0 0 0 -2.300937218535637e-14 13.33333333333258 3.341771304121721e-14 11.9256958799976 0 0 0 0 0 0 0 0 8.366600265339931 -11.78511301977606 -5.477225575050976 -20.02775851439775 -8.36660026533993 7.07106781186416 5.47722557505104 -3.162277660168124 0 0 0 0 0 0 0 0 0 0 0 0 0 0 0 0 -11.83215956619814 -9.999999999998208 7.745966692413983 4.472135954999238 39.44053188733538 0 -15.49193338482749 1.77635683940025e-15 -11.83215956619814 9.999999999998208 7.745966692413983 -4.472135954999238 0 0 0 0
0 9.103828801926284e-15 1.408942407188363e-14 -1.227858960339834e-15 -3.382710778154774e-15 -2.164934898019055e-15 1.799255189283144e-14 2.150157222408078e-14 0 0 0 0 -6.591949208711867e-15 -10.32795558988655 -5.703770789011742e-14 -9.237604307033694 0 0 0 0 0 0 0 0 -6.480740698408134 -20.08316044185612 4.242640687119117 -10.61445555206002 6.480740698407669 -5.477225575051022 -4.242640687119099 2.44948974278315 0 0 0 0 0 0 0 0 0 0 0 0 0 0 0 0 -9.165151389911466 -7.745966692413981 5.999999999999756 3.46410161513773 0 15.49193338482816 4.440892098500626e-15 -48.49742261192811 9.165151389911466 -7.745966692413981 -5.999999999999756 3.46410161513773 0 0 0 0
1.443289932012704e-15 1.901256929670581e-15 2.786833264156741e-15 4.617400212181266e-15 -2.839308649305039e-15 -4.238363132680334e-15 -5.509481759702339e-15 -3.163539308986829e-15 0 0 0 0 -5.919570389423257e-14 -5.962847939999644 -2.078892613610606e-14 -5.333333333333352 0 0 0 0 0 0 0 0 -3.741657386773961 5.270462766947939 2.449489742783023 8.956685895029597 3.741657386773956 -3.162277660168116 -2.449489742783153 1.414213562373126 0 0 0 0 0 0 0 0 0 0 0 0 0 0 0 0 5.291502622129234 4.472135954999236 -3.464101615137731 -2.000000000000053 67.0256998803028 0 48.49742261192822 3.552713678800501e-15 5.291502622129234 -4.472135954999236 -3.464101615137731 2.000000000000053 0 0 0 0
0 -1.573741137406159e-14 -3.434405537738883e-14 -3.375143046990825e-14 3.384445501630751e-15 7.951972413877684e-15 1.486311074216928e-14 -4.31122151867136e-15 0 0 0 0 -8.612555113529652e-14 15.77621275493266 -9.808820422563258e-14 14.11067365901091 0 0 0 0 0 0 0 0 9.899494936611545 8.366600265339924 -6.480740698407688 -3.741657386773963 -9.89949493661141 30.67753430624918 6.480740698407718 16.21384867602014 0 0 0 0 0 0 0 0 0 0 0 0 0 0 0 0 0 0 0 0 13.99999999999992 11.83215956619814 -9.165151389911468 -5.291502622129236 0 -39.44053188733527 0 -67.02569988030224 -13.99999999999992 11.83215956619814 9.165151389911468 -5.291502622129236
-8.171241461241152e-14 -8.620881786214341e-14 -1.44433076609829e-14 6.146255379646526e-14 6.507294703084199e-14 5.414765857914006e-14 -6.560030296753894e-14 -3.543877431094744e-14 0 0 0 0 -2.278732758043134e-14 -13.33333333333258 3.463895836830488e-14 -11.9256958799976 0 0 0 0 0 0 0 0 -8.36660026533993 -7.07106781186416 5.47722557505104 3.162277660168124 8.366600265339926 11.78511301977606 -5.477225575050977 20.02775851439775 0 0 0 0 0 0 0 0 0 0 0 0 0 0 0 0 0 0 0 0 -11.83215956619814 -9.999999999998208 7.745966692413983 4.472135954999238 39.44053188733538 0 -15.49193338482749 1.77635683940025e-15 -11.83215956619814 9.999999999998208 7.745966692413983 -4.472135954999238
0 8.881784197001252e-15 2.125036258071589e-14 2.001209527952019e-14 -3.549244231848547e-15 -6.453171330633722e-15 -9.360567876370851e-15 2.9955421823602e-15 0 0 0 0 3.122502256758253e-15 -10.32795558988655 5.65381075290361e-14 -9.237604307033694 0 0 0 0 0 0 0 0 -6.480740698407669 -5.477225575051022 4.242640687119099 2.44948974278315 6.480740698408134 -20.08316044185612 -4.242640687119123 -10.61445555206002 0 0 0 0 0 0 0 0 0 0 0 0 0 0 0 0 0 0 0 0 -9.165151389911466 -7.745966692413981 5.999999999999756 3.46410161513773 0 15.49193338482816 4.440892098500626e-15 -48.49742261192811 9.165151389911466 -7.745966692413981 -5.999999999999756 3.46410161513773
1.443289932012704e-15 6.800116025829084e-16 -1.275021754842953e-16 3.413502119853362e-15 3.263448539181368e-15 2.346647182127626e-15 -5.904998712225051e-15 -5.855830143702834e-15 0 0 0 0 -6.136063879225162e-14 5.962847939999643 -2.328692794151266e-14 5.333333333333353 0 0 0 0 0 0 0 0 3.741657386773956 3.162277660168116 -2.449489742783153 -1.414213562373126 -3.741657386773953 -5.27046276694795 2.449489742783025 -8.956685895029599 0 0 0 0 0 0 0 0 0 0 0 0 0 0 0 0 0 0 0 0 5.291502622129234 4.472135954999236 -3.464101615137731 -2.000000000000053 67.0256998803028 0 48.49742261192822 3.552713678800501e-15 5.291502622129234 -4.472135954999236 -3.464101615137731 2.000000000000053
0 6.480740698407787 -3.25434124093249e-14 9.899494936611436 -7.410565217025322e-14 8.366600265339809 4.635181127810029e-14 -3.741657386773915 -6.999999999999892 5.916079783099009 4.582575694955707 -2.645751311064598 6.99999999999981 5.916079783098938 -4.582575694955637 -2.645751311064569 -9.899494936611545 8.366600265339924 6.480740698407688 -3.741657386773963 0 0 0 0 0 0 0 0 9.899494936611411 30.67753430624918 -6.480740698407721 16.21384867602013 -13.99999999999992 11.83215956619814 9.165151389911468 -5.291502622129236 0 0 0 0 0 0 0 0 0 0 0 0 0 0 0 0 0 0 0 0 13.99999999999992 11.83215956619814 -9.165151389911468 -5.291502622129236 0 -39.44053188733527 0 -67.02569988030224
-8.171241461241152e-14 5.477225575051012 -1.155638085226229e-13 8.366600265339807 -1.335390131806946e-14 7.071067811864115 3.613775945154885e-14 -3.1622776601681 -5.916079783099012 4.999999999999052 3.872983346206968 -2.236067977499602 5.916079783099035 4.999999999999076 -3.87298334620698 -2.236067977499613 -8.36660026533993 7.07106781186416 5.47722557505104 -3.162277660168124 0 0 0 0 0 0 0 0 8.366600265339931 -11.78511301977606 -5.477225575050976 -20.02775851439775 -11.83215956619814 9.999999999998208 7.745966692413983 -4.472135954999238 0 0 0 0 0 0 0 0 0 0 0 0 0 0 0 0 0 0 0 0 -11.83215956619814 -9.999999999998208 7.745966692413983 4.472135954999238 39.44053188733538 0 -15.49193338482749 1.77635683940025e-15
0 -4.242640687119166 2.029279522197669e-14 -6.480740698407605 3.992205871439225e-14 -5.477225575050953 -2.784578123637971e-14 2.44948974278312 4.58257569495569 -3.872983346206951 -2.99999999999986 1.732050807568852 -4.582575694955684 -3.872983346206955 2.99999999999982 1.732050807568842 6.480740698407669 -5.477225575051022 -4.242640687119099 2.44948974278315 0 0 0 0 0 0 0 0 -6.480740698408134 -20.08316044185612 4.242640687119117 -10.61445555206002 9.165151389911466 -7.745966692413981 -5.999999999999756 3.46410161513773 0 0 0 0 0 0 0 0 0 0 0 0 0 0 0 0 0 0 0 0 -9.165151389911466 -7.745966692413981 5.999999999999756 3.46410161513773 0 15.49193338482816 4.440892098500626e-15 -48.49742261192811
1.443289932012704e-15 -2.449489742783193 3.677613769070831e-16 -3.741657386773936 1.486311074216928e-14 -3.162277660168082 -1.77635683940025e-15 1.414213562373116 2.645751311064593 -2.236067977499596 -1.732050807568855 1.000000000000019 -2.645751311064533 -2.236067977499541 1.732050807568832 0.9999999999999949 3.741657386773956 -3.162277660168116 -2.449489742783153 1.414213562373126 0 0 0 0 0 0 0 0 -3.741657386773961 5.270462766947939 2.449489742783023 8.956685895029597 5.291502622129234 -4.472135954999236 -3.464101615137731 2.000000000000053 0 0 0 0 0 0 0 0 0 0 0 0 0 0 0 0 0 0 0 0 5.291502622129234 4.472135954999236 -3.464101615137731 -2.000000000000053 67.0256998803028 0 48.49742261192822 3.552713678800501e-15
