# Created from matlab git hash 00e16b208fbf08652b67ace82ddc532522841f31
# name: foo
# type: matrix
# rows: 48
# columns: 48
0 0 0 0 0 0 0 0 0 0 0 0 0 0 0 0 0 0 0 0 0 0 0 0 0 0 0 0 0 0 0 0 0 0 0 0 0 0 0 0 0 0 0 0 0 0 0 0
-9.436895709313831e-16 -2.775557561562891e-17 -1.936491673103681 7.459310946700271e-17 -1.499999999999946 5.551115123125783e-17 1.369306393762898 -1.060660171779784 -0.6123724356957849 -1.369306393762898 -1.060660171779783 0.6123724356957847 1.936491673103688 -1.499999999999952 -0.8660254037844257 1.64560888475343e-15 4.603192692031745e-15 -7.105024320582765e-16 -1.618293986680149e-15 4.65472819550537e-15 7.05561090888367e-16 -1.936491673103687 -1.499999999999952 0.8660254037844257 2.738612787525808 -2.121320343559586 -1.224744871391574 9.420554752102632e-16 2.356048370197945e-15 -3.74417021155688e-16 -1.256073966947018e-15 2.311968678120259e-15 5.094139499261465e-16 3.395324941903657e-15 4.10291443827863e-15 -1.54158496772932e-15 -3.414951097637204e-15 4.098007899345243e-15 1.516254536624468e-15 1.177569344012829e-15 2.378167374559585e-15 -5.701079917286369e-16 -9.420554752102632e-16 2.375674525931493e-15 4.442308346777138e-16 -2.738612787525808 -2.121320343559586 1.224744871391573
-5.551115123125783e-17 1.936491673103679 -1.647988360969151e-16 -3.697997193430032e-15 -6.505254041719257e-17 8.76750928802128e-15 -1.192545725063221e-15 -2.300169098896901e-15 3.080435212465815e-15 -9.974683944576277e-16 2.496264762235365e-15 2.971581314348271e-15 -3.576566126595178e-15 -4.286158649970837e-15 2.34708086299662e-15 2.599049447882251e-15 -3.208818520861297e-15 -3.269953752216281e-16 2.55394663750685e-15 3.241951737818698e-15 -2.810252031082427e-16 -3.17629223704069e-15 4.5779221309248e-15 2.184884217992789e-15 -2.860512198164497e-15 -1.991353414403694e-15 1.613292832658431e-15 -1.707475548818602e-15 -5.079857937467968e-15 1.033895191682177e-15 2.953736437898846e-15 -3.79819903321636e-15 -1.040834085586084e-15 6.672892949406031e-16 -4.9982707834822e-16 -1.249000902703301e-16 7.556069957415653e-16 7.691949609343245e-16 -1.595945597898663e-16 2.924297204298525e-15 3.759991069648796e-15 -1.096345236817342e-15 -1.648597081617961e-15 5.118213133273408e-15 1.002670169114595e-15 -2.416547089363827e-15 2.242055862451677e-15 1.349614864309956e-15
-8.326672684688674e-17 -2.844946500601964e-16 -1.163999452380438e-15 3.469446951953614e-17 2.289834988289385e-16 1.665334536937735e-16 3.535533905932684 1.387778780781446e-16 -1.58113883008417 -3.535533905932684 -1.387778780781446e-16 1.58113883008417 2.499999999999965 -1.936491673103642 -1.118033988749878 2.499999999999965 1.936491673103642 -1.118033988749878 -2.499999999999965 1.936491673103642 1.118033988749878 -2.499999999999965 -1.936491673103642 1.118033988749878 3.535533905932702 -2.738612787525747 -1.581138830084168 -2.786914114163695e-15 3.102509830428055e-15 2.775557561562891e-16 -2.786914114163695e-15 -3.084508884233401e-15 1.665334536937735e-16 3.535533905932702 2.738612787525747 -1.581138830084168 -3.535533905932702 2.738612787525747 1.581138830084168 2.786914114163695e-15 -3.102509830428055e-15 -2.775557561562891e-16 2.786914114163695e-15 3.084508884233401e-15 -1.665334536937735e-16 -3.535533905932702 -2.738612787525747 1.581138830084168
-1.110223024625157e-16 1.499999999999944 3.298138908020281e-16 1.100680405235035e-15 -7.364470887660011e-17 -3.464101615137696 -4.28560881465506e-15 4.090203204559471e-16 1.190193776867687e-14 -4.261331964772428e-15 -3.889614626344976e-16 1.175101682626689e-14 -5.134781488891355e-16 -2.452954968418037e-15 3.535366444040733e-15 -1.866562460151044e-15 4.221491558829683e-15 4.125172425872847e-15 -1.923808334858278e-15 -4.116992793340029e-15 4.427014310692812e-15 -5.065917436972016e-16 2.507533942587763e-15 3.677613769070831e-15 -3.532708032038487e-15 -2.485675518568342e-15 2.692290834716005e-15 3.248128773902053e-15 -1.678271346888623e-15 -2.914335439641036e-16 2.315886376558564e-15 3.615450990357706e-15 2.775557561562891e-17 -4.396258884314561e-15 3.28399316836939e-15 3.094746681142624e-15 -4.042988081110712e-15 -3.599518821410182e-15 3.066991105526995e-15 2.227568675757601e-15 -3.717226860143892e-15 5.551115123125783e-17 3.218689540301733e-15 1.478278866007989e-15 -3.608224830031759e-16 -3.53300495303187e-15 2.471855089096616e-15 2.609024107869118e-15
1.637578961322106e-15 0 -8.71438338156949e-15 1.734723475976807e-17 3.4641016151377 6.938893903907228e-17 0.7905694150420893 1.837117307087319 -0.3535533905932702 -0.7905694150420893 1.837117307087319 0.3535533905932701 -1.118033988749878 0.8660254037844037 0.4999999999999903 2.236067977499768 1.732050807568822 -0.9999999999999859 -2.236067977499767 1.732050807568821 0.9999999999999861 1.118033988749878 0.8660254037844037 -0.4999999999999903 -1.581138830084168 1.224744871391548 0.7071067811865348 -1.844858638953432e-15 -3.944817084741791e-15 7.968469538346044e-16 1.962615573354715e-15 -3.982822971894842e-15 -6.64243340121251e-16 3.162277660168356 2.449489742783113 -1.414213562373078 -3.162277660168356 2.449489742783113 1.414213562373078 -1.766354016019243e-15 -4.08702755548722e-15 7.350978793312124e-16 1.766354016019243e-15 -3.949723623675179e-15 -7.599859135124055e-16 1.581138830084169 1.224744871391547 -0.7071067811865348
1.110223024625157e-16 -1.369306393762898 -3.421742056364252e-16 -3.535533905932676 -2.437286483747414e-15 -0.7905694150420892 4.440892098500626e-16 1.936491673103644 -2.775557561562891e-17 -1.665334536937735e-16 -1.936491673103643 5.551115123125783e-17 5.303300858899046 1.369306393762872 -2.371708245126268 -5.303300858899047 1.369306393762873 2.371708245126268 1.767766952966346 -1.369306393762873 -0.7905694150420816 -1.767766952966346 -1.369306393762873 0.7905694150420816 2.49999999999998 -1.936491673103655 -1.118033988749887 4.999999999999956 3.87298334620731 -2.236067977499766 -4.999999999999956 3.87298334620731 2.236067977499766 -2.49999999999998 -1.936491673103655 1.118033988749887 2.499999999999976 -1.936491673103655 -1.118033988749879 0 0 0 0 0 0 -2.499999999999976 -1.936491673103655 1.118033988749879
0 1.060660171779782 5.339045178187618e-15 -8.153200337090993e-17 -1.216041156659742e-15 -1.837117307087316 -1.936491673103641 1.110223024625157e-16 -6.062177826491006 1.936491673103643 5.551115123125783e-17 -0.8660254037844065 -1.369306393762879 1.060660171779769 0.6123724356957947 -1.369306393762879 -1.06066017177977 0.6123724356957951 1.369306393762872 -1.060660171779768 -0.6123724356957728 1.369306393762872 1.060660171779768 -0.6123724356957728 -1.936491673103655 1.499999999999931 0.8660254037844169 -5.02429586778807e-15 1.09770648115835e-15 8.271161533457416e-15 -4.042988081110713e-15 -1.875767585984337e-15 8.215650382226158e-15 -1.936491673103656 -1.499999999999931 0.8660254037844172 1.936491673103654 -1.499999999999931 -0.8660254037844103 0 0 0 0 0 0 1.936491673103654 1.499999999999931 -0.8660254037844103
2.609024107869118e-15 0.6123724356957827 -2.824129818890242e-15 1.58113883008417 -1.178397657231045e-14 0.3535533905932687 -2.012279232133096e-16 6.062177826491014 -1.387778780781446e-16 7.632783294297951e-17 0.8660254037844063 -1.387778780781446e-17 2.371708245126267 3.061862178478878 -1.060660171779809 -2.371708245126266 3.061862178478878 1.060660171779809 -0.7905694150420821 0.6123724356957734 0.3535533905932667 0.7905694150420821 0.6123724356957734 -0.3535533905932667 -1.118033988749885 0.866025403784408 0.4999999999999931 4.472135954999555 3.464101615137665 -1.99999999999998 -4.472135954999555 3.464101615137665 1.999999999999979 1.118033988749885 0.866025403784408 -0.4999999999999931 -1.11803398874988 0.8660254037844115 0.4999999999999913 0 0 0 0 0 0 1.11803398874988 0.8660254037844115 -0.4999999999999913
1.665334536937735e-16 1.369306393762898 -8.166210763160819e-16 3.535533905932675 -2.334937798664782e-15 0.7905694150420896 -1.665334536937735e-16 -1.936491673103643 5.551115123125783e-17 4.440892098500626e-16 1.936491673103644 -2.775557561562891e-17 1.767766952966346 -1.369306393762873 -0.7905694150420816 -1.767766952966346 -1.369306393762873 0.7905694150420816 5.303300858899046 1.369306393762872 -2.371708245126268 -5.303300858899047 1.369306393762873 2.371708245126268 2.499999999999976 -1.936491673103655 -1.118033988749879 0 0 0 0 0 0 -2.499999999999976 -1.936491673103655 1.118033988749879 2.49999999999998 -1.936491673103655 -1.118033988749887 4.999999999999956 3.87298334620731 -2.236067977499766 -4.999999999999956 3.87298334620731 2.236067977499766 -2.49999999999998 -1.936491673103655 1.118033988749887
0 1.060660171779782 -5.508180717095357e-15 7.112366251504909e-17 1.621966450038315e-15 -1.837117307087316 1.936491673103643 5.551115123125783e-17 -0.8660254037844065 -1.936491673103641 1.110223024625157e-16 -6.062177826491006 1.369306393762872 -1.060660171779768 -0.6123724356957728 1.369306393762872 1.060660171779768 -0.6123724356957728 -1.369306393762879 1.060660171779769 0.6123724356957947 -1.369306393762879 -1.06066017177977 0.6123724356957951 1.936491673103654 -1.499999999999931 -0.8660254037844103 0 0 0 0 0 0 1.936491673103654 1.499999999999931 -0.8660254037844103 -1.936491673103655 1.499999999999931 0.8660254037844169 -5.02429586778807e-15 1.09770648115835e-15 8.271161533457416e-15 -4.042988081110713e-15 -1.875767585984337e-15 8.215650382226158e-15 -1.936491673103656 -1.499999999999931 0.8660254037844172
2.622901895676932e-15 -0.6123724356957826 -2.629623949146342e-15 -1.58113883008417 -1.165820912030213e-14 -0.3535533905932688 7.632783294297951e-17 0.8660254037844063 -1.387778780781446e-17 -2.012279232133096e-16 6.062177826491014 -1.387778780781446e-16 -0.7905694150420821 0.6123724356957734 0.3535533905932667 0.7905694150420821 0.6123724356957734 -0.3535533905932667 2.371708245126267 3.061862178478878 -1.060660171779809 -2.371708245126266 3.061862178478878 1.060660171779809 -1.11803398874988 0.8660254037844115 0.4999999999999913 0 0 0 0 0 0 1.11803398874988 0.8660254037844115 -0.4999999999999913 -1.118033988749885 0.866025403784408 0.4999999999999931 4.472135954999555 3.464101615137665 -1.99999999999998 -4.472135954999555 3.464101615137665 1.999999999999979 1.118033988749885 0.866025403784408 -0.4999999999999931
0 -1.936491673103687 1.896920120980639e-15 -2.499999999999962 -2.789435349370706e-15 1.118033988749878 -5.303300858899027 1.36930639376286 -2.371708245126267 -1.767766952966346 -1.369306393762872 0.7905694150420821 -2.220446049250313e-16 3.87298334620731 -1.314838677855065e-16 2.499999999999974 -1.936491673103653 -1.118033988749879 0 0 0 -2.499999999999974 -1.936491673103653 1.118033988749879 10.60660171779816 2.738612787525762 -4.743416490252557 -10.60660171779816 2.73861278752576 4.743416490252557 3.535533905932713 -2.738612787525762 -1.581138830084171 0 0 0 0 0 0 0 0 0 0 0 0 -3.535533905932713 -2.738612787525762 1.581138830084171
2.220446049250313e-16 1.49999999999995 8.778134469311638e-15 1.936491673103636 6.744604874597826e-15 -0.8660254037844008 -1.369306393762872 -1.060660171779772 -3.061862178478871 1.369306393762872 1.060660171779768 -0.6123724356957733 -3.872983346207304 1.054711873393899e-15 -12.12435565298205 1.936491673103653 -1.499999999999929 -0.8660254037844102 0 0 0 1.936491673103653 1.499999999999929 -0.8660254037844102 -2.738612787525778 2.12132034355955 1.224744871391596 -2.738612787525778 -2.12132034355955 1.224744871391596 2.73861278752576 -2.12132034355955 -1.224744871391552 0 0 0 0 0 0 0 0 0 0 0 0 2.73861278752576 2.12132034355955 -1.224744871391552
3.33066907387547e-15 0.8660254037844211 5.772292366312826e-16 1.118033988749878 -4.026293187742169e-15 -0.4999999999999895 2.371708245126266 -0.6123724356957934 1.060660171779807 0.7905694150420816 0.6123724356957728 -0.3535533905932666 3.33066907387547e-16 12.12435565298207 4.440892098500626e-16 -1.118033988749879 0.8660254037844102 0.4999999999999908 0 0 0 1.118033988749879 0.8660254037844102 -0.4999999999999908 4.743416490252554 6.123724356957792 -2.121320343559626 -4.743416490252554 6.123724356957792 2.121320343559626 -1.581138830084172 1.224744871391553 0.7071067811865364 0 0 0 0 0 0 0 0 0 0 0 0 1.581138830084172 1.224744871391553 -0.7071067811865364
-1.110223024625157e-16 -1.686151218649456e-15 -3.60735746829377e-15 -2.499999999999962 -1.568190022283034e-15 -2.236067977499768 5.303300858899027 1.36930639376286 2.371708245126268 1.767766952966346 -1.369306393762872 -0.7905694150420821 -2.499999999999974 -1.936491673103653 1.118033988749879 -2.220446049250313e-16 3.87298334620731 -1.314838677855065e-16 2.499999999999974 -1.936491673103653 -1.118033988749879 0 0 0 0 0 0 -3.535533905932713 -2.738612787525762 1.581138830084171 10.60660171779816 2.738612787525762 -4.743416490252557 -10.60660171779816 2.73861278752576 4.743416490252557 3.535533905932713 -2.738612787525762 -1.581138830084171 0 0 0 0 0 0 0 0 0
2.220446049250313e-16 -6.376843497690743e-15 4.449132035011516e-15 -1.936491673103635 -1.096345236817342e-14 -1.732050807568819 -1.369306393762872 1.060660171779771 -3.061862178478871 1.369306393762872 -1.060660171779768 -0.6123724356957733 1.936491673103653 1.499999999999929 -0.8660254037844102 -3.872983346207304 1.054711873393899e-15 -12.12435565298205 1.936491673103653 -1.499999999999929 -0.8660254037844102 0 0 0 0 0 0 2.73861278752576 2.12132034355955 -1.224744871391552 -2.738612787525778 2.12132034355955 1.224744871391596 -2.738612787525778 -2.12132034355955 1.224744871391596 2.73861278752576 -2.12132034355955 -1.224744871391552 0 0 0 0 0 0 0 0 0
3.33066907387547e-15 -7.077671781985373e-16 -2.435118079402443e-15 1.118033988749878 -3.082603616810786e-15 0.9999999999999817 -2.371708245126266 -0.6123724356957936 -1.060660171779807 -0.7905694150420816 0.6123724356957728 0.3535533905932666 1.118033988749879 0.8660254037844102 -0.4999999999999908 3.33066907387547e-16 12.12435565298207 4.440892098500626e-16 -1.118033988749879 0.8660254037844102 0.4999999999999908 0 0 0 0 0 0 1.581138830084172 1.224744871391553 -0.7071067811865364 4.743416490252554 6.123724356957792 -2.121320343559626 -4.743416490252554 6.123724356957792 2.121320343559626 -1.581138830084172 1.224744871391553 0.7071067811865364 0 0 0 0 0 0 0 0 0
-1.110223024625157e-16 1.65145674912992e-15 -3.459905972835742e-15 2.499999999999963 -1.450228825916611e-15 2.236067977499768 -1.767766952966346 -1.369306393762872 0.7905694150420821 -5.303300858899027 1.36930639376286 -2.371708245126267 0 0 0 -2.499999999999974 -1.936491673103653 1.118033988749879 -2.220446049250313e-16 3.87298334620731 -1.314838677855065e-16 2.499999999999974 -1.936491673103653 -1.118033988749879 0 0 0 0 0 0 0 0 0 -3.535533905932713 -2.738612787525762 1.581138830084171 10.60660171779816 2.738612787525762 -4.743416490252557 -10.60660171779816 2.73861278752576 4.743416490252557 3.535533905932713 -2.738612787525762 -1.581138830084171 0 0 0
2.220446049250313e-16 -6.210310043996969e-15 -4.961742822162662e-15 -1.936491673103636 1.047079090099601e-14 -1.732050807568819 1.369306393762872 1.060660171779768 -0.6123724356957733 -1.369306393762872 -1.060660171779772 -3.061862178478871 0 0 0 1.936491673103653 1.499999999999929 -0.8660254037844102 -3.872983346207304 1.054711873393899e-15 -12.12435565298205 1.936491673103653 -1.499999999999929 -0.8660254037844102 0 0 0 0 0 0 0 0 0 2.73861278752576 2.12132034355955 -1.224744871391552 -2.738612787525778 2.12132034355955 1.224744871391596 -2.738612787525778 -2.12132034355955 1.224744871391596 2.73861278752576 -2.12132034355955 -1.224744871391552 0 0 0
3.33066907387547e-15 6.973588373426765e-16 -2.552211914030877e-15 -1.118033988749878 -3.051378594243204e-15 -0.9999999999999817 0.7905694150420816 0.6123724356957728 -0.3535533905932666 2.371708245126266 -0.6123724356957934 1.060660171779807 0 0 0 1.118033988749879 0.8660254037844102 -0.4999999999999908 3.33066907387547e-16 12.12435565298207 4.440892098500626e-16 -1.118033988749879 0.8660254037844102 0.4999999999999908 0 0 0 0 0 0 0 0 0 1.581138830084172 1.224744871391553 -0.7071067811865364 4.743416490252554 6.123724356957792 -2.121320343559626 -4.743416490252554 6.123724356957792 2.121320343559626 -1.581138830084172 1.224744871391553 0.7071067811865364 0 0 0
0 1.936491673103687 2.052177872080563e-15 2.499999999999962 -3.049643870767227e-15 -1.118033988749878 1.767766952966346 -1.369306393762872 -0.7905694150420821 5.303300858899027 1.36930639376286 2.371708245126268 2.499999999999974 -1.936491673103653 -1.118033988749879 0 0 0 -2.499999999999974 -1.936491673103653 1.118033988749879 -2.220446049250313e-16 3.87298334620731 -1.314838677855065e-16 3.535533905932713 -2.738612787525762 -1.581138830084171 0 0 0 0 0 0 0 0 0 0 0 0 -3.535533905932713 -2.738612787525762 1.581138830084171 10.60660171779816 2.738612787525762 -4.743416490252557 -10.60660171779816 2.73861278752576 4.743416490252557
2.220446049250313e-16 1.499999999999951 -8.615937824307807e-15 1.936491673103636 -6.996139778614463e-15 -0.866025403784401 1.369306393762872 -1.060660171779768 -0.6123724356957733 -1.369306393762872 1.060660171779771 -3.061862178478871 1.936491673103653 -1.499999999999929 -0.8660254037844102 0 0 0 1.936491673103653 1.499999999999929 -0.8660254037844102 -3.872983346207304 1.054711873393899e-15 -12.12435565298205 2.73861278752576 -2.12132034355955 -1.224744871391552 0 0 0 0 0 0 0 0 0 0 0 0 2.73861278752576 2.12132034355955 -1.224744871391552 -2.738612787525778 2.12132034355955 1.224744871391596 -2.738612787525778 -2.12132034355955 1.224744871391596
3.33066907387547e-15 -0.8660254037844212 3.274290560906223e-16 -1.118033988749878 -4.220582217051572e-15 0.4999999999999895 -0.7905694150420816 0.6123724356957728 0.3535533905932666 -2.371708245126266 -0.6123724356957936 -1.060660171779807 -1.118033988749879 0.8660254037844102 0.4999999999999908 0 0 0 1.118033988749879 0.8660254037844102 -0.4999999999999908 3.33066907387547e-16 12.12435565298207 4.440892098500626e-16 -1.581138830084172 1.224744871391553 0.7071067811865364 0 0 0 0 0 0 0 0 0 0 0 0 1.581138830084172 1.224744871391553 -0.7071067811865364 4.743416490252554 6.123724356957792 -2.121320343559626 -4.743416490252554 6.123724356957792 2.121320343559626
0 -2.738612787525808 1.942022931356036e-15 -3.5355339059327 8.638922910364499e-16 1.581138830084169 -2.499999999999965 1.936491673103643 1.118033988749885 -2.499999999999976 -1.936491673103654 1.11803398874988 -10.60660171779808 2.738612787525703 -4.743416490252555 0 0 0 0 0 0 -3.535533905932713 -2.73861278752576 1.581138830084172 0 7.745966692414685 4.440892098500626e-16 4.99999999999998 -3.872983346207331 -2.23606797749977 0 0 0 0 0 0 0 0 0 0 0 0 0 0 0 -4.99999999999998 -3.872983346207331 2.23606797749977
0 2.121320343559583 9.960782199058826e-15 2.738612787525733 1.401309623894065e-14 -1.224744871391544 1.93649167310363 -1.499999999999911 -0.866025403784397 1.936491673103655 1.499999999999931 -0.8660254037844115 -2.738612787525761 -2.12132034355956 -6.123724356957762 0 0 0 0 0 0 2.738612787525761 2.12132034355955 -1.224744871391553 -7.745966692414656 -1.332267629550188e-15 -24.24871130596418 3.872983346207331 -2.999999999999879 -1.732050807568831 0 0 0 0 0 0 0 0 0 0 0 0 0 0 0 3.872983346207331 2.999999999999879 -1.732050807568831
4.884981308350689e-15 1.224744871391566 5.856426454897701e-15 1.581138830084164 7.806255641895632e-17 -0.7071067811865317 1.118033988749885 -0.8660254037844164 -0.4999999999999913 1.118033988749879 0.8660254037844102 -0.4999999999999912 4.743416490252546 -1.224744871391584 2.121320343559621 0 0 0 0 0 0 1.581138830084171 1.224744871391552 -0.7071067811865364 0 24.24871130596427 0 -2.236067977499771 1.732050807568831 0.9999999999999869 0 0 0 0 0 0 0 0 0 0 0 0 0 0 0 2.236067977499771 1.732050807568831 -0.9999999999999869
0 -1.179611963664229e-15 9.428222091933947e-16 5.457440055423035e-15 -5.700301342059788e-15 1.859623566247137e-15 -4.999999999999942 -8.659739592076221e-15 -4.472135954999556 0 0 0 10.60660171779808 2.738612787525702 4.743416490252555 3.535533905932713 -2.73861278752576 -1.581138830084172 0 0 0 0 0 0 -4.99999999999998 -3.872983346207331 2.23606797749977 0 7.745966692414685 4.440892098500626e-16 4.99999999999998 -3.872983346207331 -2.23606797749977 0 0 0 0 0 0 0 0 0 0 0 0 0 0 0
0 -4.315992008230296e-15 1.071712163458471e-14 -7.070732888081466e-15 4.610894999146353e-15 7.799316747991725e-15 -3.872983346207284 -2.878253191340718e-14 -3.464101615137654 0 0 0 -2.738612787525761 2.121320343559559 -6.123724356957762 2.738612787525761 -2.12132034355955 -1.224744871391553 0 0 0 0 0 0 3.872983346207331 2.999999999999879 -1.732050807568831 -7.745966692414656 -1.332267629550188e-15 -24.24871130596418 3.872983346207331 -2.999999999999879 -1.732050807568831 0 0 0 0 0 0 0 0 0 0 0 0 0 0 0
4.884981308350689e-15 -4.787836793695988e-15 1.110223024625157e-16 3.575265083988199e-15 -3.793840241961277e-15 -1.443289932012704e-15 2.236067977499764 -4.718447854656915e-15 1.999999999999971 0 0 0 -4.743416490252546 -1.224744871391584 -2.121320343559621 -1.581138830084171 1.224744871391552 0.7071067811865364 0 0 0 0 0 0 2.236067977499771 1.732050807568831 -0.9999999999999869 0 24.24871130596427 0 -2.236067977499771 1.732050807568831 0.9999999999999869 0 0 0 0 0 0 0 0 0 0 0 0 0 0 0
0 1.207367539279858e-15 -3.435619844172066e-15 5.263151026113633e-15 -4.576200529626817e-15 -1.804112415015879e-15 4.999999999999942 -9.325873406851315e-15 4.472135954999554 0 0 0 -3.535533905932713 -2.73861278752576 1.581138830084172 -10.60660171779808 2.738612787525703 -4.743416490252555 0 0 0 0 0 0 0 0 0 -4.99999999999998 -3.872983346207331 2.23606797749977 0 7.745966692414685 4.440892098500626e-16 4.99999999999998 -3.872983346207331 -2.23606797749977 0 0 0 0 0 0 0 0 0 0 0 0
0 -4.510281037539698e-15 7.199102425303749e-15 7.181755190543981e-15 -8.906070325664928e-15 7.688294445529209e-15 -3.872983346207285 2.833844270355712e-14 -3.464101615137653 0 0 0 2.738612787525761 2.12132034355955 -1.224744871391553 -2.738612787525761 -2.12132034355956 -6.123724356957762 0 0 0 0 0 0 0 0 0 3.872983346207331 2.999999999999879 -1.732050807568831 -7.745966692414656 -1.332267629550188e-15 -24.24871130596418 3.872983346207331 -2.999999999999879 -1.732050807568831 0 0 0 0 0 0 0 0 0 0 0 0
4.884981308350689e-15 -3.691491556878645e-15 -1.960237527853792e-15 3.672409598642901e-15 -3.252606517456513e-15 -3.469446951953614e-15 -2.236067977499763 -4.690692279041286e-15 -1.999999999999971 0 0 0 1.581138830084171 1.224744871391552 -0.7071067811865364 4.743416490252546 -1.224744871391584 2.121320343559621 0 0 0 0 0 0 0 0 0 2.236067977499771 1.732050807568831 -0.9999999999999869 0 24.24871130596427 0 -2.236067977499771 1.732050807568831 0.9999999999999869 0 0 0 0 0 0 0 0 0 0 0 0
0 -3.413935800722356e-15 -1.24986826444129e-15 -3.5355339059327 2.529226827974185e-15 -3.162277660168356 2.499999999999966 1.936491673103643 -1.118033988749885 2.499999999999976 -1.936491673103654 -1.11803398874988 0 0 0 10.60660171779808 2.738612787525702 4.743416490252555 3.535533905932713 -2.73861278752576 -1.581138830084172 0 0 0 0 0 0 0 0 0 -4.99999999999998 -3.872983346207331 2.23606797749977 0 7.745966692414685 4.440892098500626e-16 4.99999999999998 -3.872983346207331 -2.23606797749977 0 0 0 0 0 0 0 0 0
0 -6.300515664747763e-15 1.807581861967833e-15 -2.738612787525733 -1.667763149804102e-14 -2.449489742783109 1.93649167310363 1.49999999999991 -0.8660254037843969 1.936491673103655 -1.499999999999931 -0.8660254037844115 0 0 0 -2.738612787525761 2.121320343559559 -6.123724356957762 2.738612787525761 -2.12132034355955 -1.224744871391553 0 0 0 0 0 0 0 0 0 3.872983346207331 2.999999999999879 -1.732050807568831 -7.745966692414656 -1.332267629550188e-15 -24.24871130596418 3.872983346207331 -2.999999999999879 -1.732050807568831 0 0 0 0 0 0 0 0 0
4.884981308350689e-15 4.510281037539698e-16 -4.914471607442294e-15 1.581138830084163 2.770353391134961e-15 1.41421356237307 -1.118033988749885 -0.8660254037844166 0.4999999999999913 -1.118033988749879 0.8660254037844102 0.4999999999999912 0 0 0 -4.743416490252546 -1.224744871391584 -2.121320343559621 -1.581138830084171 1.224744871391552 0.7071067811865364 0 0 0 0 0 0 0 0 0 2.236067977499771 1.732050807568831 -0.9999999999999869 0 24.24871130596427 0 -2.236067977499771 1.732050807568831 0.9999999999999869 0 0 0 0 0 0 0 0 0
0 3.427813588530171e-15 -1.388646142519434e-15 3.5355339059327 1.974115315661606e-15 3.162277660168356 -2.499999999999976 -1.936491673103654 1.11803398874988 -2.499999999999965 1.936491673103643 1.118033988749885 0 0 0 -3.535533905932713 -2.73861278752576 1.581138830084172 -10.60660171779808 2.738612787525703 -4.743416490252555 0 0 0 0 0 0 0 0 0 0 0 0 -4.99999999999998 -3.872983346207331 2.23606797749977 0 7.745966692414685 4.440892098500626e-16 4.99999999999998 -3.872983346207331 -2.23606797749977 0 0 0 0 0 0
0 -6.314393452555578e-15 -1.675742877793596e-15 -2.738612787525734 1.687885942125433e-14 -2.449489742783109 1.936491673103655 1.499999999999931 -0.8660254037844115 1.93649167310363 -1.499999999999911 -0.866025403784397 0 0 0 2.738612787525761 2.12132034355955 -1.224744871391553 -2.738612787525761 -2.12132034355956 -6.123724356957762 0 0 0 0 0 0 0 0 0 0 0 0 3.872983346207331 2.999999999999879 -1.732050807568831 -7.745966692414656 -1.332267629550188e-15 -24.24871130596418 3.872983346207331 -2.999999999999879 -1.732050807568831 0 0 0 0 0 0
4.884981308350689e-15 -4.579669976578771e-16 -4.891920202254596e-15 -1.581138830084163 2.853620117981848e-15 -1.41421356237307 1.118033988749879 0.8660254037844102 -0.4999999999999912 1.118033988749885 -0.8660254037844164 -0.4999999999999913 0 0 0 1.581138830084171 1.224744871391552 -0.7071067811865364 4.743416490252546 -1.224744871391584 2.121320343559621 0 0 0 0 0 0 0 0 0 0 0 0 2.236067977499771 1.732050807568831 -0.9999999999999869 0 24.24871130596427 0 -2.236067977499771 1.732050807568831 0.9999999999999869 0 0 0 0 0 0
0 -1.068589661201713e-15 -3.609092191769747e-15 -5.457440055423035e-15 -4.742733983320591e-15 1.637578961322106e-15 0 0 0 -4.999999999999942 -8.659739592076221e-15 -4.472135954999556 0 0 0 0 0 0 10.60660171779808 2.738612787525702 4.743416490252555 3.535533905932713 -2.73861278752576 -1.581138830084172 0 0 0 0 0 0 0 0 0 0 0 0 -4.99999999999998 -3.872983346207331 2.23606797749977 0 7.745966692414685 4.440892098500626e-16 4.99999999999998 -3.872983346207331 -2.23606797749977 0 0 0
0 -4.427014310692812e-15 -7.018691183802162e-15 7.070732888081466e-15 8.881784197001252e-15 7.605027718682322e-15 0 0 0 -3.872983346207284 -2.878253191340718e-14 -3.464101615137654 0 0 0 0 0 0 -2.738612787525761 2.121320343559559 -6.123724356957762 2.738612787525761 -2.12132034355955 -1.224744871391553 0 0 0 0 0 0 0 0 0 0 0 0 3.872983346207331 2.999999999999879 -1.732050807568831 -7.745966692414656 -1.332267629550188e-15 -24.24871130596418 3.872983346207331 -2.999999999999879 -1.732050807568831 0 0 0
4.884981308350689e-15 3.70536934468646e-15 -1.984523656517467e-15 -3.575265083988199e-15 -3.256075964408467e-15 3.511080315377058e-15 0 0 0 2.236067977499764 -4.718447854656915e-15 1.999999999999971 0 0 0 0 0 0 -4.743416490252546 -1.224744871391584 -2.121320343559621 -1.581138830084171 1.224744871391552 0.7071067811865364 0 0 0 0 0 0 0 0 0 0 0 0 2.236067977499771 1.732050807568831 -0.9999999999999869 0 24.24871130596427 0 -2.236067977499771 1.732050807568831 0.9999999999999869 0 0 0
0 1.040834085586084e-15 1.109355662887168e-15 -5.263151026113633e-15 -5.5198901005582e-15 -1.942890293094024e-15 0 0 0 4.999999999999942 -9.325873406851315e-15 4.472135954999554 0 0 0 0 0 0 -3.535533905932713 -2.73861278752576 1.581138830084172 -10.60660171779808 2.738612787525703 -4.743416490252555 0 0 0 0 0 0 0 0 0 0 0 0 0 0 0 -4.99999999999998 -3.872983346207331 2.23606797749977 0 7.745966692414685 4.440892098500626e-16 4.99999999999998 -3.872983346207331 -2.23606797749977
0 -4.538036613155327e-15 -1.065467158944955e-14 -7.181755190543981e-15 -4.576200529626817e-15 7.799316747991725e-15 0 0 0 -3.872983346207285 2.833844270355712e-14 -3.464101615137653 0 0 0 0 0 0 2.738612787525761 2.12132034355955 -1.224744871391553 -2.738612787525761 -2.12132034355956 -6.123724356957762 0 0 0 0 0 0 0 0 0 0 0 0 0 0 0 3.872983346207331 2.999999999999879 -1.732050807568831 -7.745966692414656 -1.332267629550188e-15 -24.24871130596418 3.872983346207331 -2.999999999999879 -1.732050807568831
4.884981308350689e-15 4.871103520542874e-15 9.71445146547012e-17 -3.672409598642901e-15 -3.752206878537834e-15 1.443289932012704e-15 0 0 0 -2.236067977499763 -4.690692279041286e-15 -1.999999999999971 0 0 0 0 0 0 1.581138830084171 1.224744871391552 -0.7071067811865364 4.743416490252546 -1.224744871391584 2.121320343559621 0 0 0 0 0 0 0 0 0 0 0 0 0 0 0 2.236067977499771 1.732050807568831 -0.9999999999999869 0 24.24871130596427 0 -2.236067977499771 1.732050807568831 0.9999999999999869
0 2.738612787525809 2.110291108525786e-15 3.5355339059327 1.245531455751347e-15 -1.581138830084168 2.499999999999976 -1.936491673103654 -1.11803398874988 2.499999999999966 1.936491673103643 -1.118033988749885 3.535533905932713 -2.73861278752576 -1.581138830084172 0 0 0 0 0 0 10.60660171779808 2.738612787525702 4.743416490252555 4.99999999999998 -3.872983346207331 -2.23606797749977 0 0 0 0 0 0 0 0 0 0 0 0 0 0 0 -4.99999999999998 -3.872983346207331 2.23606797749977 0 7.745966692414685 4.440892098500626e-16
0 2.121320343559583 -9.928689814753255e-15 2.738612787525733 -1.416228245787465e-14 -1.224744871391544 1.936491673103655 -1.499999999999931 -0.8660254037844115 1.93649167310363 1.49999999999991 -0.8660254037843969 2.738612787525761 -2.12132034355955 -1.224744871391553 0 0 0 0 0 0 -2.738612787525761 2.121320343559559 -6.123724356957762 3.872983346207331 -2.999999999999879 -1.732050807568831 0 0 0 0 0 0 0 0 0 0 0 0 0 0 0 3.872983346207331 2.999999999999879 -1.732050807568831 -7.745966692414656 -1.332267629550188e-15 -24.24871130596418
4.884981308350689e-15 -1.224744871391566 5.714179129867603e-15 -1.581138830084163 1.249000902703301e-16 0.7071067811865317 -1.118033988749879 0.8660254037844102 0.4999999999999912 -1.118033988749885 -0.8660254037844166 0.4999999999999913 -1.581138830084171 1.224744871391552 0.7071067811865364 0 0 0 0 0 0 -4.743416490252546 -1.224744871391584 -2.121320343559621 -2.236067977499771 1.732050807568831 0.9999999999999869 0 0 0 0 0 0 0 0 0 0 0 0 0 0 0 2.236067977499771 1.732050807568831 -0.9999999999999869 0 24.24871130596427 0
