# Created from matlab git hash 44e5d814ece930399b58c9298dbb19a28bd9b520
# name: foo
# type: matrix
# rows: 48
# columns: 48
-3.139978511774498e-30 7.79416401967035e-15 -3.512149865640753e-30 1.577721810442024e-30 -2.671162215758916e-30 -1.353594363496403e-14 -6.206335383118133e-17 1.922962686383593e-16 -1.897022819240882e-14 -6.206335383118055e-17 1.922962686383593e-16 -1.897022819240882e-14 1.755416734288362e-16 1.359739955510579e-16 -2.68837289171353e-14 8.777083671441966e-17 6.798699777553166e-17 -2.68444766056682e-14 1.755416734288364e-16 1.359739955510583e-16 -2.68837289171353e-14 8.777083671441809e-17 6.798699777553166e-17 -2.68444766056682e-14 1.956007567214357e-16 -7.691850745534355e-16 -3.754520410271629e-14 4.438541720461653e-16 -5.768888059150802e-16 -3.765622640517881e-14 1.956007567214347e-16 -7.691850745534385e-16 -3.754520410271629e-14 3.197274643838032e-16 -6.730369402342579e-16 -3.760071525394755e-14 1.956007567214358e-16 -7.691850745534353e-16 -3.754520410271629e-14 4.438541720461654e-16 -5.768888059150802e-16 -3.765622640517881e-14 1.956007567214345e-16 -7.691850745534381e-16 -3.754520410271629e-14 3.197274643838017e-16 -6.730369402342579e-16 -3.760071525394754e-14
1.332267629550106e-15 -3.000000000000026 -3.872983346207406 -3.872983346207413 -2.999999999999958 1.732050807568902 -1.929264338118459e-14 -2.407195963380805e-14 4.490035563564547e-14 -5.477225575051681 -4.242640687119229 2.449489742783184 -1.016821420836381e-14 -1.686571039904406e-14 5.613120311634316e-14 -3.594360051168773e-14 -3.503570676508948e-14 4.239688135709021e-14 -1.149940097627608e-14 -1.723893538904616e-14 9.073539615854042e-15 -7.745966692414884 -5.999999999999934 3.464101615137746 -1.135671736904538e-14 -1.261543065374218e-14 7.237182435232672e-14 -2.316802884511651e-14 -2.261388834673929e-14 6.190359515326445e-14 -6.788709816233793e-15 -1.150229678166008e-14 3.898868663299886e-14 -5.863633427993309e-14 -5.12325480926973e-14 4.506669122064116e-14 -8.750416011663815e-15 -1.244129200335617e-14 6.013048152773513e-15 -2.407386632924829e-14 -2.441754092339191e-14 -3.342428826005778e-15 -1.013651368969642e-14 -1.103955904046735e-14 -2.828485009568864e-14 -10.95445115010342 -8.485281374238488 4.898979485566331
-2.775557561562913e-15 3.872983346207514 -2.290954456023945e-16 6.439031201986263e-14 -2.775557561562741e-16 -1.114050956287122e-13 -8.930466365348175e-15 -2.675394903389328e-15 -6.722074022971625e-14 5.458913827051741e-14 2.819742539550418e-15 -1.093622021316058e-14 1.893701464676795e-14 3.112744575976002e-14 -8.555318944790784e-14 -3.603569190271272e-15 -8.129280854837042e-16 -1.353934235315961e-15 -2.580207813712933e-14 -3.499452587930653e-14 3.917356357590545e-14 4.185653940667462e-14 6.172007304158249e-16 -6.133635895711784e-15 2.12556301001317e-14 3.481012218925621e-14 -1.092029069314401e-13 4.601525402612867e-14 4.649328042662767e-14 -5.740930750648564e-14 6.598692485746728e-15 1.134175231422602e-14 2.947376194318777e-15 -1.730766813042465e-15 2.403189999409554e-17 3.130965642939358e-14 -1.034212208215346e-14 -1.232955204826631e-14 4.530743837593768e-14 -4.966183409469646e-14 -4.821865036177134e-14 5.882105261198535e-14 -2.660054058793771e-14 -3.568621936529095e-14 2.449910408026407e-14 3.089549529775832e-14 2.61166257921287e-16 -3.817725439491066e-14
-1.110223024625175e-16 -3.872983346207527 4.440892098494547e-16 -10.00000000000022 -5.99734016742439e-16 -2.236067977499866 7.071067811865555 5.477225575051688 -3.162277660168286 -7.071067811865555 -5.477225575051688 3.162277660168286 1.199394109847318e-14 3.924957281298577e-15 9.580906047223663e-14 10.00000000000017 7.74596669241488 -4.472135954999656 -1.199394109847317e-14 -3.924957281298586e-15 -9.580906047223665e-14 -10.00000000000017 -7.74596669241488 4.472135954999656 -2.703312183927537e-14 -4.574122808830267e-14 1.206334070986207e-13 2.46846911262279e-15 5.418668450097133e-17 1.63658724889787e-15 3.73216598912467e-14 4.739911407673201e-14 -5.445631776195987e-14 14.14213562373127 10.9544511501034 -6.324555320336893 2.703312183927537e-14 4.574122808830271e-14 -1.206334070986208e-13 -2.468469112622787e-15 -5.418668450096896e-17 -1.636587248897877e-15 -3.73216598912467e-14 -4.739911407673203e-14 5.445631776195989e-14 -14.14213562373127 -10.9544511501034 6.324555320336893
3.55271367880055e-15 3.000000000000083 1.049423742885799e-15 -2.128637803390427e-14 -6.671301951102946e-16 -6.928203230275676 9.586634578514249e-14 5.583166287670851e-15 -1.497251851946946e-13 8.198861770858261e-14 2.049313702968047e-16 -1.605421738381967e-13 -1.926570149209841e-14 -1.044077789817802e-14 -7.732490372890113e-14 8.072063066097519e-14 5.342462260405636e-15 -1.818281788511961e-14 -6.117750300563726e-15 2.591330656877094e-15 -1.091761007155522e-13 6.81888241038824e-14 1.523120848598927e-15 -1.469061469503785e-14 2.403199441922599e-14 3.865180317307372e-14 -9.660413909870864e-14 -1.469570790735556e-14 -1.29037181345287e-14 1.42092772949648e-14 -3.958590993138284e-14 -5.253619987261647e-14 5.451997655945898e-14 6.223862219402422e-14 6.767384302156888e-15 -2.237120631817103e-14 3.208029320719436e-14 4.883236827470238e-14 -1.396686688684337e-13 4.757089177417365e-15 8.920319834686977e-15 -1.595199878052347e-14 -3.038206244212959e-14 -4.077514023898418e-14 4.926607227493534e-14 4.983299742228234e-14 1.660997544501158e-15 -3.545076469497984e-15
6.661338147752741e-16 1.732050807568892 2.039668723155454e-15 -2.236067977499789 6.928203230275485 -5.000000000000035 6.324555320336765 4.898979485566286 -2.828427124746211 3.162277660168381 2.449489742783155 -1.41421356237314 2.036407507265642e-14 2.872520101420798e-14 -4.11002903367255e-14 8.9442719099992 6.928203230275419 -3.999999999999994 1.994754749949421e-14 2.960424231925626e-14 -6.857346924766439e-14 4.472135954999611 3.464101615137726 -2.000000000000028 1.473426526207043e-14 1.998952616824172e-14 -4.793712585439938e-14 4.264121321659017e-14 4.284358333498708e-14 -3.193773630464563e-14 1.363209396673635e-14 2.005925264828178e-14 9.326350430564965e-15 12.64911064067361 9.797958971132603 -5.656854249492354 1.388816551036819e-14 2.168772127730305e-14 -8.651908538912416e-14 4.269053772227736e-14 4.360736240768155e-14 -6.926473813276306e-14 1.385823426578173e-14 2.05129202026913e-14 -2.924294487661709e-14 6.324555320336827 4.898979485566325 -2.828427124746204
2.220446049250392e-16 -5.477225575051804 8.276449663965816e-15 -7.071067811865623 -3.137376424902515e-15 3.162277660168444 -15.00000000000034 3.872983346207433 -6.708203932499558 -5.00000000000011 -3.87298334620743 2.236067977499833 14.14213562373112 10.95445115010338 -6.324555320336564 -7.071067811865476 -5.477225575051688 3.162277660168121 1.566912511829283e-30 1.366691087895735e-30 2.946513958039099e-30 -7.071067811865642 -5.477225575051688 3.162277660168444 2.706019909848497e-14 4.304049843404946e-15 1.888777381230637e-13 20.00000000000036 15.49193338482977 -8.944271909999323 -2.706019909848495e-14 -4.304049843404939e-15 -1.888777381230636e-13 -10.00000000000011 -7.745966692414883 4.472135954999643 -1.155369642739057e-30 -2.221191461128132e-30 3.56730115151952e-30 1.736891828469984e-30 1.597256446738378e-30 -3.54968501515988e-30 3.003721531270257e-30 3.940111749334411e-30 -5.642894559902347e-30 -10.00000000000025 -7.745966692414886 4.472135954999676
-4.44089209850025e-16 4.242640687119405 1.017374049575589e-14 5.477225575051802 -1.999878130606351e-15 -2.449489742783225 -3.872983346207553 -3.000000000000028 -12.12435565298243 3.87298334620752 3.000000000000023 -1.732050807568918 1.848021114236266e-13 1.393459259685654e-15 -2.943970368993953e-13 -5.477225575051661 -4.242640687119327 2.449489742782914 -5.411031546670102e-30 -2.499242753974975e-29 -1.505163605082225e-29 5.477225575051815 4.242640687119325 -2.449489742783237 -3.59889552327179e-14 -2.098252716337734e-14 -1.511760319144869e-13 1.518047457069385e-13 4.195095926131213e-15 -3.50344390074464e-14 -1.153701245653689e-14 1.317962215318878e-14 -2.160201047019999e-13 -7.745966692414935 -6.00000000000006 3.464101615137813 1.953055359388915e-29 -1.004044938634607e-29 -5.265760695291426e-29 -5.718576148161104e-29 -3.560627603307833e-29 8.723111861138722e-30 8.674428038627245e-30 -1.693863778956101e-29 7.098221538602628e-31 7.745966692415062 6.000000000000065 -3.464101615137845
4.884981308350986e-15 2.449489742783197 8.801725418004578e-15 3.162277660168403 -2.890826401964e-15 -1.414213562373096 -6.708203932499381 12.12435565298211 -9.000000000000064 2.236067977499809 1.732050807568859 -1.000000000000005 12.64911064067352 9.797958971132575 -5.656854249492417 3.162277660168356 2.449489742783154 -1.414213562373176 -2.670899641303056e-30 -2.22977766682905e-30 3.568110364607862e-30 3.162277660168411 2.449489742783157 -1.414213562373104 3.706472094412976e-14 5.627127487191777e-14 -8.019170342520841e-14 17.8885438199984 13.85640646055085 -7.999999999999991 3.764732792295003e-14 6.062888237848592e-14 -1.351656181474935e-13 4.472135954999592 3.464101615137727 -2.000000000000039 -4.826390760805445e-30 3.467862479936621e-30 2.169494614033564e-30 -2.603745338184498e-30 1.502935132333947e-30 1.117176871208868e-29 -5.47154302893243e-30 -6.028613336585826e-30 3.9455887303117e-30 4.472135954999631 3.464101615137728 -2.000000000000016
2.220446049250359e-16 5.343212787017799e-15 -9.22476279431612e-15 7.071067811865622 -8.07882949638162e-16 6.324555320336928 -5.00000000000011 -3.87298334620743 2.236067977499833 -15.00000000000034 3.872983346207433 -6.708203932499558 4.011077021049539e-30 1.771583925679568e-30 2.170548977099153e-29 -7.071067811865642 -5.477225575051688 3.162277660168444 14.14213562373112 10.95445115010338 -6.324555320336564 -7.071067811865476 -5.477225575051688 3.162277660168121 -6.414962737089535e-30 -1.029507543760114e-29 2.720951759134197e-29 2.272153188935925e-30 1.795230321348695e-30 -8.722072273524263e-31 9.485036741307193e-30 1.235485382282635e-29 -1.242018820266098e-29 -10.00000000000025 -7.745966692414886 4.472135954999676 2.706019909848495e-14 4.304049843404914e-15 1.888777381230638e-13 20.00000000000036 15.49193338482977 -8.944271909999323 -2.706019909848495e-14 -4.304049843404939e-15 -1.888777381230636e-13 -10.00000000000011 -7.745966692414883 4.472135954999643
-4.440892098500249e-16 -1.042671826075273e-14 -8.908658417532954e-15 -5.477225575051802 3.945939914964373e-15 -4.89897948556649 3.87298334620752 3.000000000000023 -1.732050807568918 -3.872983346207552 -3.000000000000028 -12.12435565298243 -2.393428501238904e-29 1.552980605847379e-29 -2.194799360585544e-29 5.477225575051815 4.242640687119325 -2.449489742783237 1.848021114236266e-13 1.393459259685624e-15 -2.943970368993953e-13 -5.47722557505166 -4.242640687119327 2.449489742782914 2.169789431247976e-29 1.25758665227362e-29 -2.369126489859976e-29 -4.719357920965501e-30 -1.029662065040017e-29 1.287956970680357e-29 -9.62616371491108e-31 -1.702854958376976e-29 1.255385041717222e-30 7.745966692415062 6.000000000000065 -3.464101615137845 -3.59889552327179e-14 -2.098252716337738e-14 -1.51176031914487e-13 1.518047457069385e-13 4.195095926131251e-15 -3.503443900744642e-14 -1.153701245653691e-14 1.317962215318873e-14 -2.160201047019999e-13 -7.745966692414935 -6.00000000000006 3.464101615137813
4.884981308351009e-15 -3.424183181354528e-15 -8.113050719934663e-15 -3.162277660168403 1.794677434155497e-15 -2.828427124746212 2.236067977499809 1.732050807568859 -1.000000000000006 -6.70820393249938 12.12435565298211 -9.000000000000064 -2.009876313220451e-30 2.0290397023747e-30 -1.05464474048489e-29 3.162277660168411 2.449489742783157 -1.414213562373104 12.64911064067352 9.797958971132575 -5.656854249492417 3.162277660168357 2.449489742783154 -1.414213562373177 1.487725607094467e-29 3.015782430618067e-30 -4.646867219551165e-31 1.534671424575857e-30 1.349881763254944e-30 -4.734498272825982e-31 -6.367176012080875e-30 -6.80630889811706e-30 1.480258288857725e-30 4.472135954999631 3.464101615137729 -2.000000000000016 3.706472094412979e-14 5.627127487191779e-14 -8.019170342520845e-14 17.8885438199984 13.85640646055085 -7.999999999999991 3.764732792295002e-14 6.06288823784859e-14 -1.351656181474935e-13 4.472135954999593 3.464101615137728 -2.000000000000039
4.440892098500724e-16 -7.745966692415019 9.752326409478316e-15 -10.00000000000021 1.068053563939816e-14 4.47213595499966 -7.071067811865623 5.477225575051668 3.162277660168449 -7.071067811865621 -5.477225575051671 3.162277660168435 -30.00000000000066 7.745966692414862 -13.41640786499912 -5.838239374440744e-17 -4.522280773676424e-17 2.610940022032289e-17 -2.708065444010103e-31 -4.080768766598349e-31 8.21060306375811e-31 -10.00000000000022 -7.745966692414859 4.472135954999663 28.28427124746223 21.90890230020674 -12.64911064067315 -14.14213562373094 -10.95445115010337 6.324555320336257 3.699833863473101e-31 1.457821853733005e-30 -6.958349525846372e-30 -8.256517303714864e-17 -6.39547080299229e-17 3.692426789702036e-17 -2.951280975990841e-31 -3.690862851188167e-31 9.862356028195436e-31 -5.653960378055046e-31 -5.78466954569969e-31 5.209321180765456e-31 -1.87089288894015e-31 -2.10619875818236e-31 -2.038648285703759e-31 -14.14213562373128 -10.95445115010338 6.324555320336886
2.220446049250607e-16 6.000000000000163 9.709495620507595e-15 7.74596669241501 1.149948192225116e-14 -3.464101615137823 5.477225575051801 -4.242640687119318 -2.449489742783215 5.4772255750518 4.242640687119311 -2.449489742783233 -7.745966692415103 -6.000000000000052 -24.24871130596483 4.236930320549253e-16 3.281912114105129e-16 -1.894812842534924e-16 2.591672151126716e-31 -3.408766866187303e-30 7.827247648300602e-31 7.745966692415043 6.000000000000051 -3.464101615137836 3.583055278143895e-13 -2.628372476682764e-15 -5.807398963482698e-13 -10.95445115010333 -8.485281374238648 4.898979485565838 3.296318168196356e-29 3.842979370944333e-30 -5.545122162381572e-30 5.991924322149428e-16 4.641324622284609e-16 -2.679670020072253e-16 2.210666245158293e-30 -3.944418531512511e-30 -4.968315224688697e-30 -8.800149901269367e-30 -5.192005307230444e-30 -8.370281235324381e-31 4.073807568150685e-30 3.363786127104502e-31 -4.496725519452993e-30 10.95445115010363 8.485281374238651 -4.898979485566479
3.330669073875819e-15 3.464101615137778 1.257898323327414e-14 4.472135954999597 7.799955443879893e-15 -2 3.162277660168406 -2.449489742783157 -1.414213562373089 3.162277660168404 2.44948974278315 -1.414213562373101 -13.41640786499877 24.24871130596424 -18.00000000000013 8.448128824370392e-17 6.54389244867945e-17 -3.778118066793531e-17 -1.15235481355005e-30 -4.44281866024299e-30 -3.856071269273654e-30 4.47213595499962 3.464101615137721 -2.000000000000011 25.29822128134706 19.59591794226516 -11.31370849898484 6.324555320336715 4.898979485566307 -2.828427124746341 -1.403576617384515e-29 -7.412240421382761e-31 1.420677385952798e-29 1.194745836009913e-16 9.254461451634276e-17 -5.343065810306348e-17 3.102835944454355e-30 4.877284576563251e-31 -1.219481735298409e-29 -1.049515074491702e-29 -4.624887521229253e-30 4.869851124887096e-30 3.894802810954621e-31 -4.880093956893645e-30 3.024431959763942e-30 6.324555320336824 4.898979485566315 -2.828427124746209
4.440892098500725e-16 4.70483847667641e-15 -1.020061471628651e-14 1.230932418276104e-14 -9.750540388253807e-15 -7.263958977261932e-15 14.14213562373124 6.068759958743372e-15 12.64911064067384 8.417093743727885e-17 6.519852778584708e-17 -3.764238756792931e-17 -10.00000000000022 -7.745966692414859 4.472135954999663 -30.00000000000066 7.745966692414862 -13.41640786499912 -2.067095543409274e-31 -9.629517326667923e-32 -1.540990485571825e-30 1.190356812814564e-16 9.220464224150416e-17 -5.323437501866658e-17 1.533639097066153e-30 2.421313297358231e-30 -4.725005064535113e-30 -14.14213562373128 -10.95445115010338 6.324555320336886 28.28427124746223 21.90890230020674 -12.64911064067315 -14.14213562373094 -10.95445115010337 6.324555320336257 4.68978718702408e-31 7.481931340024228e-31 -1.972878236312784e-30 -1.132567952001616e-31 -4.317866748150846e-32 7.92297169415801e-32 -6.067246459692552e-31 -8.112645440357353e-31 9.960079588577293e-31 1.683418748745562e-16 1.303970555716945e-16 -7.528477513585371e-17
4.44089209850102e-16 -8.441507636722354e-15 1.32958020749719e-14 1.329573158928824e-14 -1.815636318482623e-14 1.311565725133758e-14 -10.9544511501036 3.469376132758826e-15 -9.797958971132982 1.683246134622422e-16 1.303836849392105e-16 -7.527705559757229e-17 7.745966692415043 6.000000000000051 -3.464101615137836 -7.745966692415104 -6.000000000000052 -24.24871130596483 -1.147921926280428e-31 -4.270631907963216e-30 4.554080772822764e-30 2.380469512394959e-16 1.843903755532026e-16 -1.064578329616139e-16 2.370924730899717e-29 4.102328873417573e-30 -2.048180197342114e-30 10.95445115010363 8.485281374238651 -4.898979485566479 3.583055278143894e-13 -2.628372476682837e-15 -5.8073989634827e-13 -10.95445115010333 -8.485281374238649 4.898979485565839 1.18248102498643e-30 -5.541611018020595e-30 -3.606940515306342e-31 -1.013045330369274e-29 -6.511699085796931e-30 9.22738564186103e-31 4.388949573485377e-30 6.54948246405839e-31 -5.250948714598441e-30 3.366492269244441e-16 2.607673698783972e-16 -1.505541111951644e-16
3.330669073875807e-15 -7.87629072729715e-15 5.097316788239469e-15 1.194049645253856e-14 -1.445901981951966e-14 5.530214711365141e-15 -6.324555320336809 2.285738588797171e-15 -5.656854249492425 -4.331326022057165e-16 -3.355030710084355e-16 1.937027883606622e-16 4.47213595499962 3.464101615137721 -2.000000000000011 -13.41640786499877 24.24871130596424 -18.00000000000013 -3.276294907572153e-31 3.750888971357936e-30 2.102578659342344e-30 -6.125420003452618e-16 -4.74472993237948e-16 2.739371103691342e-16 -1.173586485651826e-29 -1.037072796897407e-29 1.47296216108681e-29 6.324555320336825 4.898979485566315 -2.828427124746209 25.29822128134706 19.59591794226516 -11.31370849898484 6.324555320336716 4.898979485566309 -2.828427124746342 -5.201941533097294e-30 3.855641280946684e-30 8.341674212081186e-30 9.908571415095828e-30 7.099328663882314e-30 1.474072923101403e-30 -4.607107801875955e-30 1.176492805221818e-31 1.133957958453357e-30 -8.662652044114123e-16 -6.710061420168613e-16 3.874055767213351e-16
4.440892098500723e-16 1.012173776717681e-14 -4.422416071885849e-15 10.00000000000021 1.224479251473877e-14 8.944271909999374 -7.071067811865621 -5.477225575051671 3.162277660168435 -7.071067811865623 5.477225575051668 3.162277660168449 6.385496625394371e-31 3.374379414678111e-31 2.430931426883935e-30 -10.00000000000022 -7.745966692414859 4.472135954999663 -30.00000000000066 7.745966692414862 -13.41640786499912 -5.634097704441582e-17 -4.364153316041524e-17 2.519645091800541e-17 -7.661123897744621e-31 -1.256865204910438e-30 3.042773325465585e-30 4.858131389688112e-31 4.291569507480352e-31 -5.834904856862355e-31 1.279575487529174e-30 1.714295377376704e-30 -1.882451473407712e-30 -14.14213562373128 -10.95445115010338 6.324555320336886 28.28427124746223 21.90890230020674 -12.64911064067315 -14.14213562373094 -10.95445115010337 6.324555320336257 1.17455142055297e-30 2.508982967615181e-30 -8.528270255770224e-30 -7.967817385356413e-17 -6.17184480782145e-17 3.563316261192317e-17
4.440892098500968e-16 -1.38558720304368e-14 -3.963210112987165e-15 -7.74596669241501 1.47227316302695e-14 -6.928203230275702 5.4772255750518 4.242640687119311 -2.449489742783233 5.477225575051801 -4.242640687119318 -2.449489742783215 -3.835623859023905e-30 2.555255194661169e-30 1.03480651298529e-30 7.745966692415043 6.000000000000051 -3.464101615137836 -7.745966692415103 -6.000000000000052 -24.24871130596483 3.74509794948815e-16 2.900940397655924e-16 -1.674858719489325e-16 2.164205633679842e-30 -5.335686037390131e-31 1.811886024621365e-30 -1.276232162403036e-30 -2.412427938630049e-30 1.604373643256962e-30 1.664211731199557e-30 -6.979230559401128e-31 -4.024516232353518e-30 10.95445115010363 8.485281374238651 -4.898979485566479 3.583055278143894e-13 -2.628372476682771e-15 -5.807398963482698e-13 -10.95445115010333 -8.485281374238648 4.898979485565838 3.387170122441197e-29 2.855801621279019e-30 -4.062831959909586e-30 5.296368312580463e-16 4.102549254001598e-16 -2.368607916161353e-16
3.330669073875827e-15 -6.577636389084787e-15 -6.651223892934231e-15 -4.472135954999597 1.420156537617998e-14 -4.000000000000029 3.162277660168404 2.449489742783149 -1.414213562373101 3.162277660168407 -2.449489742783157 -1.414213562373089 -4.515014261398584e-30 5.025613894665429e-30 -8.360405598297421e-30 4.47213595499962 3.464101615137721 -2.000000000000011 -13.41640786499877 24.24871130596424 -18.00000000000013 4.494205435205567e-16 3.481196560997061e-16 -2.009869771593704e-16 9.744111881081171e-30 3.586553992389259e-30 -5.0932268777647e-30 1.293038942741606e-30 7.288946092529167e-32 7.89887481830273e-31 -1.270333890613353e-30 -4.195397010238812e-30 -2.205654353447952e-31 6.324555320336824 4.898979485566314 -2.828427124746209 25.29822128134706 19.59591794226516 -11.31370849898484 6.324555320336715 4.898979485566307 -2.828427124746341 -8.119058544333296e-30 -5.981803711776523e-31 1.628798473245401e-29 6.355766278558484e-16 4.923155389848643e-16 -2.842385089591551e-16
4.440892098500725e-16 4.360083192809535e-15 3.991763972301144e-15 -1.230383520855596e-14 -1.332657942332373e-14 -5.886281728012618e-15 6.105373588976083e-17 4.729202046495773e-17 -2.73040607459627e-17 14.14213562373124 6.056866321401856e-15 12.64911064067384 -2.564231310880364e-32 -2.821474927561283e-31 1.889703905024877e-30 8.634302132884543e-17 6.68810167335693e-17 -3.861377301480251e-17 -10.00000000000022 -7.745966692414859 4.472135954999663 -30.00000000000066 7.745966692414862 -13.41640786499912 -5.218231540066278e-31 -8.31916008425827e-31 2.389696499900767e-30 -4.13485024500366e-31 -4.352687093497323e-31 5.996900596408774e-31 3.280568642862169e-31 4.070302150242263e-31 -5.540258172124804e-31 1.221074717795233e-16 9.458404092991579e-17 -5.460812149193046e-17 7.276734338637381e-31 1.132029134146699e-30 -1.19915210444807e-30 -14.14213562373128 -10.95445115010338 6.324555320336886 28.28427124746223 21.90890230020674 -12.64911064067315 -14.14213562373094 -10.95445115010337 6.324555320336257
4.440892098501017e-16 -1.019196375267703e-14 -1.951976956800602e-14 -1.333736078095106e-14 -7.941937715648348e-15 1.536647289955792e-14 2.063305006152827e-16 1.598229185395378e-16 -9.227380504145583e-17 -10.9544511501036 3.453212871710332e-15 -9.797958971132982 -3.778096865400696e-30 1.824781919478041e-30 8.694278484724907e-30 2.917953923013651e-16 2.260237389766528e-16 -1.304948665414144e-16 7.745966692415043 6.000000000000051 -3.464101615137836 -7.745966692415104 -6.000000000000052 -24.24871130596483 2.714535196496798e-31 -3.795471479529589e-30 1.166184210623867e-29 -2.474218732328043e-30 -3.727479039978937e-30 4.071699978981013e-30 3.255978559705799e-30 1.240297211202758e-30 -6.031620765590511e-30 4.126610012305583e-16 3.196458370790409e-16 -1.845476100829358e-16 2.382978738784283e-29 7.166261330916352e-31 -9.457384512867618e-30 10.95445115010363 8.485281374238651 -4.898979485566479 3.583055278143894e-13 -2.628372476682748e-15 -5.807398963482699e-13 -10.95445115010333 -8.485281374238649 4.898979485565839
3.330669073875815e-15 -1.122304594169658e-15 -1.150933098075381e-14 -1.19457093460871e-14 -9.82483507204507e-15 9.734893428548692e-15 -1.735889665268414e-16 -1.344614352887716e-16 7.763134585960046e-17 -6.324555320336809 2.481069785744011e-15 -5.656854249492425 3.036767513149131e-30 -4.276723487478484e-30 6.482089141259358e-30 -2.45491870740585e-16 -1.901571854015221e-16 1.097873021799079e-16 4.47213595499962 3.464101615137721 -2.000000000000011 -13.41640786499877 24.24871130596425 -18.00000000000013 -6.502802027919036e-31 -4.054762677685631e-30 1.192830541489623e-29 -1.34001583390419e-30 -3.446077676952525e-31 1.770456932189694e-31 -2.093873643014579e-30 8.194696559293426e-31 -1.100767702729794e-30 -3.471779330536889e-16 -2.689228705775239e-16 1.552626917191821e-16 -8.985349925644595e-30 -3.612892005148076e-30 2.022783750216905e-29 6.324555320336825 4.898979485566315 -2.828427124746209 25.29822128134706 19.59591794226516 -11.31370849898484 6.324555320336717 4.898979485566309 -2.828427124746342
-1.332267629550208e-15 -10.95445115010356 8.862987681346726e-15 -14.14213562373122 1.50568888249931e-14 6.324555320336858 -10.00000000000022 7.745966692414859 4.472135954999665 -10.0000000000002 -7.745966692414835 4.472135954999652 -14.14213562373124 10.95445115010333 6.324555320336906 8.912494862215844e-17 6.903588834904141e-17 -3.985788872206685e-17 -8.164223019871784e-31 -9.708695771060102e-31 1.60423849244979e-31 -14.14213562373124 -10.95445115010334 6.324555320336868 -60.00000000000133 15.49193338482971 -26.83281572999821 3.336771949003397e-16 2.584652437716431e-16 -1.492249780677182e-16 7.005230877529545e-31 1.2433232151801e-30 -2.586541883225382e-30 1.260417110872627e-16 9.763148959368904e-17 -5.636756679830078e-17 -6.402422158169191e-32 8.118938745129417e-32 1.32736160834874e-31 -1.315861025219631e-30 -1.29460391447634e-30 1.485855501026797e-30 -1.089829244223578e-30 -1.390619791869092e-30 1.061660419410671e-30 -20.00000000000044 -15.49193338482972 8.944271909999328
8.881784197001521e-16 8.485281374238788 8.839793227422335e-15 10.95445115010356 1.14957656157431e-14 -4.898979485566445 7.745966692414991 -6.000000000000009 -3.464101615137814 7.745966692415015 6.000000000000027 -3.464101615137825 10.9544511501036 -8.485281374238635 -4.89897948556643 -9.876367420171063e-17 -7.650201307870543e-17 4.416845784454731e-17 2.919269065444991e-32 -6.85420087324765e-31 4.885676653239116e-31 10.9544511501036 8.485281374238623 -4.898979485566461 -15.49193338483019 -12.00000000000009 -48.49742261192964 -5.302220283646233e-16 -4.107082171297171e-16 2.371224997181926e-16 4.502380634663731e-30 -1.17279374781069e-30 2.094478769312236e-30 -1.396729275258801e-16 -1.081901844447394e-16 6.246363211285051e-17 3.001944146791096e-31 -8.899734153312439e-31 -4.829449140360228e-31 -1.701302174915247e-30 -1.052260005995472e-30 -8.171722350455166e-32 7.942391904303461e-31 1.440431845147614e-31 -9.940844646151204e-31 15.49193338483007 12.00000000000009 -6.928203230275668
1.088018564132701e-14 4.898979485566374 2.114027049717351e-14 6.324555320336766 1.571374734109346e-14 -2.828427124746184 4.472135954999583 -3.464101615137693 -1.999999999999991 4.472135954999604 3.464101615137707 -2.000000000000004 6.324555320336804 -4.898979485566309 -2.828427124746181 -1.740139840023628e-16 -1.347906524096838e-16 7.782141945297746e-17 -4.957064143215155e-31 -2.699147107515348e-30 1.225181265230729e-30 6.324555320336803 4.898979485566297 -2.8284271247462 -26.83281572999755 48.4974226119285 -36.00000000000024 6.636832398917389e-16 5.140868270515208e-16 -2.96808167985e-16 1.015141167959281e-30 4.823548202586915e-31 -2.629014066482488e-31 -2.460929362187468e-16 -1.90622768718881e-16 1.100561068335217e-16 7.84398216465592e-31 -1.806455939756915e-30 -2.311614951848446e-30 -6.138178766169103e-30 -3.410830267338346e-30 2.082214448548193e-30 1.309665042352833e-30 -1.136825358091332e-30 -1.043587068222378e-30 8.944271909999232 6.928203230275436 -4.00000000000002
-1.332267629550208e-15 -6.453643257154064e-16 -8.015515939521753e-15 1.372363770699698e-14 -1.135859390826578e-14 -4.212361277828918e-15 2.720056224337772e-14 -2.510712563019823e-14 -9.667654829235738e-15 1.776480519072717e-16 1.376055893046073e-16 -7.944662402701564e-17 28.28427124746248 9.412485379408298e-15 25.29822128134769 1.884753858049546e-16 1.459924060785212e-16 -8.428875494906908e-17 -8.995077113721483e-32 3.100332928415699e-32 -1.554985320151609e-30 2.512322843364229e-16 1.946036906529181e-16 -1.123544931837591e-16 -20.00000000000044 -15.49193338482972 8.944271909999328 -60.00000000000133 15.49193338482971 -26.83281572999821 2.726839824065816e-31 -4.584994171814729e-31 5.02919209307991e-30 2.665444467788704e-16 2.064644406797252e-16 -1.192023004045262e-16 4.198592282512185e-31 6.482475338273029e-31 -1.987593084313017e-30 7.199954075525685e-32 1.102930517843953e-31 -3.638399705063216e-31 -4.261679351420899e-31 -5.478609805085796e-31 5.023491065700049e-31 3.552961038145428e-16 2.752111786092157e-16 -1.588932480540275e-16
8.881784197001615e-16 -6.654226917349512e-15 1.577524478237746e-14 -1.897085600480187e-14 1.554792397119765e-14 1.01683496534655e-14 2.411655954108878e-14 -3.099799518906406e-14 3.060512524927163e-14 4.074616853648921e-16 3.156184643271579e-16 -1.822224053405085e-16 -21.9089023002072 6.352426044392971e-15 -19.59591794226595 9.613835676881322e-17 7.446845093946105e-17 -4.299438019602009e-17 -1.57727633434804e-31 -8.067915150239809e-31 -1.946027784052408e-31 5.762378415904345e-16 4.463519127868758e-16 -2.577013970007971e-16 15.49193338483007 12.00000000000009 -6.928203230275668 -15.49193338483019 -12.00000000000009 -48.49742261192964 5.184312169895832e-30 -7.608395263562329e-31 5.039797641961718e-30 1.35960168006698e-16 1.05314293287513e-16 -6.080323557905572e-17 5.745668110246701e-31 -4.126037837696062e-31 -1.319869068563349e-30 -1.853928476588887e-30 -1.158030448901264e-30 4.372450713992925e-31 3.489505200817527e-31 -4.650777108805589e-31 6.234379100663969e-32 8.149233707298139e-16 6.312369286543469e-16 -3.644448106810356e-16
1.088018564132701e-14 -1.479965781195107e-14 1.287087167388502e-14 -4.6318920450772e-15 5.101326074642752e-16 6.064305029113444e-15 2.290547147465115e-14 -2.542077415493726e-14 2.456279458542259e-15 -1.927779662853208e-16 -1.493251705877547e-16 8.621292743562953e-17 -12.64911064067361 4.963521911148285e-15 -11.31370849898484 -1.259653271320402e-16 -9.757232283638094e-17 5.63334068550348e-17 -5.259036128313092e-31 -1.293336896842026e-30 5.908830621654867e-31 -2.726292144474087e-16 -2.11177681448877e-16 1.219234912313523e-16 8.944271909999232 6.928203230275437 -4.00000000000002 -26.83281572999755 48.49742261192849 -36.00000000000024 -1.174153025511715e-29 -1.497570803174011e-30 8.642428225878465e-30 -1.781418740188722e-16 -1.379881022674664e-16 7.966746798908226e-17 -2.253083449331709e-31 -4.335115689456832e-31 -8.407166628530693e-31 -2.552523933333407e-30 -1.293172712624652e-30 1.345585160262092e-30 -1.703008991704596e-31 -1.019176159701905e-30 -5.712555122940806e-31 -3.855559325706474e-16 -2.986503411755151e-16 1.724258548712585e-16
-1.332267629550208e-15 9.0292115982932e-15 -1.484381073707242e-14 4.163739389899967e-15 -4.474790245405825e-16 -1.204063620906916e-14 20.00000000000042 3.386647665806826e-14 17.88854381999874 1.215861451832479e-16 9.418022308485323e-17 -5.437497715037984e-17 -14.14213562373124 -10.95445115010334 6.324555320336868 -14.14213562373124 10.95445115010333 6.324555320336906 -2.025208843805763e-31 -2.764199856292437e-31 5.063668047668183e-31 1.719487755148134e-16 1.331909487939233e-16 -7.689783013979425e-17 1.312047068366977e-30 2.053345515408844e-30 -4.367797423588059e-30 -20.00000000000044 -15.49193338482972 8.944271909999328 -60.00000000000133 15.49193338482971 -26.83281572999821 3.342324863993594e-16 2.588953707172429e-16 -1.494733119755455e-16 -6.101651248020733e-32 -8.791084694602117e-32 6.374743374303033e-31 -4.053113796837725e-31 -3.875497329149918e-31 7.860091803893922e-31 -1.922842136921178e-31 -2.979776414541516e-31 5.47073551926579e-31 2.431722903664961e-16 1.88360446169707e-16 -1.0874995430076e-16
8.881784197001552e-16 -9.746019506440194e-15 1.742042365391703e-14 4.066815497501786e-15 -8.9046135986312e-15 1.734408250341131e-14 -15.49193338483001 2.673774022470526e-14 -13.85640646055138 3.209464171832263e-17 2.486040257551071e-17 -1.435316011913092e-17 10.9544511501036 8.485281374238623 -4.898979485566461 10.9544511501036 -8.485281374238635 -4.89897948556643 -1.410557127579017e-31 -9.004204929411147e-31 8.03389134720993e-31 4.538867759755566e-17 3.515791848834046e-17 -2.029843370338997e-17 5.33618885485334e-30 2.16504620668477e-30 -8.582785249890485e-31 15.49193338483007 12.00000000000009 -6.928203230275669 -15.49193338483019 -12.00000000000009 -48.49742261192964 -5.399315992135762e-16 -4.182292183690649e-16 2.414647518082996e-16 2.662982636127639e-31 -9.090637263430122e-31 -8.192800153344511e-32 -2.007585444874558e-30 -1.341809632358126e-30 5.404315913019896e-31 6.008868360605228e-31 -1.332752052956888e-31 -5.142043550758816e-31 6.418928343663982e-17 4.97208051510162e-17 -2.87063202382657e-17
1.088018564132701e-14 -1.317654310917809e-14 4.298473298533941e-15 1.200175678574521e-14 -1.489036876963244e-14 1.710934525251682e-15 -8.944271909999186 2.696044883787459e-14 -8.000000000000044 -9.11268805318333e-17 -7.058657813832378e-17 4.075317988933568e-17 6.324555320336802 4.898979485566297 -2.8284271247462 6.324555320336804 -4.898979485566309 -2.828427124746181 -1.623272085400344e-31 6.061391378377272e-31 7.070997229036184e-31 -1.288728703448706e-16 -9.982449612472575e-17 5.7633699709329e-17 -5.401056499613371e-31 -4.102154362041934e-30 4.005815720842077e-30 8.944271909999232 6.928203230275436 -4.000000000000019 -26.83281572999755 48.4974226119285 -36.00000000000024 5.374645427966436e-16 4.163182446856736e-16 -2.403614506377931e-16 -1.154241113925657e-30 9.661481251906552e-31 1.787705302259968e-30 1.688092149771996e-30 1.466825791121418e-30 1.224539763342494e-30 -1.092544666765531e-30 -2.930826829623046e-31 8.576645146474982e-31 -1.822537610636702e-16 -1.411731562766501e-16 8.150635977867508e-17
-1.332267629550208e-15 2.607562810960694e-15 -7.104652940122908e-15 -4.068179232970857e-15 5.951101903911026e-15 -4.51515776285503e-15 -2.752783103310193e-14 -2.868189713857482e-14 -1.238858411907051e-14 2.119940323600549e-16 1.642098713651676e-16 -9.480661343627315e-17 4.179211081665685e-16 3.237202983915242e-16 -1.86900001418504e-16 28.28427124746248 9.231708274722564e-15 25.29822128134769 3.315926273576625e-31 3.039054896916028e-31 5.537301767756226e-31 2.998048357057514e-16 2.322278271601616e-16 -1.340767985242431e-16 -4.847522449963487e-31 4.955255189636147e-32 -5.581429789423355e-30 5.910296991711529e-16 4.578096364007594e-16 -2.643165168135883e-16 -20.00000000000044 -15.49193338482972 8.944271909999328 -60.00000000000133 15.49193338482971 -26.83281572999821 -1.770235403412618e-31 -3.727236535063048e-31 6.730289173710915e-31 3.769122677915856e-31 3.712934827086781e-31 -5.786662484564985e-31 6.059732568360606e-31 7.620374892967713e-31 -8.901016238441535e-31 4.239880647201127e-16 3.284197427303361e-16 -1.896132268725498e-16
8.881784197001647e-16 -6.513587970742205e-15 4.435853182151333e-15 2.762572654637732e-14 -3.006848686510576e-14 1.251735623166511e-14 -2.442498383241667e-14 -1.462814752034592e-14 2.977671202488347e-14 -1.18008628160971e-16 -9.140909031524382e-17 5.277506289988747e-17 6.580389723827114e-16 5.097147962387571e-16 -2.942839748183559e-16 -21.9089023002072 6.449810506406587e-15 -19.59591794226595 -5.190895124517088e-31 -1.333254273275921e-30 6.928525082672834e-31 -1.668894024222916e-16 -1.29271975248007e-16 7.463520970811381e-17 5.467259368075775e-30 1.747105938332638e-30 2.696667878170545e-30 9.306076393136979e-16 7.208455777830605e-16 -4.161803883772157e-16 15.49193338483007 12.00000000000009 -6.928203230275668 -15.49193338483019 -12.00000000000009 -48.49742261192964 3.281006836548207e-31 -7.548923436525116e-31 -2.56443294117911e-31 -2.60433861163175e-30 -1.907523691762381e-30 1.300715021529302e-30 5.39632481732626e-32 -8.591367969320311e-31 2.217354950655437e-31 -2.360172563219527e-16 -1.828181806304947e-16 1.055501257997734e-16
1.088018564132701e-14 -5.988286167269796e-15 -9.660103313646209e-15 1.127176367491011e-14 -1.083681372538641e-14 -8.104436377230628e-15 -2.292974195868801e-14 -1.948806342251414e-14 1.761352692998482e-14 5.667209921567136e-17 4.38980192913842e-17 -2.534453325477296e-17 -3.172499585790127e-17 -2.457407612322024e-17 1.418784946482001e-17 -12.64911064067361 5.00993317468432e-15 -11.31370849898484 2.811323122776848e-31 2.360550108298055e-30 3.036714851863583e-30 8.014645131896352e-17 6.208117424319553e-17 -3.584258266091927e-17 -8.803600152114911e-30 -4.083894967141444e-30 2.205291692947499e-30 -4.486591940845973e-17 -3.475299173625158e-17 2.006464913407143e-17 8.944271909999232 6.928203230275437 -4.00000000000002 -26.83281572999755 48.49742261192849 -36.00000000000024 -2.826398076933617e-30 1.2246644225054e-30 7.182718178615009e-30 5.702616881679909e-30 3.905775892696476e-30 1.106348502245744e-30 -1.404399382797096e-30 1.285289030086946e-30 7.287124831499939e-31 1.133441984313608e-16 8.779603858277689e-17 -5.068906650954721e-17
-1.332267629550208e-15 1.623248650017408e-14 -2.214854267819809e-15 14.14213562373122 1.5985857779549e-14 12.6491106406738 -10.0000000000002 -7.745966692414835 4.472135954999652 -10.00000000000022 7.745966692414859 4.472135954999665 -1.09091471608833e-31 -8.278558973749102e-33 -1.572418287619423e-30 -14.14213562373124 -10.95445115010334 6.324555320336868 -14.14213562373124 10.95445115010333 6.324555320336906 1.322503172126366e-16 1.024406552190362e-16 -5.914413986667542e-17 4.077305655420178e-31 7.063519127829304e-31 -1.995020730531238e-30 6.108168540900895e-32 1.003507576007019e-31 -2.406762224480526e-31 -5.158371905198428e-31 -6.316437092007901e-31 6.866995233745284e-31 -20.00000000000044 -15.49193338482972 8.944271909999328 -60.00000000000133 15.49193338482971 -26.83281572999821 3.336771949003389e-16 2.584652437716424e-16 -1.492249780677171e-16 4.545912573740505e-31 8.90061467389581e-31 -2.499638876611047e-30 1.870301922302554e-16 1.448729639491473e-16 -8.364244473434037e-17
8.881784197001542e-16 -1.663744001218221e-14 -4.32331738367874e-16 -10.95445115010356 1.326267712220998e-14 -9.79795897113296 7.745966692415015 6.000000000000027 -3.464101615137825 7.745966692414991 -6.000000000000009 -3.464101615137814 -1.239100343696457e-30 -3.72672789212364e-32 -2.515101110817853e-31 10.9544511501036 8.485281374238623 -4.898979485566461 10.9544511501036 -8.485281374238635 -4.89897948556643 -9.65830091166118e-17 -7.481287716705956e-17 4.319323477126005e-17 5.866753617721677e-31 2.183737267322405e-31 -2.071692328809016e-31 -9.750741845592419e-31 -1.154916946181724e-30 1.153532498504328e-30 -4.493638155352196e-31 -1.149440594352839e-30 1.922493127293907e-31 15.49193338483007 12.00000000000009 -6.928203230275668 -15.49193338483019 -12.00000000000009 -48.49742261192964 -5.302220283646104e-16 -4.107082171297036e-16 2.371224997181906e-16 4.356323685282901e-30 -1.75174064628229e-30 3.005907185022778e-30 -1.365890013875398e-16 -1.058013855297977e-16 6.108445841626894e-17
1.088018564132701e-14 -7.814033871988522e-15 -1.0775365254621e-14 -6.324555320336766 2.480932726439804e-14 -5.656854249492405 4.472135954999604 3.464101615137708 -2.000000000000004 4.472135954999583 -3.464101615137693 -1.999999999999991 -1.84978975459546e-30 2.768564330523237e-30 -1.573033349231532e-30 6.324555320336803 4.898979485566298 -2.8284271247462 6.324555320336804 -4.898979485566309 -2.828427124746181 2.500634673916247e-18 1.936983289387585e-18 -1.118317823543063e-18 3.621678463010501e-30 7.587235533205454e-31 9.229294211147874e-32 8.840558361454527e-31 2.063628978215769e-31 5.413184290582921e-31 6.825046244069984e-31 -5.524539659578313e-31 -1.167464744375493e-30 8.944271909999232 6.928203230275437 -4.00000000000002 -26.83281572999755 48.4974226119285 -36.00000000000024 6.636832398917464e-16 5.140868270515295e-16 -2.968081679850076e-16 3.441895125509505e-30 6.78284452069836e-31 -4.481323047324746e-31 3.536431470360887e-18 2.73930803795495e-18 -1.581540233104697e-18
-1.332267629550208e-15 3.550936251575078e-15 3.12590339301264e-15 -1.370753996465883e-14 -1.385577133814378e-14 -4.276427610278304e-15 1.737573576440305e-16 1.345918704872642e-16 -7.770665265655891e-17 2.721943719465267e-14 -2.509250515580856e-14 -9.676095964060296e-15 -2.540862559124045e-31 -3.14341689710893e-31 3.701710395569981e-32 2.457300117423004e-16 1.903416486282525e-16 -1.098938020735207e-16 28.28427124746248 9.412485379408298e-15 25.29822128134769 2.151685978871253e-16 1.666688792487276e-16 -9.622632229977967e-17 -4.177741148298166e-32 -5.894783988788302e-32 1.872954351405715e-32 -4.554357136549435e-31 -4.507197516219418e-31 2.286337596850426e-31 -2.765305045121446e-31 -3.730041133395967e-31 -2.035636669306108e-32 3.475147152880612e-16 2.691837409745292e-16 -1.55413305313118e-16 -20.00000000000044 -15.49193338482972 8.944271909999328 -60.00000000000133 15.49193338482971 -26.83281572999821 8.772039915937802e-31 3.551853123116223e-31 4.490277832340208e-30 3.042943493287784e-16 2.357053894590746e-16 -1.36084570053643e-16
8.881784197001637e-16 -7.304664041222995e-15 -6.649580676269187e-15 1.900141896811577e-14 2.191197500101739e-14 1.146950691472491e-14 3.726381878275516e-16 2.886442991233995e-16 -1.666488637989531e-16 2.412495860077625e-14 -3.099148930540537e-14 3.060136907558997e-14 -7.743747967654086e-31 4.923022861043588e-31 -6.371623967912775e-31 5.2698997908386e-16 4.082046825220211e-16 -2.356770833385466e-16 -21.9089023002072 6.352426044392983e-15 -19.59591794226595 1.080164208900317e-16 8.366915984479367e-17 -4.830641195924764e-17 6.632400710790966e-31 3.374205083141469e-31 -6.89377769410883e-31 -1.788270773716585e-31 -3.637071113478156e-31 3.265396021687738e-31 9.83261043534355e-33 -4.944949665894891e-31 -1.526678564294821e-31 7.452763756551325e-16 5.772885982468293e-16 -3.332977275979186e-16 15.49193338483007 12.00000000000009 -6.928203230275668 -15.49193338483019 -12.00000000000009 -48.49742261192964 5.265253392758238e-30 -1.087617983678292e-30 5.580689505262048e-30 1.527582873816617e-16 1.183260606048791e-16 -6.831558294237091e-17
1.088018564132701e-14 2.87373691329026e-15 -1.125136760135149e-14 4.566983738038481e-15 7.282128357163346e-15 1.616551465048614e-14 -1.803857068550756e-16 -1.397261677087066e-16 8.067094053945933e-17 2.282606952595658e-14 -2.548227863992736e-14 2.491789089507663e-15 -1.161592624512163e-30 4.644347625181108e-31 2.624551697624073e-31 -2.551039130927079e-16 -1.976026413920718e-16 1.140859382002965e-16 -12.64911064067361 4.963521911148274e-15 -11.31370849898484 -2.382566398547671e-16 -1.845527996561574e-16 1.065516085611767e-16 1.93033188582428e-30 -1.658547535915763e-31 1.997696698361689e-30 -5.095938725426095e-31 -7.569601143596857e-31 1.217951910346396e-30 -4.041842996122261e-31 -9.399523801600016e-31 -3.681867530601611e-31 -3.607714137101494e-16 -2.794523354174239e-16 1.613418810789183e-16 8.944271909999232 6.928203230275437 -4.00000000000002 -26.83281572999755 48.49742261192849 -36.00000000000024 -1.03192672486e-29 -1.795527114026565e-30 8.226886378375833e-30 -3.369457714080361e-16 -2.609970722476728e-16 1.506867299198945e-16
-1.332267629550208e-15 7.553309504455982e-15 1.154614590776136e-14 -4.116116927441615e-15 -7.121765456563419e-15 -1.184455878987837e-14 7.315115493227572e-17 5.666264096170761e-17 -3.271419101223736e-17 20.00000000000042 3.388112686980988e-14 17.88854381999874 9.836068853050847e-32 1.178896578014472e-31 -6.047398756544537e-32 1.034513554084802e-16 8.013307532792431e-17 -4.626485261157038e-17 -14.14213562373124 -10.95445115010334 6.324555320336868 -14.14213562373124 10.95445115010333 6.324555320336906 -1.109350697404849e-32 -1.406148343944575e-32 -9.571921654733652e-32 1.62539800503922e-31 1.556574708475729e-31 -2.601478846659987e-31 1.339199165364981e-31 1.792040623655766e-31 -2.184800789075838e-31 1.463023098645523e-16 1.133252819234156e-16 -6.542838202447517e-17 9.073009742991863e-31 1.454848420633403e-30 -2.154407808269763e-30 -20.00000000000044 -15.49193338482972 8.944271909999328 -60.00000000000133 15.49193338482971 -26.83281572999821 3.720591704618269e-16 2.881957942004795e-16 -1.663899193609626e-16
8.88178419700155e-16 -9.337619995226925e-15 -1.965766609099937e-14 -4.081672405526395e-15 8.919881368646298e-16 1.639439151677456e-14 6.143246196100641e-17 4.758538041830003e-17 -2.747343219399521e-17 -15.49193338483001 2.674419027522833e-14 -13.85640646055138 -5.448669704358494e-31 6.674575682349313e-31 1.696480649453657e-31 8.687862087522301e-17 6.729589035824167e-17 -3.885330041368551e-17 10.9544511501036 8.485281374238623 -4.898979485566461 10.9544511501036 -8.485281374238635 -4.89897948556643 4.582928537660093e-31 4.402224194545131e-33 3.47238772769069e-31 6.623990276345078e-32 -1.358547201522098e-31 3.243781120580882e-31 4.350343347248367e-31 5.884145510939444e-32 -4.605003161372551e-31 1.228649239220083e-16 9.517076083659505e-17 -5.494686438799021e-17 5.362340782879373e-30 1.590227491430623e-30 -2.295584474814028e-30 15.49193338483007 12.00000000000009 -6.928203230275669 -15.49193338483019 -12.00000000000009 -48.49742261192964 -5.232776403748765e-16 -4.053291173229239e-16 2.340168749967382e-16
1.088018564132701e-14 4.194834220521893e-15 -1.102756028625695e-14 -1.206992243345752e-14 -9.998141669578468e-15 1.205325239094736e-14 -4.865479009876821e-17 -3.768783835315201e-17 2.175908361836782e-17 -8.944271909999186 2.69186758518618e-14 -8.000000000000044 3.749589615159789e-31 -6.0119503334003e-31 5.858320941770894e-31 -6.88082640320946e-17 -5.329865213555117e-17 3.077199115790608e-17 6.324555320336802 4.898979485566297 -2.8284271247462 6.324555320336804 -4.898979485566309 -2.828427124746181 9.226338823578774e-31 -1.99028213119747e-31 2.25106405806879e-30 -7.208978301413613e-32 1.228433047219109e-31 1.022474464983903e-30 -9.454333936392116e-31 -5.419562342746971e-31 1.35958640999841e-30 -9.730958019754407e-17 -7.537567670630428e-17 4.351816723673621e-17 1.038169376190534e-31 -2.720307770444486e-30 5.34027884237127e-30 8.944271909999232 6.928203230275436 -4.000000000000019 -26.83281572999755 48.4974226119285 -36.00000000000024 4.296071566973721e-16 3.32772272660091e-16 -1.921261611991124e-16
-1.332267629550208e-15 -1.051109151795633e-15 5.722842647215708e-15 4.022026258431082e-15 2.576492812626582e-15 -4.518416007196871e-15 1.485048232798401e-16 1.150313414788569e-16 -6.641337596806022e-17 -2.765659040472016e-14 -2.878163371896392e-14 -1.233100117753481e-14 -8.753204997553059e-31 -1.29384012141119e-30 3.45579688327451e-30 2.100175351601694e-16 1.626788832173701e-16 -9.39226970170175e-17 4.179211081665688e-16 3.237202983915245e-16 -1.869000014185058e-16 28.28427124746248 9.090659450071585e-15 25.29822128134769 -8.276437563178786e-31 -1.297844699288147e-30 4.395150025637306e-30 -1.949672763587696e-30 -1.970613062538263e-30 2.700214300412544e-30 -3.730363450897613e-31 -6.507021211414875e-31 3.23471281124247e-31 2.970096465596801e-16 2.300626829577139e-16 -1.328267519361267e-16 -7.837094824717599e-32 5.891410970195023e-31 -7.771271887635729e-30 5.910296991711533e-16 4.578096364007599e-16 -2.643165168135896e-16 -20.00000000000044 -15.49193338482972 8.944271909999328 -60.00000000000133 15.49193338482971 -26.83281572999821
8.881784197001645e-16 -7.640998619282579e-15 -1.886707286349618e-14 -2.758331783164243e-14 -2.429080127152388e-14 1.114587088731703e-14 -1.808249098265792e-16 -1.400663728675553e-16 8.086735807950267e-17 -2.442782513454137e-14 -1.463034838350802e-14 2.977798269382256e-14 -8.86760632391212e-31 4.914038224386439e-33 2.084805026558306e-30 -2.557250398916423e-16 -1.980837641417078e-16 1.143637145493113e-16 6.580389723827115e-16 5.097147962387583e-16 -2.942839748183549e-16 -21.9089023002072 6.446698015873809e-15 -19.59591794226595 -1.342211681819225e-31 -9.078668247153613e-31 2.706301035429858e-30 -9.109721921826213e-31 -1.132071686319199e-30 1.138810069387359e-30 4.429905826340736e-31 2.835950742145666e-32 -1.126685116642602e-30 -3.616498196531652e-16 -2.801327457351186e-16 1.617347161590008e-16 4.836170109050525e-30 8.923217176472393e-32 4.84749955951636e-30 9.306076393136975e-16 7.208455777830608e-16 -4.161803883772152e-16 15.49193338483007 12.00000000000009 -6.928203230275668 -15.49193338483019 -12.00000000000009 -48.49742261192964
1.088018564132701e-14 1.078121890666254e-14 2.253041968279749e-15 -1.128656131522352e-14 -1.164705860726524e-14 3.767097689233779e-16 7.833027578016089e-17 6.067437072007168e-17 -3.503036426814575e-17 -2.292901080574588e-14 -1.948749707388047e-14 1.761319994844871e-14 1.62194458474515e-30 -2.252829306305147e-30 2.666826261536592e-30 1.107757383527301e-16 8.580651796078392e-17 -4.954041624288664e-17 -3.172499585790927e-17 -2.457407612321767e-17 1.418784946481924e-17 -12.64911064067361 5.010734112603101e-15 -11.31370849898484 -7.082227882951604e-31 -1.266775326408264e-30 4.620103149057775e-30 -5.473521525705563e-31 5.051893368332894e-32 9.946966193881655e-31 -1.324724657343202e-30 3.818550063456857e-32 1.613727756802612e-30 1.566605515603277e-16 1.213487414401582e-16 -7.006072853629863e-17 -7.515535443830973e-30 -3.877966025348708e-31 3.863358899347386e-30 -4.486591940846202e-17 -3.4752991736252e-17 2.006464913407563e-17 8.944271909999232 6.928203230275437 -4.00000000000002 -26.83281572999755 48.49742261192849 -36.00000000000024
