# Created from matlab git hash 00e16b208fbf08652b67ace82ddc532522841f31
# name: foo
# type: matrix
# rows: 64
# columns: 64
0 0 0 0 0 0 0 0 0 0 0 0 0 0 0 0 0 0 0 0 0 0 0 0 0 0 0 0 0 0 0 0 0 0 0 0 0 0 0 0 0 0 0 0 0 0 0 0 0 0 0 0 0 0 0 0 0 0 0 0 0 0 0 0
-9.436895709313831e-16 -2.775557561562891e-17 -1.936491673103681 1.491862189340054e-16 -2.291287847477875 -2.892651396191326e-16 1.499999999999946 -9.877081791342945e-17 -1.620185174601934 1.369306393762772 1.060660171779784 -0.612372435695795 -1.620185174601934 -1.369306393762772 1.060660171779783 0.612372435695795 -2.291287847477885 1.93649167310351 1.499999999999952 -0.8660254037844417 3.864451297259341e-15 1.535658014450155e-15 -4.603192692031746e-15 -7.625449849963077e-16 3.841337334722213e-15 -1.551300023773747e-15 -4.65472819550537e-15 7.207605439982562e-16 -2.291287847477884 -1.93649167310351 1.499999999999952 0.8660254037844413 -3.240370349203898 2.738612787525568 2.121320343559586 -1.224744871391598 3.140184917367541e-15 1.042793086735302e-15 -2.356048370197945e-15 -4.634935979511732e-16 3.061680294433352e-15 -1.145269875652756e-15 -2.311968678120259e-15 5.936631484208872e-16 5.887846720064139e-15 3.420552518011059e-15 -4.10291443827863e-15 -1.496480413933045e-15 5.887846720064139e-15 -3.417281492055466e-15 -4.098007899345243e-15 1.544627230980927e-15 3.061680294433352e-15 1.080947377371659e-15 -2.378167374559585e-15 -4.893556680899147e-16 3.140184917367541e-15 -1.12019968883877e-15 -2.375674525931493e-15 4.178471542612835e-16 -3.240370349203899 -2.738612787525568 2.121320343559586 1.224744871391598
-5.551115123125783e-17 1.936491673103679 -1.647988360969151e-16 -9.108704699052422e-15 1.041100153162236e-16 -3.648085033245479e-15 9.54138918593474e-18 -3.62417806144817e-15 5.119892466693628e-15 -1.336771207564025e-15 2.300169098896901e-15 -1.211834104807559e-15 -4.715802673519927e-15 -1.062341789747977e-15 -2.496264762235365e-15 -1.33555583254587e-15 1.0110995967923e-15 -3.425189274623296e-15 4.28442392649486e-15 1.025502549054095e-15 -1.852269188770532e-15 2.373366318133698e-15 3.207083797385321e-15 -1.74256471930843e-15 1.839166366499577e-15 2.465500510541533e-15 -3.250405016427408e-15 -1.77848512287058e-15 -7.353460022956256e-16 -3.1156172384011e-15 -4.579656854400777e-15 8.445132100737765e-16 -9.813077866773567e-16 -2.61951205111108e-15 1.991353414403694e-15 9.755506502767901e-16 -6.260743679001535e-15 -1.360311036562129e-15 5.079857937467968e-15 5.48623818768241e-16 -4.818221232585821e-15 2.961980212550553e-15 3.79819903321636e-15 -1.524879812761799e-15 -8.831770080096209e-16 8.56367643803196e-16 4.9982707834822e-16 -4.337509150578169e-16 7.556069957415646e-16 7.545655996366282e-16 -7.691949609343245e-16 -4.607206855072869e-16 4.612146597383576e-15 3.047427126939158e-15 -3.797996956801846e-15 -1.485243803038442e-15 6.241117523267987e-15 -1.428179066006508e-15 -5.118213133273408e-15 5.19702982412819e-16 8.07125654542126e-16 -2.787845532224825e-15 -2.242055862451677e-15 9.162818185537971e-16
-1.387778780781446e-15 1.52655665885959e-16 5.887651477465283e-15 8.207410445715269e-17 -3.499999999999916 7.068998164605489e-17 2.291287847477881 -3.22441726097189e-16 -2.474873734152855 2.091650066334958 1.620185174601907 -0.9354143466934752 -2.474873734152854 -2.091650066334957 1.620185174601907 0.9354143466934749 -3.499999999999925 2.958039891549487 2.291287847477831 -1.322875655532287 8.078553017515354e-15 2.05110958985359e-15 -1.32088350673909e-15 1.855733976795652e-16 7.965633361250995e-15 -1.950188765154583e-15 -1.236640997936966e-15 -3.871895795301709e-17 -3.499999999999924 -2.958039891549486 2.291287847477831 1.322875655532287 -4.94974746830575 4.183300132669949 3.240370349203818 -1.870828693386971 6.746491033406827e-15 -5.498481788094263e-16 -4.918808416132237e-15 9.732818993242309e-16 2.095092124556156e-15 -3.672181402606971e-15 -1.242495689668388e-15 2.270146768935704e-15 5.469564275992916e-15 5.919214229535103e-15 -2.218711325774336e-15 -2.61820604110035e-15 5.470790910726262e-15 -6.00539299687986e-15 -2.19746096319362e-15 2.660212681066733e-15 1.859578255753591e-15 3.997863890042747e-15 -1.089406342913435e-15 -2.170960962645846e-15 6.564949092871515e-15 8.384119512393784e-16 -5.027662314249781e-15 -1.030047659740486e-15 -4.94974746830575 -4.18330013266995 3.240370349203817 1.870828693386971
1.110223024625157e-16 2.291287847477872 6.01732205729455e-16 3.499999999999911 -1.141662770044866e-16 -0.9860132971836745 -7.001777629911388e-16 -4.850544070284987 2.162648467560771e-14 8.115370274476354e-17 -7.859121339826025e-14 -6.248055562322777e-17 -2.164795088919809e-14 2.581752568847983e-16 7.845145973822687e-14 -1.192301368236296e-16 3.416158415175965e-15 -8.149698262601707e-15 -8.617672547783783e-15 -4.529206467563852e-15 3.88529269521042e-15 8.535644035335723e-15 -8.666678485980128e-15 4.557283663728889e-15 -3.80473647379477e-15 8.538276321220512e-15 8.95073945517133e-15 4.418184165101336e-15 -3.790343689955003e-15 -8.470494304098601e-15 8.550018332220688e-15 -4.620434247258119e-15 2.66915717976241e-15 -5.548413856631531e-15 5.134781488891349e-16 -1.249643660901212e-15 -1.016634866997742e-14 -2.629955012160952e-15 3.948230631323213e-15 6.150723042943812e-17 -1.010747020277677e-14 2.488187568096343e-15 3.736594367254042e-15 3.407534859188659e-17 2.815126713030666e-15 5.342230721451373e-15 2.775557561562891e-16 1.397751226117213e-15 -2.453269466693391e-15 5.286036930890039e-15 -2.914335439641036e-16 1.360665963363728e-15 1.016634866997742e-14 2.629955012160952e-15 -3.948230631323213e-15 -6.150723042943812e-17 1.010747020277677e-14 -2.488187568096343e-15 -3.736594367254042e-15 -3.407534859188659e-17 -2.565199886111277e-15 -5.101437398082962e-15 -2.532696274926138e-16 -1.390608599514019e-15
-3.4555691641458e-15 2.220446049250313e-16 2.304580137835188e-15 1.22514845490862e-16 0.9860132971836764 2.883977778811442e-16 -8.062994716340199e-15 -1.22514845490862e-16 -4.880516821448602 -0.5892556509889819 3.195048252113376 0.2635231383474771 -4.880516821448601 0.5892556509889827 3.195048252113375 -0.2635231383474769 -2.958039891549482 2.49999999999951 1.936491673103473 -1.118033988749786 -3.944053188733162 -3.333333333333119 2.581988897471634 1.490711984999912 -3.944053188733161 3.333333333333118 2.581988897471634 -1.490711984999911 -2.958039891549481 -2.499999999999511 1.936491673103473 1.118033988749786 -4.183300132669941 3.535533905932064 2.738612787525495 -1.581138830084048 9.393568787968995e-15 3.156916412537169e-15 -3.401792736390519e-15 -5.822140169296616e-16 1.041167561664675e-14 -2.284398432036418e-15 -4.40619762898109e-15 -3.218038516378009e-16 -5.57773351022732 -4.714045207910038 3.651483716701142 2.108185106779009 -5.577733510227319 4.714045207910038 3.651483716701141 -2.108185106779008 1.049263350904764e-14 2.345123246738103e-15 -4.373237882937531e-15 2.846724931922608e-16 9.499059375036812e-15 -3.107729217533565e-15 -3.318526009543632e-15 5.266732309092882e-16 -4.183300132669941 -3.535533905932064 2.738612787525494 1.581138830084048
-1.110223024625157e-16 -1.499999999999944 -2.187915883395125e-16 -2.291287847477877 -1.41372808539225e-16 1.632745158204079e-14 9.288874481717337e-17 -2.598076211353264 1.540917393680936e-15 4.500200439383343e-15 5.235120698704163e-16 5.174929618083194e-15 -1.39821845238391e-15 4.475454205669678e-15 -6.110060675595289e-16 5.199648859621196e-15 -5.589391021304486e-15 1.069053756335439e-15 -2.112949167126583e-15 2.245824770998846e-15 5.457849302355189e-15 2.238778778658256e-15 4.041080317328096e-15 1.460266380051164e-15 -5.265162147745145e-15 2.168137408573199e-15 -3.943520445742348e-15 1.551515109664023e-15 5.502673695565469e-15 1.073392171261131e-15 2.236917080335381e-15 2.242391074954059e-15 0 3.459118566458948e-15 -2.430480425973962e-15 -7.833613462709642e-16 1.049999331744772e-15 -3.309623658996935e-15 -1.775415861543325e-15 2.267026711474435e-15 -4.51401581871584e-15 -2.281412936457955e-15 3.625859331213566e-15 1.766475766393248e-15 -3.14018491736754e-16 4.257156753476855e-15 3.235420911042039e-15 -1.053091033165583e-15 3.532708032038487e-16 4.180299161788765e-15 -3.613554638536436e-15 -9.67375747750737e-16 4.347193494980689e-15 -2.105749821351201e-15 -3.717226860143892e-15 1.710509520673801e-15 -1.177569344012828e-15 -3.414696729119096e-15 1.634403978845902e-15 2.180179731318923e-15 -2.011680962688579e-16 3.260714661736582e-15 2.416343937865358e-15 -7.813849870618454e-16
-9.697104230710352e-16 -4.85722573273506e-17 6.764987875440553e-15 2.168404344971009e-17 4.850544070284991 9.931291899967221e-17 2.598076211353268 -1.209156472864459e-16 -1.559023911155763 -2.89875452182071 1.020620726159603 1.296362432175334 -1.559023911155762 2.898754521820711 1.020620726159602 -1.296362432175333 1.322875655532293 -1.118033988749791 -0.8660254037844228 0.5000000000000037 -3.527668414752724 -2.981423969999406 2.30940107675842 1.333333333333332 -3.527668414752725 2.981423969999405 2.309401076758422 -1.333333333333332 1.322875655532293 1.118033988749792 -0.8660254037844229 -0.5000000000000039 1.870828693386974 -1.581138830084056 -1.224744871391568 0.7071067811865598 8.14485462942206e-16 3.078920958960595e-15 -6.349087922075114e-16 -2.025463160775493e-15 4.548361591249548e-15 8.399935869831393e-16 -4.221883259658554e-15 -6.495899809760939e-16 -4.988876515698523 -4.216370213557423 3.265986323710803 1.885618083164134 -4.988876515698523 4.216370213557423 3.265986323710803 -1.885618083164134 4.464950429381972e-15 -7.698848775075241e-16 -4.243567303108264e-15 6.148942691430988e-16 7.359808400080174e-16 -3.080609912234671e-15 -6.186457596202288e-16 2.065192077790753e-15 1.870828693386973 1.581138830084056 -1.224744871391568 -0.7071067811865598
-1.110223024625157e-16 1.620185174601932 -1.734723475976807e-18 2.47487373415285 -1.018152576137688e-14 4.88051682144859 -4.267419750902945e-16 1.559023911155761 3.365363543395006e-16 -4.930066485916831 -7.494005416219807e-16 -8.378212485037718 8.326672684688674e-17 2.958039891549475 6.938893903907228e-17 -1.322875655532286 2.474873734152911 -2.091650066334962 -1.620185174602058 0.935414346693481 -2.474873734152911 -2.091650066334961 1.620185174602058 0.9354143466934824 -2.474873734152863 2.091650066334961 1.620185174601907 -0.9354143466934819 2.474873734152863 2.091650066334961 -1.620185174601907 -0.9354143466934819 3.499999999999947 -2.958039891549523 -2.291287847477863 1.322875655532292 6.084108277399614e-16 1.698598308788117e-14 -1.829092433069945e-14 5.336207441997209e-15 -8.635508522760738e-16 1.660581586562848e-14 1.867950238931826e-14 4.92225398702919e-15 -3.499999999999947 -2.958039891549523 2.291287847477864 1.322875655532292 -3.499999999999947 2.958039891549507 2.291287847477845 -1.322875655532296 0 0 0 0 0 0 0 0 3.499999999999947 2.958039891549507 -2.291287847477845 -1.322875655532296
-5.218048215738236e-15 -1.369306393762767 1.157927920214519e-16 -2.091650066334956 -2.185751579730777e-16 0.589255650988981 -1.519617764955683e-15 2.898754521820706 4.930066485916836 1.734723475976807e-16 -1.936491673103469 -5.26488574958961e-16 -2.958039891549476 -2.775557561562891e-17 1.936491673103464 -7.806255641895632e-18 -7.669383576562306 -2.946278254943992 5.020790110464032 1.317615691736981 -7.669383576562305 2.946278254943991 5.020790110464032 -1.317615691736981 -2.091650066334961 1.767766952966022 1.369306393762746 -0.7905694150420228 -2.091650066334961 -1.767766952966022 1.369306393762746 0.7905694150420228 -2.958039891549503 2.499999999999543 1.936491673103494 -1.118033988749794 -7.888106377466385 -6.666666666666297 5.163977794943301 2.981423969999849 -7.888106377466384 6.666666666666297 5.163977794943301 -2.981423969999849 -2.958039891549504 -2.499999999999543 1.936491673103494 1.118033988749794 -2.958039891549504 2.499999999999526 1.936491673103476 -1.118033988749799 0 0 0 0 0 0 0 0 -2.958039891549504 -2.499999999999526 1.936491673103476 1.118033988749799
0 -1.060660171779782 -5.339045178187618e-15 -1.620185174601905 7.327775539134329e-14 -3.195048252113371 -1.216041156659742e-15 -1.020620726159601 -5.273559366969494e-16 1.936491673103494 1.249000902703301e-16 -6.062177826490966 1.214306433183765e-16 -1.936491673103464 5.551115123125783e-17 0.8660254037844211 -1.620185174601905 1.369306393762757 1.06066017177977 -0.6123724356957732 1.620185174601905 1.369306393762757 -1.06066017177977 -0.6123724356957728 1.620185174601908 -1.369306393762748 -1.060660171779769 0.6123724356957838 -1.620185174601908 -1.369306393762748 1.060660171779769 0.6123724356957838 -2.29128784747786 1.936491673103485 1.499999999999931 -0.8660254037844239 5.652332851261574e-15 3.75577508711762e-15 9.450508152723906e-16 2.359467323358361e-15 -6.123360588866705e-15 4.3641398417845e-15 -1.837761698831287e-15 2.811733500341703e-15 2.291287847477862 1.936491673103485 -1.499999999999931 -0.8660254037844236 2.291287847477853 -1.936491673103484 -1.499999999999931 0.8660254037844277 0 0 0 0 0 0 0 0 -2.291287847477853 -1.936491673103484 1.499999999999931 0.8660254037844277
-1.387778780781446e-15 0.612372435695796 2.156478121073668e-15 0.9354143466934712 -4.499439015814843e-17 -0.2635231383474766 -9.786442489723157e-15 -1.29636243217533 8.378212485037736 2.619432448724979e-16 6.062177826490974 2.680147770384167e-16 1.322875655532287 -1.040834085586084e-17 -0.8660254037844212 -2.081668171172169e-17 -4.053462169005021 -5.006939628599429 2.653613888014997 2.2391714737574 -4.053462169005021 5.006939628599428 2.653613888014998 -2.2391714737574 0.9354143466934823 -0.7905694150420234 -0.6123724356957837 0.3535533905932789 0.9354143466934823 0.7905694150420234 -0.6123724356957837 -0.3535533905932789 1.322875655532305 -1.118033988749801 -0.8660254037844313 0.5000000000000054 -7.055336829505501 -5.962847939998859 4.618802153516872 2.666666666666682 -7.055336829505499 5.962847939998859 4.618802153516872 -2.666666666666681 1.322875655532305 1.118033988749802 -0.8660254037844315 -0.5000000000000056 1.322875655532299 -1.118033988749801 -0.8660254037844263 0.5000000000000098 0 0 0 0 0 0 0 0 1.322875655532299 1.118033988749801 -0.8660254037844263 -0.5000000000000098
-1.110223024625157e-16 1.620185174601932 5.052382123782451e-16 2.47487373415285 9.938664474740122e-15 4.88051682144859 -7.632783294297951e-17 1.559023911155761 8.326672684688674e-17 2.958039891549475 6.938893903907228e-17 -1.322875655532286 3.365363543395006e-16 -4.930066485916831 -7.494005416219807e-16 -8.378212485037718 -2.474873734152863 2.091650066334961 1.620185174601907 -0.9354143466934819 2.474873734152863 2.091650066334961 -1.620185174601907 -0.9354143466934819 2.474873734152911 -2.091650066334962 -1.620185174602058 0.935414346693481 -2.474873734152911 -2.091650066334961 1.620185174602058 0.9354143466934824 -3.499999999999947 2.958039891549507 2.291287847477845 -1.322875655532296 0 0 0 0 0 0 0 0 3.499999999999947 2.958039891549507 -2.291287847477845 -1.322875655532296 3.499999999999947 -2.958039891549523 -2.291287847477863 1.322875655532292 6.084108277399614e-16 1.698598308788117e-14 -1.829092433069945e-14 5.336207441997209e-15 -8.635508522760738e-16 1.660581586562848e-14 1.867950238931826e-14 4.92225398702919e-15 -3.499999999999947 -2.958039891549523 2.291287847477864 1.322875655532292
-5.10702591327572e-15 1.369306393762767 9.627715291671279e-17 2.091650066334956 2.185751579730777e-16 -0.589255650988981 -1.779826286352204e-15 -2.898754521820707 -2.958039891549476 -2.775557561562891e-17 1.936491673103464 -7.806255641895632e-18 4.930066485916836 1.734723475976807e-16 -1.936491673103469 -5.26488574958961e-16 -2.091650066334961 1.767766952966022 1.369306393762746 -0.7905694150420228 -2.091650066334961 -1.767766952966022 1.369306393762746 0.7905694150420228 -7.669383576562306 -2.946278254943992 5.020790110464032 1.317615691736981 -7.669383576562305 2.946278254943991 5.020790110464032 -1.317615691736981 -2.958039891549504 2.499999999999526 1.936491673103476 -1.118033988749799 0 0 0 0 0 0 0 0 -2.958039891549504 -2.499999999999526 1.936491673103476 1.118033988749799 -2.958039891549503 2.499999999999543 1.936491673103494 -1.118033988749794 -7.888106377466385 -6.666666666666297 5.163977794943301 2.981423969999849 -7.888106377466384 6.666666666666297 5.163977794943301 -2.981423969999849 -2.958039891549504 -2.499999999999543 1.936491673103494 1.118033988749794
0 -1.060660171779782 5.507747036226363e-15 -1.620185174601905 -7.37255308885798e-14 -3.195048252113371 1.346145417358002e-15 -1.020620726159601 1.214306433183765e-16 -1.936491673103464 5.551115123125783e-17 0.8660254037844211 -5.273559366969494e-16 1.936491673103494 1.249000902703301e-16 -6.062177826490966 1.620185174601908 -1.369306393762748 -1.060660171779769 0.6123724356957838 -1.620185174601908 -1.369306393762748 1.060660171779769 0.6123724356957838 -1.620185174601905 1.369306393762757 1.06066017177977 -0.6123724356957732 1.620185174601905 1.369306393762757 -1.06066017177977 -0.6123724356957728 2.291287847477853 -1.936491673103484 -1.499999999999931 0.8660254037844277 0 0 0 0 0 0 0 0 -2.291287847477853 -1.936491673103484 1.499999999999931 0.8660254037844277 -2.29128784747786 1.936491673103485 1.499999999999931 -0.8660254037844239 5.652332851261574e-15 3.75577508711762e-15 9.450508152723906e-16 2.359467323358361e-15 -6.123360588866705e-15 4.3641398417845e-15 -1.837761698831287e-15 2.811733500341703e-15 2.291287847477862 1.936491673103485 -1.499999999999931 -0.8660254037844236
-1.387778780781446e-15 -0.612372435695796 2.463307335887066e-15 -0.9354143466934711 6.114900252818245e-17 0.2635231383474769 -9.952975943416931e-15 1.296362432175331 1.322875655532287 -1.040834085586084e-17 -0.8660254037844212 -2.081668171172169e-17 8.378212485037736 2.619432448724979e-16 6.062177826490974 2.680147770384167e-16 0.9354143466934823 -0.7905694150420234 -0.6123724356957837 0.3535533905932789 0.9354143466934823 0.7905694150420234 -0.6123724356957837 -0.3535533905932789 -4.053462169005021 -5.006939628599429 2.653613888014997 2.2391714737574 -4.053462169005021 5.006939628599428 2.653613888014998 -2.2391714737574 1.322875655532299 -1.118033988749801 -0.8660254037844263 0.5000000000000098 0 0 0 0 0 0 0 0 1.322875655532299 1.118033988749801 -0.8660254037844263 -0.5000000000000098 1.322875655532305 -1.118033988749801 -0.8660254037844313 0.5000000000000054 -7.055336829505501 -5.962847939998859 4.618802153516872 2.666666666666682 -7.055336829505499 5.962847939998859 4.618802153516872 -2.666666666666681 1.322875655532305 1.118033988749802 -0.8660254037844315 -0.5000000000000056
1.110223024625157e-16 2.291287847477882 6.565928356572215e-15 3.499999999999913 6.286637876939949e-15 2.958039891549473 -2.84147705365001e-15 -1.322875655532288 -2.474873734152863 7.669383576562257 1.62018517460191 4.053462169005017 2.474873734152863 2.091650066334961 -1.620185174601908 -0.9354143466934823 7.216449660063518e-16 -9.860132971833718 2.164934898019055e-15 -16.75642497007548 -3.499999999999936 2.958039891549495 2.291287847477845 -1.322875655532295 0 0 0 0 3.499999999999936 2.958039891549495 -2.291287847477845 -1.322875655532295 4.949747468305866 -4.183300132669966 -3.240370349204127 1.87082869338698 -4.949747468305866 -4.183300132669964 3.240370349204127 1.870828693386978 -4.949747468305773 4.183300132669965 3.240370349203835 -1.870828693386978 0 0 0 0 0 0 0 0 0 0 0 0 0 0 0 0 4.949747468305773 4.183300132669965 -3.240370349203835 -1.870828693386978
-1.221245327087672e-14 -1.936491673103495 -8.676219465098001e-15 -2.958039891549481 4.662069341687669e-15 -2.499999999999508 -8.222589276130066e-16 1.118033988749792 2.09165006633496 2.946278254943989 -1.369306393762743 5.006939628599412 -2.091650066334961 -1.767766952966022 1.369306393762747 0.7905694150420232 9.860132971833735 3.33066907387547e-16 -3.872983346206913 -6.869504964868156e-16 -2.958039891549496 2.499999999999518 1.936491673103476 -1.118033988749797 0 0 0 0 -2.958039891549496 -2.499999999999518 1.936491673103476 1.118033988749797 -15.33876715312475 -5.89255650988804 10.04158022092812 2.635231383473983 -15.33876715312475 5.892556509888042 10.04158022092812 -2.635231383473984 -4.183300132669963 3.535533905932081 2.738612787525511 -1.581138830084059 0 0 0 0 0 0 0 0 0 0 0 0 0 0 0 0 -4.183300132669963 -3.535533905932081 2.738612787525511 1.581138830084059
-4.440892098500626e-16 -1.49999999999995 -9.112068738437173e-15 -2.291287847477824 4.037568890336019e-15 -1.93649167310347 6.526029716624748e-15 0.8660254037844206 1.620185174602042 -5.020790110464016 -1.060660171779772 -2.653613888014994 -1.620185174601907 -1.369306393762746 1.060660171779769 0.6123724356957837 -4.440892098500626e-16 3.872983346207014 7.771561172376096e-16 -12.12435565298198 2.291287847477845 -1.936491673103476 -1.499999999999929 0.8660254037844259 0 0 0 0 -2.291287847477845 -1.936491673103476 1.499999999999929 0.8660254037844259 -3.240370349203841 2.738612787525536 2.12132034355955 -1.224744871391559 3.240370349203841 2.738612787525536 -2.12132034355955 -1.224744871391558 3.240370349203844 -2.738612787525521 -2.12132034355955 1.224744871391577 0 0 0 0 0 0 0 0 0 0 0 0 0 0 0 0 -3.240370349203844 -2.738612787525521 2.12132034355955 1.224744871391577
-1.554312234475219e-15 0.866025403784443 -1.478851763270228e-15 1.322875655532285 1.163001986381751e-14 1.118033988749779 -4.786102070220011e-15 -0.5000000000000012 -0.9354143466934824 -1.317615691736978 0.6123724356957596 -2.239171473757392 0.9354143466934822 0.790569415042023 -0.6123724356957839 -0.353553390593279 16.75642497007556 -5.273559366969494e-16 12.12435565298199 -4.85722573273506e-17 1.322875655532295 -1.118033988749797 -0.8660254037844259 0.5000000000000089 0 0 0 0 1.322875655532295 1.118033988749797 -0.8660254037844259 -0.5000000000000089 -8.106924338010103 -10.01387925719894 5.307227776030027 4.478342947514832 -8.106924338010099 10.01387925719894 5.307227776030026 -4.478342947514831 1.870828693386982 -1.581138830084062 -1.224744871391575 0.7071067811865631 0 0 0 0 0 0 0 0 0 0 0 0 0 0 0 0 1.870828693386982 1.581138830084062 -1.224744871391575 -0.7071067811865631
1.110223024625157e-16 -6.425415755018093e-15 4.078334892021473e-15 -4.65865410484434e-15 6.730727086790012e-15 3.944053188733151 6.005612673831706e-15 3.527668414752716 2.474873734152863 7.669383576562257 -1.620185174601909 4.053462169005017 -2.474873734152863 2.091650066334961 1.620185174601908 -0.9354143466934823 3.499999999999936 2.958039891549495 -2.291287847477845 -1.322875655532295 7.216449660063518e-16 -9.860132971833718 2.164934898019055e-15 -16.75642497007548 -3.499999999999936 2.958039891549495 2.291287847477845 -1.322875655532295 0 0 0 0 0 0 0 0 4.949747468305773 4.183300132669965 -3.240370349203835 -1.870828693386978 4.949747468305866 -4.183300132669966 -3.240370349204127 1.87082869338698 -4.949747468305866 -4.183300132669964 3.240370349204127 1.870828693386978 -4.949747468305773 4.183300132669965 3.240370349203835 -1.870828693386978 0 0 0 0 0 0 0 0 0 0 0 0
-1.221245327087672e-14 3.767819389821625e-15 7.049048844631756e-15 -1.072807207652682e-14 -4.8841139466127e-15 3.333333333333115 2.563921297493721e-15 2.981423969999393 2.091650066334962 -2.946278254943988 -1.369306393762742 -5.006939628599411 -2.091650066334961 1.767766952966022 1.369306393762747 -0.7905694150420232 -2.958039891549496 -2.499999999999518 1.936491673103476 1.118033988749797 9.860132971833735 3.33066907387547e-16 -3.872983346206913 -6.869504964868156e-16 -2.958039891549496 2.499999999999518 1.936491673103476 -1.118033988749797 0 0 0 0 0 0 0 0 -4.183300132669963 -3.535533905932081 2.738612787525511 1.581138830084059 -15.33876715312475 -5.89255650988804 10.04158022092812 2.635231383473983 -15.33876715312475 5.892556509888042 10.04158022092812 -2.635231383473984 -4.183300132669963 3.535533905932081 2.738612787525511 -1.581138830084059 0 0 0 0 0 0 0 0 0 0 0 0
-5.551115123125783e-16 6.515621375768887e-15 -4.115197765885981e-15 -1.289550063954259e-15 3.815524285410987e-15 -2.581988897471628 -1.063385490773783e-14 -2.309401076758416 -1.620185174602042 -5.020790110464016 1.060660171779772 -2.653613888014993 1.620185174601907 -1.369306393762746 -1.060660171779769 0.6123724356957837 -2.291287847477845 -1.936491673103476 1.499999999999929 0.8660254037844259 -4.440892098500626e-16 3.872983346207014 7.771561172376096e-16 -12.12435565298198 2.291287847477845 -1.936491673103476 -1.499999999999929 0.8660254037844259 0 0 0 0 0 0 0 0 -3.240370349203844 -2.738612787525521 2.12132034355955 1.224744871391577 -3.240370349203841 2.738612787525536 2.12132034355955 -1.224744871391559 3.240370349203841 2.738612787525536 -2.12132034355955 -1.224744871391558 3.240370349203844 -2.738612787525521 -2.12132034355955 1.224744871391577 0 0 0 0 0 0 0 0 0 0 0 0
-1.498801083243961e-15 1.398187121637307e-15 3.479855292809475e-15 -2.211501381327308e-15 -1.196308677120506e-14 -1.490711984999904 -3.870168074904257e-15 -1.333333333333333 -0.9354143466934821 1.317615691736977 0.6123724356957598 2.239171473757392 0.9354143466934822 -0.790569415042023 -0.6123724356957839 0.353553390593279 1.322875655532295 1.118033988749797 -0.8660254037844259 -0.5000000000000089 16.75642497007556 -5.273559366969494e-16 12.12435565298199 -4.85722573273506e-17 1.322875655532295 -1.118033988749797 -0.8660254037844259 0.5000000000000089 0 0 0 0 0 0 0 0 1.870828693386982 1.581138830084062 -1.224744871391575 -0.7071067811865631 -8.106924338010103 -10.01387925719894 5.307227776030027 4.478342947514832 -8.106924338010099 10.01387925719894 5.307227776030026 -4.478342947514831 1.870828693386982 -1.581138830084062 -1.224744871391575 0.7071067811865631 0 0 0 0 0 0 0 0 0 0 0 0
1.110223024625157e-16 -6.522560269672795e-15 -4.817327092787593e-15 -5.121391592061153e-15 -6.515621375768887e-15 3.944053188733151 -5.790506962810582e-15 3.527668414752716 2.474873734152863 2.091650066334961 -1.620185174601908 -0.9354143466934823 -2.474873734152863 7.669383576562257 1.62018517460191 4.053462169005017 0 0 0 0 3.499999999999936 2.958039891549495 -2.291287847477845 -1.322875655532295 7.216449660063518e-16 -9.860132971833718 2.164934898019055e-15 -16.75642497007548 -3.499999999999936 2.958039891549495 2.291287847477845 -1.322875655532295 0 0 0 0 0 0 0 0 0 0 0 0 4.949747468305773 4.183300132669965 -3.240370349203835 -1.870828693386978 4.949747468305866 -4.183300132669966 -3.240370349204127 1.87082869338698 -4.949747468305866 -4.183300132669964 3.240370349204127 1.870828693386978 -4.949747468305773 4.183300132669965 3.240370349203835 -1.870828693386978 0 0 0 0
-1.221245327087672e-14 -3.594347042223944e-15 7.338747665119882e-15 1.048889707727652e-14 -4.540638698369293e-15 -3.333333333333113 3.365363543395006e-15 -2.981423969999392 -2.091650066334961 -1.767766952966022 1.369306393762747 0.7905694150420232 2.09165006633496 2.946278254943989 -1.369306393762743 5.006939628599412 0 0 0 0 -2.958039891549496 -2.499999999999518 1.936491673103476 1.118033988749797 9.860132971833735 3.33066907387547e-16 -3.872983346206913 -6.869504964868156e-16 -2.958039891549496 2.499999999999518 1.936491673103476 -1.118033988749797 0 0 0 0 0 0 0 0 0 0 0 0 -4.183300132669963 -3.535533905932081 2.738612787525511 1.581138830084059 -15.33876715312475 -5.89255650988804 10.04158022092812 2.635231383473983 -15.33876715312475 5.892556509888042 10.04158022092812 -2.635231383473984 -4.183300132669963 3.535533905932081 2.738612787525511 -1.581138830084059 0 0 0 0
-5.551115123125783e-16 6.210310043996969e-15 5.073632486363167e-15 -3.80338122107915e-16 -3.975118845200853e-15 -2.581988897471629 1.057834375650657e-14 -2.309401076758414 -1.620185174601907 -1.369306393762746 1.060660171779769 0.6123724356957837 1.620185174602042 -5.020790110464016 -1.060660171779772 -2.653613888014994 0 0 0 0 -2.291287847477845 -1.936491673103476 1.499999999999929 0.8660254037844259 -4.440892098500626e-16 3.872983346207014 7.771561172376096e-16 -12.12435565298198 2.291287847477845 -1.936491673103476 -1.499999999999929 0.8660254037844259 0 0 0 0 0 0 0 0 0 0 0 0 -3.240370349203844 -2.738612787525521 2.12132034355955 1.224744871391577 -3.240370349203841 2.738612787525536 2.12132034355955 -1.224744871391559 3.240370349203841 2.738612787525536 -2.12132034355955 -1.224744871391558 3.240370349203844 -2.738612787525521 -2.12132034355955 1.224744871391577 0 0 0 0
-1.498801083243961e-15 -1.349614864309956e-15 3.621235256101585e-15 2.004635606817073e-15 -1.171068450545043e-14 1.490711984999904 -3.325464903447539e-15 1.333333333333333 0.9354143466934822 0.790569415042023 -0.6123724356957839 -0.353553390593279 -0.9354143466934824 -1.317615691736978 0.6123724356957596 -2.239171473757392 0 0 0 0 1.322875655532295 1.118033988749797 -0.8660254037844259 -0.5000000000000089 16.75642497007556 -5.273559366969494e-16 12.12435565298199 -4.85722573273506e-17 1.322875655532295 -1.118033988749797 -0.8660254037844259 0.5000000000000089 0 0 0 0 0 0 0 0 0 0 0 0 1.870828693386982 1.581138830084062 -1.224744871391575 -0.7071067811865631 -8.106924338010103 -10.01387925719894 5.307227776030027 4.478342947514832 -8.106924338010099 10.01387925719894 5.307227776030026 -4.478342947514831 1.870828693386982 -1.581138830084062 -1.224744871391575 0.7071067811865631 0 0 0 0
1.110223024625157e-16 2.291287847477883 -6.101022465010431e-15 3.499999999999913 -6.762819471095582e-15 2.958039891549472 2.945560462208618e-15 -1.322875655532289 -2.474873734152863 2.091650066334961 1.620185174601908 -0.9354143466934823 2.474873734152863 7.669383576562257 -1.620185174601909 4.053462169005017 -3.499999999999936 2.958039891549495 2.291287847477845 -1.322875655532295 0 0 0 0 3.499999999999936 2.958039891549495 -2.291287847477845 -1.322875655532295 7.216449660063518e-16 -9.860132971833718 2.164934898019055e-15 -16.75642497007548 -4.949747468305773 4.183300132669965 3.240370349203835 -1.870828693386978 0 0 0 0 0 0 0 0 0 0 0 0 0 0 0 0 4.949747468305773 4.183300132669965 -3.240370349203835 -1.870828693386978 4.949747468305866 -4.183300132669966 -3.240370349204127 1.87082869338698 -4.949747468305866 -4.183300132669964 3.240370349204127 1.870828693386978
-1.221245327087672e-14 1.936491673103494 -7.724723638524722e-15 2.958039891549482 5.347285114698508e-15 2.499999999999508 -1.307981500886513e-15 -1.118033988749792 -2.091650066334961 1.767766952966022 1.369306393762747 -0.7905694150420232 2.091650066334962 -2.946278254943988 -1.369306393762742 -5.006939628599411 -2.958039891549496 2.499999999999518 1.936491673103476 -1.118033988749797 0 0 0 0 -2.958039891549496 -2.499999999999518 1.936491673103476 1.118033988749797 9.860132971833735 3.33066907387547e-16 -3.872983346206913 -6.869504964868156e-16 -4.183300132669963 3.535533905932081 2.738612787525511 -1.581138830084059 0 0 0 0 0 0 0 0 0 0 0 0 0 0 0 0 -4.183300132669963 -3.535533905932081 2.738612787525511 1.581138830084059 -15.33876715312475 -5.89255650988804 10.04158022092812 2.635231383473983 -15.33876715312475 5.892556509888042 10.04158022092812 -2.635231383473984
-4.440892098500626e-16 -1.499999999999952 8.616805186045795e-15 -2.291287847477824 -3.380108692940809e-15 -1.936491673103469 -6.777564620641385e-15 0.8660254037844205 1.620185174601907 -1.369306393762746 -1.060660171779769 0.6123724356957837 -1.620185174602042 -5.020790110464016 1.060660171779772 -2.653613888014993 2.291287847477845 -1.936491673103476 -1.499999999999929 0.8660254037844259 0 0 0 0 -2.291287847477845 -1.936491673103476 1.499999999999929 0.8660254037844259 -4.440892098500626e-16 3.872983346207014 7.771561172376096e-16 -12.12435565298198 3.240370349203844 -2.738612787525521 -2.12132034355955 1.224744871391577 0 0 0 0 0 0 0 0 0 0 0 0 0 0 0 0 -3.240370349203844 -2.738612787525521 2.12132034355955 1.224744871391577 -3.240370349203841 2.738612787525536 2.12132034355955 -1.224744871391559 3.240370349203841 2.738612787525536 -2.12132034355955 -1.224744871391558
-1.554312234475219e-15 -0.8660254037844429 -1.27827436136041e-15 -1.322875655532284 1.195419631339067e-14 -1.118033988749779 -4.924879948298155e-15 0.500000000000001 0.9354143466934822 -0.790569415042023 -0.6123724356957839 0.353553390593279 -0.9354143466934821 1.317615691736977 0.6123724356957598 2.239171473757392 1.322875655532295 -1.118033988749797 -0.8660254037844259 0.5000000000000089 0 0 0 0 1.322875655532295 1.118033988749797 -0.8660254037844259 -0.5000000000000089 16.75642497007556 -5.273559366969494e-16 12.12435565298199 -4.85722573273506e-17 1.870828693386982 -1.581138830084062 -1.224744871391575 0.7071067811865631 0 0 0 0 0 0 0 0 0 0 0 0 0 0 0 0 1.870828693386982 1.581138830084062 -1.224744871391575 -0.7071067811865631 -8.106924338010103 -10.01387925719894 5.307227776030027 4.478342947514832 -8.106924338010099 10.01387925719894 5.307227776030026 -4.478342947514831
0 3.240370349203894 1.556393902646391e-14 4.949747468305719 3.730262626566727e-14 4.183300132669906 -2.325917236589703e-14 -1.870828693386958 -3.499999999999905 2.95803989154947 2.291287847477819 -1.322875655532284 3.499999999999946 2.958039891549504 -2.291287847477853 -1.322875655532299 -4.949747468305707 15.33876715312459 3.24037034920386 8.106924338010071 0 0 0 0 0 0 0 0 4.949747468305773 4.183300132669962 -3.240370349203844 -1.870828693386982 0 -19.72026594366763 0 -33.51284994015113 -6.999999999999959 5.916079783099068 4.582575694955734 -2.645751311064619 0 0 0 0 0 0 0 0 0 0 0 0 0 0 0 0 0 0 0 0 6.999999999999959 5.916079783099068 -4.582575694955734 -2.645751311064619
-4.085620730620576e-14 -2.738612787525506 -5.790420226636783e-14 -4.183300132669904 -7.500944310123714e-15 -3.535533905932057 1.844011054963346e-14 1.581138830084051 2.958039891549517 -2.499999999999538 -1.93649167310349 1.118033988749806 -2.958039891549506 -2.499999999999526 1.936491673103484 1.118033988749801 4.183300132669964 5.892556509888032 -2.738612787525489 10.01387925719888 0 0 0 0 0 0 0 0 -4.183300132669965 -3.53553390593208 2.738612787525521 1.581138830084062 19.72026594366769 0 -7.745966692413743 0 -5.916079783099069 4.999999999999104 3.872983346206992 -2.236067977499619 0 0 0 0 0 0 0 0 0 0 0 0 0 0 0 0 0 0 0 0 -5.916079783099069 -4.999999999999104 3.872983346206992 2.236067977499619
0 -2.121320343559583 -9.960782199058826e-15 -3.240370349203802 -2.010804717178516e-14 -2.738612787525477 1.379105163401562e-14 1.22474487139156 2.291287847477842 -1.936491673103479 -1.49999999999991 0.8660254037844208 -2.291287847477845 -1.936491673103476 1.499999999999931 0.8660254037844263 3.240370349204066 -10.04158022092806 -2.121320343559561 -5.30722777603001 0 0 0 0 0 0 0 0 -3.240370349203836 -2.738612787525512 2.12132034355955 1.224744871391575 0 7.745966692414087 -1.332267629550188e-15 -24.24871130596405 4.582575694955734 -3.872983346206992 -2.999999999999879 1.732050807568865 0 0 0 0 0 0 0 0 0 0 0 0 0 0 0 0 0 0 0 0 -4.582575694955734 -3.872983346206992 2.999999999999879 1.732050807568865
8.881784197001252e-16 1.224744871391597 3.95516952522712e-16 1.870828693386968 8.181172753141119e-15 1.581138830084041 -1.318389841742373e-15 -0.7071067811865579 -1.322875655532266 1.11803398874977 0.8660254037844156 -0.4999999999999973 1.322875655532297 1.118033988749799 -0.8660254037844277 -0.5000000000000098 -1.870828693386979 -2.635231383473975 1.224744871391511 -4.4783429475148 0 0 0 0 0 0 0 0 1.870828693386979 1.581138830084059 -1.224744871391577 -0.7071067811865634 33.51284994015141 -3.552713678800501e-15 24.24871130596411 1.110223024625157e-15 2.645751311064619 -2.23606797749962 -1.732050807568866 1.000000000000027 0 0 0 0 0 0 0 0 0 0 0 0 0 0 0 0 0 0 0 0 2.645751311064619 2.23606797749962 -1.732050807568866 -1.000000000000027
-1.110223024625157e-16 -7.979727989493313e-15 1.696559559505317e-14 -1.68479596593385e-14 -1.310583586100478e-15 3.54230533794464e-15 -6.938893903907228e-15 -2.218060804470845e-15 4.075906279155106e-14 7.888106377466334 4.779510121011299e-14 7.055336829505457 0 0 0 0 4.949747468305708 15.33876715312459 -3.24037034920386 8.106924338010069 -4.949747468305773 4.183300132669962 3.240370349203844 -1.870828693386982 0 0 0 0 0 0 0 0 6.999999999999959 5.916079783099068 -4.582575694955734 -2.645751311064619 0 -19.72026594366763 0 -33.51284994015113 -6.999999999999959 5.916079783099068 4.582575694955734 -2.645751311064619 0 0 0 0 0 0 0 0 0 0 0 0 0 0 0 0 0 0 0 0
-4.074518500374325e-14 4.304889777984044e-14 -7.305787919076323e-15 -3.055650350802797e-14 3.247402347028583e-14 -2.710158486518566e-14 -3.260239300750811e-14 1.768631898921291e-14 -1.050548537051554e-14 6.66666666666629 1.715294573045867e-14 5.9628479399988 0 0 0 0 4.183300132669965 -5.892556509888031 -2.738612787525488 -10.01387925719888 -4.183300132669965 3.53553390593208 2.738612787525521 -1.581138830084062 0 0 0 0 0 0 0 0 -5.916079783099069 -4.999999999999104 3.872983346206992 2.236067977499619 19.72026594366769 0 -7.745966692413743 0 -5.916079783099069 4.999999999999104 3.872983346206992 -2.236067977499619 0 0 0 0 0 0 0 0 0 0 0 0 0 0 0 0 0 0 0 0
0 4.315992008230296e-15 -1.071712163458471e-14 9.61909588440002e-15 1.796306159373984e-15 -3.053980679457169e-15 4.610894999146353e-15 1.503083681825279e-15 -3.309852392163748e-15 -5.163977794943274 -2.878253191340718e-14 -4.618802153516847 0 0 0 0 -3.240370349204065 -10.04158022092806 2.12132034355956 -5.307227776030008 3.240370349203836 -2.738612787525512 -2.12132034355955 1.224744871391575 0 0 0 0 0 0 0 0 -4.582575694955734 -3.872983346206992 2.999999999999879 1.732050807568865 0 7.745966692414087 -1.332267629550188e-15 -24.24871130596405 4.582575694955734 -3.872983346206992 -2.999999999999879 1.732050807568865 0 0 0 0 0 0 0 0 0 0 0 0 0 0 0 0 0 0 0 0
8.326672684688674e-16 -4.510281037539698e-16 6.245004513516506e-17 -1.648366772938337e-15 1.445241495923177e-15 -9.65156773946596e-16 -2.942091015256665e-15 2.78555932660407e-15 -3.049990815462422e-14 -2.981423969999822 -1.14214193658313e-14 -2.666666666666677 0 0 0 0 -1.870828693386981 2.635231383473971 1.224744871391511 4.478342947514799 1.870828693386979 -1.581138830084059 -1.224744871391577 0.7071067811865634 0 0 0 0 0 0 0 0 2.645751311064619 2.23606797749962 -1.732050807568866 -1.000000000000027 33.51284994015141 -3.552713678800501e-15 24.24871130596411 1.110223024625157e-15 2.645751311064619 -2.23606797749962 -1.732050807568866 1.000000000000027 0 0 0 0 0 0 0 0 0 0 0 0 0 0 0 0 0 0 0 0
-1.110223024625157e-16 -7.646661082105766e-15 1.122019144261799e-14 8.814563662307151e-17 -1.553444872737231e-15 -7.424616477180734e-16 1.493249968120836e-14 -1.730495087504114e-14 -4.067579606470417e-14 7.888106377466336 -4.723998969780041e-14 7.055336829505455 0 0 0 0 4.949747468305773 4.183300132669962 -3.240370349203844 -1.870828693386982 -4.949747468305707 15.33876715312459 3.24037034920386 8.106924338010071 0 0 0 0 0 0 0 0 0 0 0 0 6.999999999999959 5.916079783099068 -4.582575694955734 -2.645751311064619 0 -19.72026594366763 0 -33.51284994015113 -6.999999999999959 5.916079783099068 4.582575694955734 -2.645751311064619 0 0 0 0 0 0 0 0 0 0 0 0 0 0 0 0
-4.074518500374325e-14 2.756128658631951e-14 2.23788002018388e-14 -4.002809368686133e-14 -3.252259572761318e-14 3.701032535996518e-14 -2.485858741074765e-14 -9.534094434077156e-15 -1.108835245844375e-14 -6.666666666666291 1.687538997430238e-14 -5.962847939998801 0 0 0 0 -4.183300132669965 -3.53553390593208 2.738612787525521 1.581138830084062 4.183300132669964 5.892556509888032 -2.738612787525489 10.01387925719888 0 0 0 0 0 0 0 0 0 0 0 0 -5.916079783099069 -4.999999999999104 3.872983346206992 2.236067977499619 19.72026594366769 0 -7.745966692413743 0 -5.916079783099069 4.999999999999104 3.872983346206992 -2.236067977499619 0 0 0 0 0 0 0 0 0 0 0 0 0 0 0 0
0 4.510281037539698e-15 -7.199102425303749e-15 -1.239785184237174e-16 1.858756204509149e-15 -1.090273704651423e-15 -8.684025720739896e-15 1.056614648206611e-14 3.268219028740305e-15 -5.163977794943275 2.828293155232586e-14 -4.618802153516847 0 0 0 0 -3.240370349203836 -2.738612787525512 2.12132034355955 1.224744871391575 3.240370349204066 -10.04158022092806 -2.121320343559561 -5.30722777603001 0 0 0 0 0 0 0 0 0 0 0 0 -4.582575694955734 -3.872983346206992 2.999999999999879 1.732050807568865 0 7.745966692414087 -1.332267629550188e-15 -24.24871130596405 4.582575694955734 -3.872983346206992 -2.999999999999879 1.732050807568865 0 0 0 0 0 0 0 0 0 0 0 0 0 0 0 0
8.326672684688674e-16 -1.07552855510562e-15 1.436351038108796e-15 -2.124982047962964e-15 -1.48470645500165e-15 1.921423090078811e-15 -2.567390744445674e-15 1.604212639463864e-15 -3.074970833516488e-14 2.981423969999822 -1.150468609267818e-14 2.666666666666678 0 0 0 0 1.870828693386979 1.581138830084059 -1.224744871391577 -0.7071067811865634 -1.870828693386979 -2.635231383473975 1.224744871391511 -4.4783429475148 0 0 0 0 0 0 0 0 0 0 0 0 2.645751311064619 2.23606797749962 -1.732050807568866 -1.000000000000027 33.51284994015141 -3.552713678800501e-15 24.24871130596411 1.110223024625157e-15 2.645751311064619 -2.23606797749962 -1.732050807568866 1.000000000000027 0 0 0 0 0 0 0 0 0 0 0 0 0 0 0 0
-1.110223024625157e-16 -1.039446306805303e-14 2.480654570646834e-15 3.651267656279433e-15 3.597035863611708e-14 5.577733510227276 2.792210906932269e-14 4.988876515698506 3.499999999999905 2.958039891549469 -2.291287847477819 -1.322875655532284 -3.499999999999946 2.958039891549504 2.291287847477853 -1.322875655532299 0 0 0 0 4.949747468305708 15.33876715312459 -3.24037034920386 8.106924338010069 -4.949747468305773 4.183300132669962 3.240370349203844 -1.870828693386982 0 0 0 0 0 0 0 0 0 0 0 0 6.999999999999959 5.916079783099068 -4.582575694955734 -2.645751311064619 0 -19.72026594366763 0 -33.51284994015113 -6.999999999999959 5.916079783099068 4.582575694955734 -2.645751311064619 0 0 0 0 0 0 0 0 0 0 0 0
-4.074518500374325e-14 5.329070518200751e-15 4.161341410346964e-14 -2.500929151272313e-14 7.056855100273651e-15 4.714045207910019 4.342012860369948e-14 4.216370213557352 2.958039891549517 2.499999999999538 -1.93649167310349 -1.118033988749806 -2.958039891549506 2.499999999999526 1.936491673103484 -1.118033988749801 0 0 0 0 4.183300132669965 -5.892556509888031 -2.738612787525488 -10.01387925719888 -4.183300132669965 3.53553390593208 2.738612787525521 -1.581138830084062 0 0 0 0 0 0 0 0 0 0 0 0 -5.916079783099069 -4.999999999999104 3.872983346206992 2.236067977499619 19.72026594366769 0 -7.745966692413743 0 -5.916079783099069 4.999999999999104 3.872983346206992 -2.236067977499619 0 0 0 0 0 0 0 0 0 0 0 0
0 6.300515664747763e-15 -1.807581861967833e-15 -2.609403578629488e-15 -2.033009177671019e-14 -3.651483716701119 -1.734376531281612e-14 -3.265986323710794 -2.291287847477842 -1.936491673103478 1.49999999999991 0.8660254037844211 2.291287847477845 -1.936491673103476 -1.499999999999931 0.8660254037844263 0 0 0 0 -3.240370349204065 -10.04158022092806 2.12132034355956 -5.307227776030008 3.240370349203836 -2.738612787525512 -2.12132034355955 1.224744871391575 0 0 0 0 0 0 0 0 0 0 0 0 -4.582575694955734 -3.872983346206992 2.999999999999879 1.732050807568865 0 7.745966692414087 -1.332267629550188e-15 -24.24871130596405 4.582575694955734 -3.872983346206992 -2.999999999999879 1.732050807568865 0 0 0 0 0 0 0 0 0 0 0 0
8.326672684688674e-16 1.35308431126191e-15 1.214306433183765e-17 2.704488109156467e-15 -8.181172753141119e-15 -2.108185106779001 -1.346145417358002e-15 -1.885618083164133 -1.322875655532266 -1.11803398874977 0.8660254037844156 0.4999999999999973 1.322875655532297 -1.118033988749799 -0.8660254037844277 0.5000000000000098 0 0 0 0 -1.870828693386981 2.635231383473971 1.224744871391511 4.478342947514799 1.870828693386979 -1.581138830084059 -1.224744871391577 0.7071067811865634 0 0 0 0 0 0 0 0 0 0 0 0 2.645751311064619 2.23606797749962 -1.732050807568866 -1.000000000000027 33.51284994015141 -3.552713678800501e-15 24.24871130596411 1.110223024625157e-15 2.645751311064619 -2.23606797749962 -1.732050807568866 1.000000000000027 0 0 0 0 0 0 0 0 0 0 0 0
-1.110223024625157e-16 -1.042221864366866e-14 -2.421673972463623e-15 3.684227402322993e-15 -3.627740469136498e-14 5.577733510227277 -2.76445533131664e-14 4.988876515698505 3.499999999999946 2.958039891549504 -2.291287847477853 -1.322875655532299 -3.499999999999905 2.95803989154947 2.291287847477819 -1.322875655532284 0 0 0 0 4.949747468305773 4.183300132669962 -3.240370349203844 -1.870828693386982 -4.949747468305707 15.33876715312459 3.24037034920386 8.106924338010071 0 0 0 0 0 0 0 0 0 0 0 0 0 0 0 0 6.999999999999959 5.916079783099068 -4.582575694955734 -2.645751311064619 0 -19.72026594366763 0 -33.51284994015113 -6.999999999999959 5.916079783099068 4.582575694955734 -2.645751311064619 0 0 0 0 0 0 0 0
-4.074518500374325e-14 -5.412337245047638e-15 4.143300286196805e-14 2.513505896473145e-14 7.029099524658022e-15 -4.71404520791002 4.364217320862451e-14 -4.216370213557354 -2.958039891549506 -2.499999999999526 1.936491673103484 1.118033988749801 2.958039891549517 -2.499999999999538 -1.93649167310349 1.118033988749806 0 0 0 0 -4.183300132669965 -3.53553390593208 2.738612787525521 1.581138830084062 4.183300132669964 5.892556509888032 -2.738612787525489 10.01387925719888 0 0 0 0 0 0 0 0 0 0 0 0 0 0 0 0 -5.916079783099069 -4.999999999999104 3.872983346206992 2.236067977499619 19.72026594366769 0 -7.745966692413743 0 -5.916079783099069 4.999999999999104 3.872983346206992 -2.236067977499619 0 0 0 0 0 0 0 0
0 6.314393452555578e-15 1.675742877793596e-15 -2.64366436728003e-15 2.015141525868458e-14 -3.651483716701118 1.726743747987314e-14 -3.265986323710794 -2.291287847477845 -1.936491673103476 1.499999999999931 0.8660254037844263 2.291287847477842 -1.936491673103479 -1.49999999999991 0.8660254037844208 0 0 0 0 -3.240370349203836 -2.738612787525512 2.12132034355955 1.224744871391575 3.240370349204066 -10.04158022092806 -2.121320343559561 -5.30722777603001 0 0 0 0 0 0 0 0 0 0 0 0 0 0 0 0 -4.582575694955734 -3.872983346206992 2.999999999999879 1.732050807568865 0 7.745966692414087 -1.332267629550188e-15 -24.24871130596405 4.582575694955734 -3.872983346206992 -2.999999999999879 1.732050807568865 0 0 0 0 0 0 0 0
8.326672684688674e-16 -1.394717674685353e-15 6.245004513516506e-17 -2.681394602882525e-15 -8.000761511639531e-15 2.108185106779002 -1.262878690511116e-15 1.885618083164133 1.322875655532297 1.118033988749799 -0.8660254037844277 -0.5000000000000098 -1.322875655532266 1.11803398874977 0.8660254037844156 -0.4999999999999973 0 0 0 0 1.870828693386979 1.581138830084059 -1.224744871391577 -0.7071067811865634 -1.870828693386979 -2.635231383473975 1.224744871391511 -4.4783429475148 0 0 0 0 0 0 0 0 0 0 0 0 0 0 0 0 2.645751311064619 2.23606797749962 -1.732050807568866 -1.000000000000027 33.51284994015141 -3.552713678800501e-15 24.24871130596411 1.110223024625157e-15 2.645751311064619 -2.23606797749962 -1.732050807568866 1.000000000000027 0 0 0 0 0 0 0 0
-1.110223024625157e-16 -7.646661082105766e-15 -1.112304692796329e-14 3.709055632072911e-16 1.310583586100478e-15 -1.183081410616182e-15 -1.480759959093803e-14 -1.710892712225576e-14 0 0 0 0 4.075906279155106e-14 7.888106377466334 4.779510121011299e-14 7.055336829505457 0 0 0 0 0 0 0 0 4.949747468305708 15.33876715312459 -3.24037034920386 8.106924338010069 -4.949747468305773 4.183300132669962 3.240370349203844 -1.870828693386982 0 0 0 0 0 0 0 0 0 0 0 0 0 0 0 0 6.999999999999959 5.916079783099068 -4.582575694955734 -2.645751311064619 0 -19.72026594366763 0 -33.51284994015113 -6.999999999999959 5.916079783099068 4.582575694955734 -2.645751311064619 0 0 0 0
-4.074518500374325e-14 -2.767230888878203e-14 2.233716683841536e-14 4.006408919898785e-14 -3.247402347028583e-14 -3.671021819862119e-14 -2.484470962293983e-14 9.446382478323079e-15 0 0 0 0 -1.050548537051554e-14 6.66666666666629 1.715294573045867e-14 5.9628479399988 0 0 0 0 0 0 0 0 4.183300132669965 -5.892556509888031 -2.738612787525488 -10.01387925719888 -4.183300132669965 3.53553390593208 2.738612787525521 -1.581138830084062 0 0 0 0 0 0 0 0 0 0 0 0 0 0 0 0 -5.916079783099069 -4.999999999999104 3.872983346206992 2.236067977499619 19.72026594366769 0 -7.745966692413743 0 -5.916079783099069 4.999999999999104 3.872983346206992 -2.236067977499619 0 0 0 0
0 4.427014310692812e-15 7.018691183802162e-15 -4.02401636317995e-16 -1.796306159373984e-15 -1.079865363795562e-15 8.659739592076221e-15 1.067803614626661e-14 0 0 0 0 -3.309852392163748e-15 -5.163977794943274 -2.878253191340718e-14 -4.618802153516847 0 0 0 0 0 0 0 0 -3.240370349204065 -10.04158022092806 2.12132034355956 -5.307227776030008 3.240370349203836 -2.738612787525512 -2.12132034355955 1.224744871391575 0 0 0 0 0 0 0 0 0 0 0 0 0 0 0 0 -4.582575694955734 -3.872983346206992 2.999999999999879 1.732050807568865 0 7.745966692414087 -1.332267629550188e-15 -24.24871130596405 4.582575694955734 -3.872983346206992 -2.999999999999879 1.732050807568865 0 0 0 0
8.326672684688674e-16 1.047772979489991e-15 1.339206523454095e-15 2.131595681215126e-15 -1.445241495923177e-15 -1.922724132685794e-15 -2.588207426157396e-15 -1.633648728446846e-15 0 0 0 0 -3.049990815462422e-14 -2.981423969999822 -1.14214193658313e-14 -2.666666666666677 0 0 0 0 0 0 0 0 -1.870828693386981 2.635231383473971 1.224744871391511 4.478342947514799 1.870828693386979 -1.581138830084059 -1.224744871391577 0.7071067811865634 0 0 0 0 0 0 0 0 0 0 0 0 0 0 0 0 2.645751311064619 2.23606797749962 -1.732050807568866 -1.000000000000027 33.51284994015141 -3.552713678800501e-15 24.24871130596411 1.110223024625157e-15 2.645751311064619 -2.23606797749962 -1.732050807568866 1.000000000000027 0 0 0 0
-1.110223024625157e-16 -8.090750291955828e-15 -1.706274010970787e-14 -1.693816528008929e-14 1.553444872737231e-15 3.615163723935666e-15 7.049916206369744e-15 -2.259694167894288e-15 0 0 0 0 -4.067579606470417e-14 7.888106377466336 -4.723998969780041e-14 7.055336829505455 0 0 0 0 0 0 0 0 4.949747468305773 4.183300132669962 -3.240370349203844 -1.870828693386982 -4.949747468305707 15.33876715312459 3.24037034920386 8.106924338010071 0 0 0 0 0 0 0 0 0 0 0 0 0 0 0 0 0 0 0 0 6.999999999999959 5.916079783099068 -4.582575694955734 -2.645751311064619 0 -19.72026594366763 0 -33.51284994015113 -6.999999999999959 5.916079783099068 4.582575694955734 -2.645751311064619
-4.074518500374325e-14 -4.31044089310717e-14 -7.333543494691952e-15 3.056474344453886e-14 3.252259572761318e-14 2.728199610668725e-14 -3.263014858312374e-14 -1.771591770852177e-14 0 0 0 0 -1.108835245844375e-14 -6.666666666666291 1.687538997430238e-14 -5.962847939998801 0 0 0 0 0 0 0 0 -4.183300132669965 -3.53553390593208 2.738612787525521 1.581138830084062 4.183300132669964 5.892556509888032 -2.738612787525489 10.01387925719888 0 0 0 0 0 0 0 0 0 0 0 0 0 0 0 0 0 0 0 0 -5.916079783099069 -4.999999999999104 3.872983346206992 2.236067977499619 19.72026594366769 0 -7.745966692413743 0 -5.916079783099069 4.999999999999104 3.872983346206992 -2.236067977499619
0 4.538036613155327e-15 1.059916043821829e-14 9.846344659752981e-15 -1.858756204509149e-15 -3.255208602670479e-15 -4.687222832089333e-15 1.213384861337152e-15 0 0 0 0 3.268219028740305e-15 -5.163977794943275 2.828293155232586e-14 -4.618802153516847 0 0 0 0 0 0 0 0 -3.240370349203836 -2.738612787525512 2.12132034355955 1.224744871391575 3.240370349204066 -10.04158022092806 -2.121320343559561 -5.30722777603001 0 0 0 0 0 0 0 0 0 0 0 0 0 0 0 0 0 0 0 0 -4.582575694955734 -3.872983346206992 2.999999999999879 1.732050807568865 0 7.745966692414087 -1.332267629550188e-15 -24.24871130596405 4.582575694955734 -3.872983346206992 -2.999999999999879 1.732050807568865
8.326672684688674e-16 4.371503159461554e-16 6.938893903907228e-18 1.685771747889087e-15 1.48470645500165e-15 9.638557313396134e-16 -2.955968803064479e-15 -2.808056521683144e-15 0 0 0 0 -3.074970833516488e-14 2.981423969999822 -1.150468609267818e-14 2.666666666666678 0 0 0 0 0 0 0 0 1.870828693386979 1.581138830084059 -1.224744871391577 -0.7071067811865634 -1.870828693386979 -2.635231383473975 1.224744871391511 -4.4783429475148 0 0 0 0 0 0 0 0 0 0 0 0 0 0 0 0 0 0 0 0 2.645751311064619 2.23606797749962 -1.732050807568866 -1.000000000000027 33.51284994015141 -3.552713678800501e-15 24.24871130596411 1.110223024625157e-15 2.645751311064619 -2.23606797749962 -1.732050807568866 1.000000000000027
0 3.240370349203893 -1.632374790894175e-14 4.949747468305719 -3.638669227035152e-14 4.183300132669905 2.282896094385478e-14 -1.870828693386958 -3.499999999999946 2.958039891549504 2.291287847477853 -1.322875655532299 3.499999999999905 2.958039891549469 -2.291287847477819 -1.322875655532284 -4.949747468305773 4.183300132669962 3.240370349203844 -1.870828693386982 0 0 0 0 0 0 0 0 4.949747468305708 15.33876715312459 -3.24037034920386 8.106924338010069 -6.999999999999959 5.916079783099068 4.582575694955734 -2.645751311064619 0 0 0 0 0 0 0 0 0 0 0 0 0 0 0 0 0 0 0 0 6.999999999999959 5.916079783099068 -4.582575694955734 -2.645751311064619 0 -19.72026594366763 0 -33.51284994015113
-4.074518500374325e-14 2.738612787525506 -5.761710553109367e-14 4.183300132669904 -7.370840049425453e-15 3.535533905932057 1.818337147518889e-14 -1.58113883008405 -2.958039891549506 2.499999999999526 1.936491673103484 -1.118033988749801 2.958039891549517 2.499999999999538 -1.93649167310349 -1.118033988749806 -4.183300132669965 3.53553390593208 2.738612787525521 -1.581138830084062 0 0 0 0 0 0 0 0 4.183300132669965 -5.892556509888031 -2.738612787525488 -10.01387925719888 -5.916079783099069 4.999999999999104 3.872983346206992 -2.236067977499619 0 0 0 0 0 0 0 0 0 0 0 0 0 0 0 0 0 0 0 0 -5.916079783099069 -4.999999999999104 3.872983346206992 2.236067977499619 19.72026594366769 0 -7.745966692413743 0
0 -2.121320343559583 9.928689814753255e-15 -3.240370349203803 2.050486516691485e-14 -2.738612787525477 -1.394023785294962e-14 1.22474487139156 2.291287847477845 -1.936491673103476 -1.499999999999931 0.8660254037844263 -2.291287847477842 -1.936491673103478 1.49999999999991 0.8660254037844211 3.240370349203836 -2.738612787525512 -2.12132034355955 1.224744871391575 0 0 0 0 0 0 0 0 -3.240370349204065 -10.04158022092806 2.12132034355956 -5.307227776030008 4.582575694955734 -3.872983346206992 -2.999999999999879 1.732050807568865 0 0 0 0 0 0 0 0 0 0 0 0 0 0 0 0 0 0 0 0 -4.582575694955734 -3.872983346206992 2.999999999999879 1.732050807568865 0 7.745966692414087 -1.332267629550188e-15 -24.24871130596405
8.326672684688674e-16 -1.224744871391597 7.216449660063518e-16 -1.870828693386968 7.990136330349173e-15 -1.581138830084041 -1.207367539279858e-15 0.7071067811865578 1.322875655532297 -1.118033988749799 -0.8660254037844277 0.5000000000000098 -1.322875655532266 -1.11803398874977 0.8660254037844156 0.4999999999999973 1.870828693386979 -1.581138830084059 -1.224744871391577 0.7071067811865634 0 0 0 0 0 0 0 0 -1.870828693386981 2.635231383473971 1.224744871391511 4.478342947514799 2.645751311064619 -2.23606797749962 -1.732050807568866 1.000000000000027 0 0 0 0 0 0 0 0 0 0 0 0 0 0 0 0 0 0 0 0 2.645751311064619 2.23606797749962 -1.732050807568866 -1.000000000000027 33.51284994015141 -3.552713678800501e-15 24.24871130596411 1.110223024625157e-15
