# Created from matlab git hash 44e5d814ece930399b58c9298dbb19a28bd9b520
# name: foo
# type: matrix
# rows: 48
# columns: 48
1 -7.006492321624085e-46 6.922674420315594e-46 -6.123838503763239e-46 1.720810685790036e-33 8.758115402030107e-46 5.592225602925901e-47 -1.789601044953643e-33 1.613746657024161e-34 3.788109423613669e-47 2.062258843820763e-33 1.613746657017439e-34 5.858700244522093e-47 4.923337083078405e-34 4.789594360485215e-48 1.114516156461345e-46 4.923337083078624e-34 -5.713301844293077e-47 6.370801962975758e-47 4.923337083078405e-34 -4.498797560027184e-47 8.234520795323046e-47 4.923337083079062e-34 -1.180292895976714e-47 1.293609525780674e-34 7.277392094864886e-36 2.066684807739029e-33 1.29360952578037e-34 7.277392094930572e-36 2.066684807738714e-33 1.293609525780563e-34 7.27739209484299e-36 2.0666848077396e-33 1.293609525780471e-34 3.924633809723121e-34 -1.014803103280248e-33 1.293609525780586e-34 7.277392094864886e-36 2.066684807738973e-33 1.29360952578039e-34 -3.779085967825166e-34 2.066684807738662e-33 1.293609525780464e-34 -3.779085967826042e-34 2.066684807739545e-33 1.293609525780709e-34 -3.779085967825823e-34 2.066684807739228e-33
2.232457377186268e-33 1 5.254869241218064e-46 1.207662006608058e-46 -1.281611469609962e-33 5.056693951622988e-31 6.410610522289434e-33 -2.076256054429422e-34 -3.72373093082285e-31 -2.016789257944253e-33 1.789302567488621e-33 -2.852507050509197e-31 -3.218061718659712e-33 4.007740939166383e-34 -1.108533735247065e-31 5.457271702587571e-34 -1.801238486916867e-34 -1.14804139923547e-31 9.638422343399878e-34 2.345671347337047e-34 -1.015566456730448e-31 1.334523524243731e-34 1.313717310304516e-46 -1.492733221121678e-31 3.053036897497524e-33 2.649843604138802e-34 1.103414312051902e-32 2.390689015625472e-33 6.190164862445827e-34 1.260282367376936e-32 -1.395771975269186e-33 -1.028507969517426e-34 5.59531233462196e-33 -3.533610630204117e-34 -4.086290824971546e-34 1.998219731194176e-32 -1.301191714165471e-34 -8.470816662133223e-35 -1.258993188163638e-33 6.451073737679899e-34 -4.628652841308015e-36 -1.37074828654405e-32 6.023456804465516e-34 2.170376486752046e-33 7.882498076269443e-33 6.747731723574358e-35 -8.718618574136311e-34 1.004494760252851e-32
-7.854934751195752e-46 -2.540349355421915e-33 1 -2.613042910201144e-33 1.454874726021574e-30 1.401298464324817e-45 1.20860637582606e-33 -3.457651150762551e-31 2.764503063896306e-31 -2.575986751020053e-34 1.060541349524178e-31 -6.691671086235196e-31 1.545314308638911e-33 4.224767373223267e-32 -1.155119579962361e-31 2.904653943260497e-34 -1.627387399068213e-32 1.352174217874191e-31 -4.831483614265646e-33 1.661269188223111e-31 -6.346534523479318e-32 1.209371515410516e-33 4.325968779605605e-32 -2.517238654800562e-31 1.259415869049163e-32 7.807027968274025e-34 1.725658341330529e-31 -3.785662132540433e-34 -1.801996991536227e-32 -2.467152747542897e-32 -8.007052693357663e-34 -3.207991108851496e-33 -7.76141110115191e-32 7.443877560518804e-35 7.574168248344133e-33 -1.28204240901225e-33 3.127220250149055e-35 4.741105774957176e-33 6.080846156357712e-33 6.50221488985288e-34 2.077814382166106e-32 -4.830076995520163e-32 2.469272509735863e-33 -2.047295844805921e-33 1.807541344065339e-32 -2.106794859560306e-32 4.469517913200678e-33 -1.331766830661846e-31
-4.919597635984099e-46 1.310296171475598e-46 3.328083852771441e-45 1 2.7856846596122e-32 5.844043158049027e-33 -1.185847904549682e-32 1.180193432388385e-30 1.076210531205166e-32 -4.674725985863863e-34 3.975283780535127e-31 1.388979797610177e-32 -3.046545710818091e-34 -4.561259952544719e-31 -1.833241548795964e-31 -6.432322681285157e-34 -3.806561134462373e-31 2.749112518726762e-31 3.046545710829641e-34 6.169554264395413e-32 -2.111062977309184e-31 -5.123256985041816e-34 3.806561134462159e-31 -2.749112518726601e-31 2.343042315471016e-33 8.332362902292469e-32 -1.244163348592471e-31 -7.576436735280465e-35 -6.033950465549023e-32 6.799336145813369e-34 -8.10399563316176e-34 3.425138851912607e-32 1.260132485124608e-32 -1.306206250890496e-34 5.119989679299963e-32 -2.431333390938456e-31 7.384455955489225e-34 -3.401982244661487e-32 1.244163348592408e-31 7.576436735273349e-35 6.033950465548775e-32 -6.799336145839514e-34 4.002758556132548e-35 1.50524180571839e-32 3.670248172506879e-32 1.306206250885241e-34 -1.89609021669027e-33 -1.51297113516648e-31
4.714558242987591e-33 -3.497714663946758e-33 -2.247347624605963e-30 -3.232122206783153e-32 1 9.692546910021523e-34 7.265108174869928e-33 -4.164376520652549e-31 -3.264440408025928e-32 7.835349205064788e-32 -1.167418372144591e-30 1.453754775354366e-31 -1.472074957130918e-33 -1.390328189681988e-31 1.255790973320153e-31 -8.411216779812162e-34 -5.880254213901699e-32 -1.077593163486792e-30 -2.758281051641351e-33 4.563162620484863e-31 4.849550452219284e-31 -3.557914075722174e-33 1.554596674739814e-31 -1.984388738910142e-31 -4.16655053775297e-33 6.557786750933819e-32 1.07091820568478e-31 2.06195109573725e-34 -2.749029400884982e-33 -5.026119443126869e-32 -4.253674804478954e-35 1.719891957904173e-32 -1.041461787998356e-32 3.643238889873425e-33 -4.384328782937959e-32 1.074456744546537e-31 -1.165278865434367e-33 3.117097540899092e-32 -9.824864324743969e-32 5.962408031279887e-34 -1.850668790040224e-32 1.683522564785921e-32 -1.05730372192117e-33 1.409778114119756e-32 1.242125703802612e-33 2.713449165925903e-34 2.286435064768697e-33 2.255400267386065e-32
1.814269151333211e-32 -1.895269542717974e-31 -1.751623080406021e-45 -9.817339201454538e-33 1.009511828818279e-32 1 7.517936220159768e-35 -3.557131893337342e-34 4.897800148114807e-31 -4.085754766479222e-33 -3.679623914481049e-35 4.310125183545409e-31 -5.661925533429596e-34 -1.799476016874573e-33 2.48563590589549e-31 -2.905045071582819e-34 4.04164556327818e-34 3.538112003885197e-31 2.652060506058007e-34 -2.499693672288656e-33 1.568085474716704e-31 -1.313017952322635e-34 5.448160822398605e-34 1.163867066207953e-31 1.822958363757411e-34 -7.547347439052209e-36 2.306503209176965e-32 1.62290066671843e-34 -1.300893192161379e-34 -1.538514730646534e-32 -7.188222824575185e-34 -1.480591864316323e-34 1.364859914651772e-32 1.270008579626445e-33 -5.81461661431924e-34 4.833346850907172e-32 -2.477635110130597e-34 2.875701272726464e-33 -6.183847850126578e-32 -1.016251428493818e-33 -1.300722292478135e-35 2.493942308828556e-32 1.207929437310136e-34 -3.951487856381786e-34 -4.435241566713842e-32 -1.475806485322079e-33 1.651628837935912e-33 -5.495107829740095e-33
-2.015133267139122e-46 -2.053229627166554e-33 -8.641388775685242e-33 -7.474063239119005e-33 1.36650021616387e-33 1.118913514971041e-33 1 1.265850173970396e-32 5.765917075602209e-34 -3.284454279282583e-49 1.385895553332064e-46 -1.763978885599107e-47 6.2261664947745e-33 -1.422879900229131e-30 8.63153326536014e-46 -6.319067273974187e-35 1.422879900229213e-30 -7.140772020659117e-46 2.886018636372572e-52 -3.402159260045864e-47 -5.166427742356662e-47 2.252322392737768e-50 -5.307155175845676e-47 -3.34687372547409e-47 1.726325458818674e-32 1.672436886141685e-31 4.841183628315545e-31 -1.277751554145066e-33 2.920510898638087e-31 -5.258446024470181e-31 -1.110027876614806e-32 -1.672436886141516e-31 -8.968791022104141e-32 -1.803736356874446e-33 -2.920510898638001e-31 5.258446024470123e-31 2.349470643592782e-49 -1.334950291967456e-48 -1.774685575624873e-47 -1.129481380654807e-49 -7.717151882629231e-48 -1.191221185988314e-48 1.780797539954401e-49 -9.496011830977299e-48 -8.928082139456401e-48 -2.755266797485783e-49 -1.098799266094665e-48 3.347048970134796e-47
-6.541007127241317e-47 -4.089496961311506e-34 -4.005502126049083e-32 2.441938512770062e-30 -1.379258249776607e-31 1.076633985942009e-33 -1.494987428163007e-33 1 9.760200018908211e-34 -3.184385391970154e-46 -4.457666737443633e-44 7.494948367032611e-46 -1.245294533726156e-45 -3.341595208591847e-31 -1.294150810343793e-32 3.034299762508274e-33 1.979195177681534e-30 9.654178611826155e-32 2.1394871571344e-47 -7.346511184399156e-45 -7.610826745823187e-45 2.854691061007198e-47 -8.917859748355462e-45 7.581785622972548e-45 -6.410642173885518e-33 -3.613492770987083e-31 1.028280433476854e-31 4.06800336070273e-33 -2.409968684360974e-32 -1.865456062258825e-31 -1.05621575900568e-32 -3.554555251534924e-31 4.313320851201337e-31 2.004031386069045e-32 3.343635309638497e-32 -5.166673503195151e-31 1.319994411547146e-46 -8.955335150427721e-46 -3.48644933770643e-45 -9.181862348565115e-48 -1.813123995589696e-45 -1.076285951305253e-45 2.053320014529073e-47 -8.725547272012345e-46 7.064930691507251e-46 -9.201718599681361e-47 -9.731751417763662e-46 3.959410877289648e-45
5.715906617423273e-33 1.359106183271241e-31 -1.670405408914603e-31 9.410753995969948e-33 1.944548088425242e-31 4.288599766212643e-31 1.583652364817402e-32 3.634314927350851e-33 1 4.184615996766991e-47 -1.543304920079926e-45 -3.285313223966997e-45 1.751623080406021e-46 6.635831586220681e-33 1.314520363295079e-31 -1.969245394398837e-33 -1.262720262779536e-35 -3.305622111311484e-31 9.952493520209157e-48 -1.80807947099206e-46 -1.472890387445261e-45 -8.82763270181019e-48 -4.560951793376138e-46 -1.220151529099982e-45 4.147001692254297e-34 -3.694037116965851e-34 1.480639381291268e-31 -1.810455541048333e-33 -2.194784738253194e-34 -5.664208959376489e-32 1.121459177742581e-32 2.743255481649692e-34 3.172253875060082e-31 3.300275437811069e-34 1.397448405871619e-33 7.144636813398781e-32 2.554583008138245e-48 -2.182006013005383e-48 -5.237394409884116e-46 -6.294925879594848e-48 3.044206476202953e-47 -3.803978753664109e-46 4.544256289246936e-48 -5.750182232618014e-47 -5.575280586843979e-46 -4.236224476722401e-47 1.248259550787564e-47 -1.911046285338885e-46
-4.6035269258904e-47 -1.798020801946115e-34 -2.813082042528717e-33 1.980001488322207e-32 1.997000868983283e-32 -4.990381353638353e-34 5.139367475803711e-48 9.084350004982144e-46 2.593338899619644e-47 1 1.265850173975178e-32 -1.174935993651497e-32 -1.552533208818775e-48 6.912160533065627e-47 -7.478372014372901e-47 7.752901619047246e-50 3.530223504884833e-48 1.143650684463083e-46 6.226166494779054e-33 -1.422879900229126e-30 4.033522679294334e-46 -6.319067273513291e-35 1.422879900229217e-30 -7.606046901391967e-46 -6.128938284468639e-49 9.28155765267966e-48 -4.54573893328852e-47 2.628612636274014e-50 -6.204860533009262e-48 -9.803941928136919e-48 -4.595637216995354e-50 -1.099451524800853e-47 -8.391339248327532e-48 7.057480663128358e-51 -9.099689972987516e-48 -5.608500900969644e-47 1.11002787661476e-32 1.672436886141683e-31 -3.047425423894452e-31 2.629924013654013e-34 2.920510898638174e-31 -5.258446024470187e-31 -4.937302944108864e-33 -1.672436886141517e-31 -8.968791022104224e-32 -2.629924013647444e-34 -2.920510898637919e-31 -2.630163027739934e-31
6.842277657836021e-47 1.925806140818896e-33 -4.197663408612268e-31 -2.441938512770099e-30 -3.116395441847097e-30 5.3432109765985e-34 -1.347490846635836e-46 -1.966909294870505e-44 -3.258706243752528e-46 -1.494987428162334e-33 1 -2.105467909130305e-33 -1.061988248125835e-47 -4.301650953044849e-45 -6.916924931078757e-46 1.848697886172535e-47 -4.06652118064515e-45 3.261445510015337e-45 -4.796436638143051e-45 -3.341595208591869e-31 -1.294150810343938e-32 -3.128676059514429e-33 1.97919517768153e-30 -2.065827034355906e-33 4.499663408272146e-47 -4.50650368602609e-46 -1.393321762042863e-45 3.227186331117442e-47 -7.964374877821212e-46 -4.446407152459009e-46 -1.000177382845734e-47 -8.978360982915234e-46 5.778375543932748e-46 -9.901583019605316e-48 -7.22387145619385e-46 3.98338178511952e-46 -6.410642173885234e-33 -3.613492770987165e-31 1.028280433476853e-31 4.068003360700366e-33 -2.409968684360856e-32 -1.86545606225883e-31 -4.399181768016947e-33 3.897492745700402e-32 4.31332085120133e-31 7.714362216614838e-33 3.343635309639272e-32 -9.110978029300164e-31
2.634418706403655e-33 -1.346272274218051e-31 -1.726818514808543e-32 -9.41075399597468e-33 1.434709890407015e-31 6.518506723836533e-31 -3.380363835538465e-48 1.136530317300166e-45 3.328062851375158e-46 3.510572004095564e-33 -2.528660894690781e-33 1 -1.763789422377667e-48 -6.194412705099367e-47 7.553832284198608e-47 4.485152389925621e-48 1.630999293675386e-46 9.693913807141776e-47 1.532670195355269e-46 -5.690120057863048e-33 5.258824889399994e-31 1.112242516620762e-33 -1.26272026324919e-35 -7.24992663741653e-31 4.936851862569225e-48 5.46180437199194e-47 3.090222497044548e-46 -2.797297639944436e-48 7.097931938466791e-47 3.346876537491882e-47 2.8766369151928e-48 -9.641383689620356e-49 7.589088134548572e-47 -2.507510127350511e-48 5.970094838976241e-47 -1.669014744093349e-46 4.1470016922682e-34 7.861542549353623e-34 1.480639381291238e-31 -7.973431363087772e-33 -2.194784738249253e-34 3.377883630167355e-31 8.133103866407668e-33 2.743255481644437e-34 1.20010161200758e-31 -4.403444339751668e-34 1.397448405872309e-33 7.144636813398751e-32
4.536775211297566e-47 4.055607008691614e-35 -3.97372387600289e-34 1.577738938928747e-33 1.755947631465272e-34 -8.640172066198794e-34 -1.160402300373961e-34 -4.652748807328494e-47 2.174293277513804e-34 -5.579548710922364e-49 -1.253329963341793e-47 -2.56141124731458e-47 1 -1.018466842118359e-32 5.642558294762206e-33 8.219854734203682e-50 4.043522087443291e-47 1.075872574384041e-47 6.005123928566602e-50 1.577392707276947e-48 1.979502452754285e-48 4.891333080261009e-50 1.417860334892671e-48 -4.959315993451377e-48 5.317499551412238e-33 -2.726444605380497e-31 -1.768694234228235e-34 -5.317499551412063e-33 2.72644460538049e-31 -1.363874532084732e-33 1.281704287587499e-49 6.911902040912668e-49 -5.148519824604394e-48 -1.525404853133902e-49 4.764936368343778e-48 3.557808503289874e-48 -3.848147311000057e-50 2.293411724575657e-49 3.652193634068157e-48 -1.027350001394016e-49 1.266986137727117e-48 3.890238787677107e-48 6.852299602572701e-50 6.295172167811701e-49 1.937309631566125e-48 -2.180086115166851e-49 8.500428154062263e-49 8.983148705827737e-49
9.996046044345172e-33 -2.196119082799928e-33 -1.076456218163344e-32 1.980127924460425e-31 -3.12931951232687e-31 -1.95670148785934e-46 2.507004195968003e-30 -2.900859672641413e-30 -3.416079893458167e-33 3.792933602660952e-47 -1.581379875353633e-45 4.481644993213393e-46 -9.203096213392957e-34 1 -6.396754368337807e-34 6.773287213666134e-47 1.083392219671347e-44 1.840181368476332e-45 -7.699384849381671e-48 -3.684045189017197e-47 -4.921002535916929e-47 -1.17314663936034e-47 -6.586772121832389e-46 2.266742535367204e-46 -3.868116738022898e-33 -2.010005093277411e-30 -9.411511881960905e-32 1.499942779560357e-33 -2.892096152154712e-30 -2.430810563588755e-31 -6.856983520254147e-47 3.916000041347235e-46 3.806610919064027e-45 4.327791500281617e-46 -1.363609587078557e-46 -1.103543601380584e-45 1.46487004694073e-47 -8.834668697529239e-47 -1.522420776307128e-46 8.282047366548764e-48 -1.776461775454933e-46 -5.878828923404001e-47 -3.029167336854549e-48 -1.122261990184593e-46 -5.474833084104597e-48 -2.949387947264207e-48 -1.215194112625187e-46 3.125130775486521e-46
2.116215590714448e-47 -8.452722715751476e-32 -8.724604177234152e-32 -1.660494313825159e-31 2.03108319316541e-31 7.384734787761381e-31 1.67326029389138e-32 1.131012936696665e-31 6.535478684989469e-31 9.158841759342014e-47 8.822282166688679e-46 -1.427523614748035e-45 1.129175280143219e-33 3.575629855501343e-33 1 -4.913294331734998e-48 -2.116593995593565e-45 -2.178713296603068e-46 -1.081427202435071e-48 3.147510626229478e-47 -6.306842218031169e-46 5.548643459773652e-48 -6.904694227322463e-48 -8.026545251592412e-46 2.400139738687109e-33 7.660864080288582e-33 -3.609531888169451e-32 -5.381422153495936e-33 -1.321808232810918e-33 4.196656284881118e-32 3.139767103191415e-47 -5.210698293272108e-46 -6.52159520306321e-47 1.705939453436381e-48 -2.084106170830777e-46 1.846684884749055e-46 2.796996158861314e-50 1.318526350232307e-47 -4.830552988344507e-46 1.063025971998845e-48 -4.165027507237247e-47 -2.047008309749413e-46 5.671765164572659e-48 -3.015471428756405e-47 -3.997949482032985e-46 -3.278646869567106e-47 2.21826558679571e-47 -3.531226575642897e-46
-1.275153027923096e-47 8.749433827022475e-34 -4.022574515202327e-35 6.857963249415185e-34 2.146949539466137e-33 2.231559037971274e-34 6.279016052074289e-33 -6.397358426743705e-33 6.066295862773193e-33 1.19584136021118e-48 -3.564960534146494e-47 -3.842119390507419e-48 -9.183159360369133e-50 1.506571033927291e-46 -6.077169224776284e-48 1 -1.018466842118079e-32 -1.284636917135543e-32 9.726589586362863e-50 1.625325035032678e-48 8.149885855981822e-48 1.889954425420005e-50 3.865937406002344e-48 -4.65011797963667e-48 -2.876332675665367e-49 4.162949909310871e-47 3.849887796768435e-47 4.169421387638033e-49 1.550373381395673e-47 -2.078383734701677e-47 5.317499551410837e-33 -2.726444605380427e-31 -1.768694234221228e-34 -5.317499551412063e-33 2.72644460538049e-31 -1.363874532085433e-33 1.311988043500649e-50 -1.074485073424152e-48 7.282712602767738e-49 -1.798232725130731e-51 -1.992695931334491e-49 -2.534272693597443e-48 -1.918500762079508e-50 -1.155326120899801e-48 -1.671748432172888e-48 -5.941814190084952e-50 -1.693155254661697e-48 -1.315450077963068e-48
7.515823112864009e-34 8.570234734216601e-34 2.664281143355813e-32 -1.414895723166777e-31 2.525334614475549e-31 4.566682599244404e-34 6.484394249160427e-31 -4.868191639592457e-31 -1.532670195355269e-46 5.369765912141924e-47 -5.065989023718902e-45 -2.563801894649479e-46 2.659142520344559e-47 3.109263086562084e-44 -1.782418501399851e-45 -1.324626126537139e-32 1 -6.396754368296732e-34 1.589863255011178e-47 -9.276839363444859e-46 -1.079281804587806e-45 1.77397465448853e-47 -3.201313975455755e-46 5.928032526561336e-46 -6.993452663199372e-47 2.370343184886047e-47 2.06043917117642e-45 6.238744791687939e-47 3.885995202824637e-45 -4.854960095641933e-45 -7.866288270045244e-34 1.145438527606574e-30 -1.927227319722403e-31 -1.581545131471624e-33 -2.892096152154714e-30 -2.43081056358872e-31 1.414190504610204e-47 -1.723528817416297e-46 -4.545628216570729e-46 -2.091608531177411e-48 -2.265223754654131e-46 -1.386211836776834e-46 -4.266586002288225e-49 -1.737264287781031e-46 -1.308611074561195e-47 -2.398086214258834e-47 -1.749777988001643e-46 4.632121138983177e-46
4.404167703502023e-47 1.432575846150504e-31 1.630547783149274e-33 -4.882000641804677e-31 -2.659132209417053e-31 2.977364508154351e-32 -4.406651294833918e-33 2.274643710071741e-32 8.215122830292526e-31 -9.251313233983949e-47 2.669205865716591e-46 -4.390530456607441e-46 -3.222889142125386e-47 1.128096248151217e-46 -1.498714636981201e-45 -1.952312630875318e-33 3.575629855503445e-33 1 2.576510343267082e-47 -1.097156714500022e-48 -3.081567636394028e-46 2.543146388259934e-48 -1.956204510192244e-46 -7.820448580893587e-47 -2.153253050321335e-47 -1.773598555960931e-46 -6.624013726014885e-46 -2.763516536955601e-47 -1.645933690065796e-46 -2.942837133885215e-46 -3.762836083354147e-33 -1.082806338582625e-32 -3.609531888169442e-32 7.815536685447076e-34 1.759679678211987e-33 4.363970154593058e-31 5.301406872011504e-48 -3.465755544406188e-47 -1.861069296828331e-46 9.419376208004558e-49 9.588249178342526e-47 -1.384609018753566e-47 7.944846386075895e-50 2.133120692597594e-47 -1.07297244906622e-47 -3.59839757590837e-48 1.119979158998203e-46 -3.024640986855578e-47
7.946250368802181e-47 2.849442937259584e-34 9.413188406744048e-34 -3.118482894437186e-33 -4.300868395277172e-33 7.543059197108692e-34 5.156696452990619e-49 9.980839526593727e-47 -1.404898775694871e-47 -1.160402300401867e-34 2.758806351639484e-45 2.174293277513585e-34 7.64880536146097e-50 3.887925581991333e-47 -4.889458923309544e-49 7.687794476159894e-50 6.204131459401208e-48 -2.343362911871041e-48 1 -1.018466842116117e-32 -5.204175272755472e-34 1.240355149532117e-49 4.637311810627622e-47 -2.931776005949879e-47 -1.711451073640328e-49 6.065041808444364e-50 5.255027147824897e-49 -2.287643906560339e-50 -1.784567679651705e-49 -6.348423898087111e-49 -1.150189295561354e-50 -3.310555988450015e-49 -1.85060917242065e-48 -6.652579418722601e-50 -8.50265858541427e-49 -9.1106114682539e-48 5.317499551412589e-33 -1.850366270980038e-30 1.363874532087666e-33 -5.317499551412063e-33 2.72644460538049e-31 1.768694234250568e-34 2.37721449259932e-50 1.263799929315825e-48 -8.79643958704383e-48 1.628888920347499e-49 -1.524258944815854e-48 5.452875203466836e-48
3.83307022230602e-33 1.756034640053888e-33 6.98252269490999e-32 1.964176601644633e-31 6.432966066428943e-32 -4.221845010921311e-33 -6.296591043974316e-48 4.921797441481901e-46 -1.584189047947225e-46 -2.226161235358068e-30 2.545839482426351e-31 -3.416079893458233e-33 4.646404354345002e-48 -5.124760392173089e-46 4.512725784029087e-47 -2.229077143716826e-48 -4.881140816934995e-46 1.080069253045255e-46 -9.203096213408284e-34 1 -2.180419392344659e-33 -8.970461744763244e-47 2.209809946187299e-44 3.126795198524237e-46 3.216933222864436e-48 -5.629502398459114e-47 -1.346448359595776e-46 -1.017610535791571e-48 -5.438737774705162e-47 1.273184352856612e-47 1.846338845409496e-49 -1.085539904711779e-46 -3.681317573704398e-47 1.13848395514554e-48 2.371077692253357e-47 6.905276680221304e-47 -7.866288270034187e-34 -2.010005093277412e-30 -9.411511881961017e-32 -4.663033042485103e-33 -2.892096152154713e-30 -1.444734432062494e-31 -2.383657083510325e-47 5.569779990808376e-45 7.666162080021068e-45 -1.033277928357172e-46 4.872388103967413e-45 -7.958458333745855e-45
-2.343480097808837e-47 -9.304347710496543e-32 1.042962361084771e-31 5.60479883993022e-31 -5.437640052388167e-32 -3.214316422994565e-31 5.373749808133651e-47 6.906913352801035e-45 -1.719792711594483e-48 4.406651294833638e-33 1.131012936696679e-31 2.591174158884415e-31 7.913388417471475e-48 -4.183439074150855e-47 1.251075805980962e-45 -4.245272548405703e-48 1.177905601086124e-45 -9.487915624427977e-46 -1.952312630875548e-33 -2.587345966540063e-33 1 4.278189943803642e-48 -2.105657705091251e-46 -5.00533599722348e-46 -1.431259086343554e-47 2.199189578454567e-46 6.709377535246631e-46 -1.541370815247699e-48 2.249204197513468e-46 3.311408532387222e-46 4.539296772513286e-48 2.143392069846999e-46 -1.302661137910063e-46 1.317714177239075e-47 2.836491803896173e-46 -5.241236230398835e-46 -3.762836083352133e-33 1.497888258248529e-33 -4.305257714921943e-31 -2.29993424247649e-33 -1.321808232810743e-33 4.363970154593115e-31 3.581357494059898e-47 -1.836275429931113e-46 -1.438748578619714e-46 -1.732645585627082e-47 -4.562585802936581e-46 5.129553197978273e-46
5.603278309079979e-47 2.309096380510119e-35 -2.864255787512915e-33 8.457565281401711e-35 3.585546331888117e-33 1.149502646516452e-46 -1.346966227909904e-49 -4.256593623776655e-47 1.320994766297926e-49 6.279016052079194e-33 -6.397358426742304e-33 2.984807951753441e-33 1.04774855445963e-49 -5.846985737196869e-48 -7.025342910285126e-48 -2.879590161680138e-50 1.386141172256972e-48 8.900777235641326e-48 2.385597917001623e-49 1.451516320514042e-46 -2.682378207603158e-48 1 2.141283222917141e-33 -6.68339334931768e-33 1.425027851322236e-49 -1.458540085523251e-48 -7.315868918672303e-48 -1.0095549532325e-50 -2.617455675386024e-48 -6.138924795521612e-49 -3.244435611447691e-50 -1.740050123163958e-48 1.265972867156012e-48 -9.969613890841142e-50 3.188188553579299e-49 4.253637805029509e-48 -2.385953375532179e-49 3.345048366062006e-47 3.446688855303957e-47 3.718719544468788e-49 2.841965979430617e-47 -2.293959048659024e-47 5.317499551412238e-33 -1.85036627098004e-30 1.363874532087666e-33 -5.317499551412063e-33 2.72644460538049e-31 1.768694234236555e-34
7.515823112863658e-34 -1.324731903026423e-34 3.666257550976953e-32 1.41489572316679e-31 5.591612106677816e-31 2.599085469929963e-35 -1.749026312236462e-47 -1.556864918797195e-45 3.332502032953128e-46 3.803883045800094e-30 1.090902646482781e-30 2.08005240798215e-46 1.729542531842102e-48 -6.678334998254902e-46 -4.425991074984054e-46 -6.786202926269107e-49 -7.653231462870503e-46 1.655472760603693e-46 -4.929316599730523e-47 1.475865389173072e-44 9.784509010620623e-46 -9.203096213336509e-34 1 -2.180419392341071e-33 2.122568783202945e-48 -6.721563792760715e-47 -5.47393272325584e-47 5.062265866884311e-49 -5.339074808977398e-47 1.422855217706685e-47 -1.067452322832201e-48 -3.833765780754063e-47 2.132649507298972e-46 2.525218277596418e-48 -2.326241053104778e-48 3.958423973389959e-46 -4.435812756356755e-47 -3.394841208369178e-46 -1.198880424215478e-45 -1.281665996123197e-47 1.248788302012394e-45 -6.965603278329598e-45 -7.866288270043492e-34 -4.322832828354203e-31 -9.411511881961525e-32 4.581430690567323e-33 -1.314374341712723e-30 -2.43081056358875e-31
-2.215187391724412e-47 6.633907141029061e-32 1.622356297730711e-31 9.376961156996119e-32 -9.674664577152319e-33 3.043714616202721e-31 -1.381076029214153e-47 2.500414236383496e-46 -6.333215632439754e-46 -4.406651294832945e-33 2.274643710071854e-32 4.270818304187456e-31 -1.328637387883519e-47 9.835691752581826e-46 1.804703853371259e-46 2.446271492017039e-48 5.496574719500812e-46 -1.140556873512792e-45 1.622339406918725e-47 -1.600370526148735e-45 1.905575685684968e-45 1.129175280144216e-33 4.941419444833827e-34 1 -2.547701848898697e-47 8.445702015572638e-47 2.764672910824978e-46 -2.599314303838358e-48 7.865453201061627e-47 7.677017958829105e-47 5.07660497243859e-48 1.624248920410457e-46 -1.765634245015409e-46 5.767144649733438e-48 6.581611200607193e-47 -2.150690840583769e-46 -1.99980923601728e-47 2.846304942728964e-47 7.752410537943727e-46 1.656901244395212e-47 3.370526644997095e-46 2.263699104871981e-46 -6.813481723343509e-34 -1.082806338582593e-32 -4.305257714921947e-31 -2.299934242475395e-33 -1.321808232807305e-33 4.363970154593046e-31
3.987389444257387e-35 4.136384187286691e-34 2.057318557527478e-33 5.911980361788084e-33 8.329717245783026e-33 1.462973254030688e-34 5.532836216781067e-33 -5.134714237393104e-33 -1.025201112623749e-33 2.256285894092674e-48 -1.362492979066745e-46 -4.471379730992248e-48 -6.573143749435778e-34 -2.607180612977585e-33 -2.187048361631477e-33 -2.864920508790486e-49 6.733150220303561e-47 2.047983934917962e-47 -1.912821614298007e-50 -1.400987665944242e-47 -1.676160324334135e-47 1.425341488197296e-49 -4.857835327585711e-48 9.081544389292689e-48 1 -5.497022439438616e-33 3.056038534629443e-33 -4.146632375340615e-49 1.000086419601767e-46 1.046645309106653e-47 -4.485149549219658e-50 6.277320010481921e-48 1.356577096705446e-47 -7.633328665305462e-50 2.382019279202319e-48 -2.399810413159722e-48 1.607281453365104e-49 -2.588022603669997e-48 -1.077041000064388e-47 6.891829503738152e-51 -2.667231773666506e-48 -2.063968489574463e-48 -5.84641346982213e-50 -4.188292457699273e-48 6.993406257682874e-48 4.028316708092338e-50 -3.131516058639799e-48 1.076108827791288e-47
6.740577958828001e-35 -7.399275185741754e-34 -1.125463459965595e-32 8.302099629286189e-32 -9.087620881429914e-32 1.654547688850218e-34 -3.172015338831839e-31 7.445909556689639e-31 -3.454164569626443e-34 8.212430000652546e-48 1.235551856362304e-46 1.221388837596535e-47 8.364164095644453e-31 4.797000450795812e-31 -2.933952121576454e-33 -1.080715800827602e-47 3.597095398872813e-45 -2.728769410675644e-46 -2.699468952449646e-49 -2.895998851959941e-47 2.876752106887236e-47 -3.914330197178884e-48 1.468643221519985e-47 -2.923833933458923e-49 -2.056916354418827e-33 1 -1.345191787530562e-45 1.207175508221949e-46 -3.755877419681864e-44 4.853561170846686e-46 -1.751858483532793e-47 4.777268921704917e-46 8.395080789665923e-46 1.884247497650959e-47 7.28514875443049e-46 -9.154948347149192e-46 -1.891213481310736e-49 2.663014573591532e-47 -8.947840808643565e-48 6.013591714566332e-49 -1.270655728808492e-47 2.603565915694738e-48 -5.516154842369868e-49 -4.486322952187702e-48 -6.227178564628668e-48 3.943514175648776e-49 -4.238355171924375e-48 1.497039434284818e-47
-1.413228870524405e-33 5.963328835876256e-33 8.692829129862432e-32 -1.77600572207575e-31 3.561516556950647e-31 7.011600128340183e-33 -5.208161226251574e-31 2.618264924047365e-31 -1.092029844919196e-31 8.285655930966122e-47 -1.032409619434801e-45 1.247932064600793e-46 -3.511169352845969e-34 -2.681440169422953e-32 -1.644471188473031e-31 -2.584832125249844e-47 3.015923035570214e-45 -3.716242059307652e-47 -1.010411222582384e-48 -3.004510433716668e-46 -1.256474722189069e-46 -6.54265433477161e-48 -1.962824000666128e-46 4.093076092427952e-46 -1.623067508447356e-35 -2.913622327352785e-33 1 -1.545218871896487e-47 1.43290396798422e-45 2.401272111641363e-46 -2.501532583369361e-47 5.899854384594304e-46 2.022519932872911e-45 6.395894892250859e-47 1.037813915718966e-45 -9.580189896458618e-46 6.771827827766072e-48 -5.154801424958158e-47 -4.895381664501089e-47 1.623343940989476e-48 -9.080520079728321e-47 -7.719314510058054e-47 4.049926987009213e-49 -6.183231946384466e-47 7.122952043061026e-47 -8.404737639448229e-48 -9.881460978094003e-47 2.895500441356192e-46
3.987389444255433e-35 7.09000925152504e-34 6.147491388633568e-34 5.250636052947584e-35 1.595781616717329e-33 -9.550577336658663e-34 -7.120980243085299e-33 -3.829109036964326e-34 -8.611083635719203e-34 -1.781480370863259e-49 -2.473094027107482e-47 5.521599307305552e-48 6.573143749436339e-34 2.627434620609032e-45 9.211201867210489e-34 -3.765886021786176e-49 8.09905192346515e-47 -4.860452626279423e-48 -8.812427340616061e-50 1.962292990552401e-47 1.83756262611591e-47 -5.10835918548257e-50 5.792895173500831e-48 -3.762548815439861e-48 -3.323771282091986e-49 7.563999660004807e-47 -6.001911043766088e-48 1 6.659533826173539e-34 3.056038534629093e-33 -4.064692664886869e-49 3.014431164196092e-47 -7.048479544573924e-49 2.309022631991209e-49 2.690093056675698e-47 -2.742027959711652e-47 -5.130509878723918e-50 -1.050850381266681e-48 4.003811507538947e-48 1.132621325649887e-50 2.258860861744282e-49 1.720838702401671e-48 -1.190497626513329e-50 -4.685360487776076e-49 5.780225371495919e-49 1.707944827808311e-49 8.299614803770965e-49 8.538463413715003e-49
6.740577958819056e-35 -5.486400902045025e-34 -1.579723917670156e-33 9.940017525711771e-33 -5.746030800119991e-32 1.209983357010349e-34 -1.38962699470367e-32 6.333743389878044e-31 2.966255578345642e-34 -2.378221074758311e-47 6.914710258520819e-46 1.016442531188201e-46 -8.364164095644476e-31 1.349505222427763e-30 -3.789783205099415e-33 1.575728923548902e-48 -1.490187455196865e-45 -3.646334945676439e-46 -4.303857337076918e-48 4.14292094129619e-47 1.35445575259391e-46 -2.470918813908125e-48 4.58928339914611e-47 -6.089782544651849e-47 -4.958286242808826e-47 -2.942760326066204e-44 -2.114088252039673e-45 -2.056916354417362e-33 1 -1.375982036990824e-45 -4.214604985625478e-48 2.649726346044826e-46 -3.824879071992663e-46 9.821622443972561e-48 -1.856995081006375e-46 -1.435708877218702e-46 -3.156701309428648e-49 1.725922215715694e-47 4.740754535445831e-47 4.941342624190874e-49 1.065256201586062e-47 3.888521212551829e-47 -3.225178872964225e-49 5.20055446631253e-48 -2.263604405715077e-47 -1.768832353074357e-48 8.937753824810628e-48 -7.429720461986697e-47
1.27515084985289e-34 -5.729169662669974e-32 -5.693653239254047e-32 -5.123926133349693e-32 -2.167730115032029e-32 -1.95683734207771e-32 5.471488184246629e-31 -2.403386835324153e-31 3.994709626569565e-31 6.095320738252696e-48 2.329040072386899e-46 -1.388067543950517e-46 3.511169352920474e-34 5.920692280098893e-32 7.092916080643559e-31 -5.725259609196379e-48 -6.948746080673693e-45 -1.047257122510997e-45 7.692524251638332e-49 1.176009110236094e-46 4.385777117502802e-47 5.207568874227665e-49 1.351460122543849e-46 -1.669579138589538e-46 2.830643583405463e-48 -7.296198765608275e-46 5.104897371067239e-46 -1.623067508421082e-35 -2.913622327356768e-33 1 4.369159075403778e-47 -1.333375789247417e-45 -1.83276633397376e-45 -4.608318837021638e-47 -1.661410422496505e-45 1.940731403477557e-45 6.911070547078469e-50 1.901929159420164e-47 9.041763190789786e-47 5.03729505712474e-49 2.116805903796642e-48 -3.360318501075158e-47 -5.753937058509496e-50 1.829193042630152e-47 -1.74635202517496e-47 -3.02658545887776e-48 4.819664821882601e-48 -5.507247501811497e-47
-5.642260277680284e-35 8.42018152741113e-34 1.331071572135304e-33 -2.45607467818973e-34 2.729228514087859e-34 7.777656813410577e-35 6.301396052575622e-34 4.142443998316587e-33 -7.815950639466796e-34 -6.041118286694085e-50 7.484474997739043e-48 3.818831863996464e-48 -2.998004699401448e-49 -1.637412364609332e-47 -1.182262440200792e-48 -6.573143749400677e-34 -8.770156435020232e-33 -5.268536272651229e-33 6.922009687239664e-50 -2.084779424599862e-48 -2.428925396135825e-48 -3.02683545069398e-50 -2.032600610940992e-48 -1.912289576313021e-48 9.21008503426154e-50 2.383097371192332e-48 -1.65593502411443e-47 -3.745064305964838e-49 -1.395549847957625e-47 8.001029977557133e-48 1 -5.497022439455432e-33 9.219014356668247e-33 -1.232351675582275e-48 1.580507278471208e-46 -9.128801107374822e-48 -1.593043190588311e-51 -2.610737938538553e-49 9.969383061202344e-50 2.170479480849523e-50 -4.495465739988661e-49 3.955735153451037e-49 -4.595348602817989e-50 -1.676646485069827e-49 1.001459221831587e-48 -1.07646856021668e-49 -2.034428373220764e-49 1.963904923841556e-48
2.599987740269291e-34 5.113609699579016e-35 -3.478548155482765e-33 -4.559384555561702e-32 1.386537453013534e-31 3.112289999162817e-34 -7.722891872732214e-32 1.76244119411258e-31 2.206356929856985e-33 1.375424769203781e-48 -2.462728807570932e-46 -5.926733889793654e-48 -2.773940971119355e-48 -1.040151693301182e-45 2.443378142001577e-46 -7.413054008775781e-31 2.057421855521605e-30 -1.393208166066841e-33 5.217240883149389e-48 -2.097444712607078e-46 -1.58468894732468e-49 3.268556732516411e-48 -1.209507434319496e-46 1.945468130573284e-46 1.768258551848948e-48 -1.283623474701799e-45 -1.532243990871342e-46 -1.418637470187707e-47 5.253186902403203e-46 3.31355616812134e-46 -2.056916354418127e-33 1 -2.00205044268282e-45 5.750446806282962e-47 -1.563895829774177e-44 -1.938113076429728e-45 1.359095706704288e-48 -1.444414044042485e-47 -1.57334962346704e-46 6.17621577066478e-49 -4.447399911441487e-47 -3.48244202243985e-47 -5.103289837329434e-49 -1.562434972018744e-47 7.43171681079882e-48 1.982575769749105e-48 -2.997406212961304e-47 7.064168569703627e-47
1.275150849853179e-34 -2.668643784005796e-32 5.143106606548947e-33 5.570371408596088e-32 -2.035933875474285e-32 -2.630510350566076e-32 1.263856700146521e-31 -2.553446992419218e-31 1.901370333095776e-31 1.250992737708423e-47 5.674435770769869e-46 -2.573924491602185e-46 -3.181502973269604e-47 3.899071658193031e-45 -1.41681663097113e-46 2.730370975734981e-33 -2.681440169422873e-32 2.299833337632021e-31 3.507092774528812e-48 6.67051006766013e-47 1.304981296280568e-47 -9.402020270734342e-49 1.885662447706029e-46 -2.820366262645702e-46 -7.429268493710807e-48 -2.098566721416344e-46 7.675339993535105e-46 1.674258135689543e-47 1.040457689399386e-46 -7.926383039400285e-46 -1.623067508499905e-35 -9.076598149392057e-33 1 4.168533056366546e-47 1.881069674799798e-45 4.016388045724044e-46 -4.92784504082998e-49 1.044796119550141e-47 1.567651848245977e-47 -6.91827623554335e-49 3.3288135765644e-47 -1.438982653651154e-47 1.09743514994011e-48 7.131648594462216e-48 -5.119014168640404e-47 -1.603287471081199e-48 3.113198689804063e-47 -5.917507041566757e-47
-5.642260277676771e-35 -2.499815117254814e-35 6.995385637015781e-35 -5.126458940196467e-33 4.688053520669072e-34 3.423766268043561e-35 9.580044210446557e-34 -3.392579414677865e-33 3.770491395983085e-34 7.578955538355779e-50 7.533636369630378e-47 4.372765951435552e-48 5.269943165010534e-50 -1.053760509900099e-46 -1.525275024496753e-47 6.573143749410065e-34 -7.006492321624085e-46 9.211201867213117e-34 3.060652523555204e-50 -5.219393564799816e-48 8.717948204312647e-49 2.317897508775664e-50 -2.640746770182009e-48 -2.13166980755717e-48 -2.093795776404222e-49 -2.243650985183111e-47 -1.62177505542195e-47 -2.174162948602698e-49 -1.087482198882293e-50 -1.059590496023915e-47 3.080229639105127e-49 -8.076099257371623e-47 3.72355223065594e-47 1 -1.165999826150019e-32 3.056038534631194e-33 -3.933577098979487e-50 -3.859689008272951e-49 1.56655172181871e-48 -4.205222515505854e-50 1.591050042810974e-48 4.67146774817349e-49 6.547551224061886e-51 1.322275237907145e-48 -4.749628993549093e-49 1.8455510380984e-50 1.176315890952283e-48 -1.015653982725138e-47
6.740577958829772e-35 -9.724082008865884e-35 -1.102893195756712e-32 -9.97309702102387e-32 3.224585852665389e-32 -1.873729541773248e-34 -3.805341826634703e-31 -2.134236577892877e-31 8.468087590045912e-35 2.194874189733647e-48 -7.560115812990803e-47 -5.947190744773435e-47 2.376017010756704e-47 -7.319555122783224e-45 3.098120252899204e-46 -8.364164095644537e-31 1.349505222427756e-30 -1.478667271835126e-33 3.024963582689695e-48 7.759132068902086e-48 6.919602263036481e-47 1.287569387744555e-48 -2.938451637260744e-47 -2.169424806971767e-47 1.254986483265595e-47 -1.798650253167497e-45 -5.95599235922519e-46 -3.089542216410656e-48 -7.026372102763436e-46 7.36968740089808e-46 2.227716260347164e-46 3.94702195322546e-45 -1.39177830071018e-45 -8.219892176453176e-33 1 -1.598356060870494e-45 1.383078731756364e-48 4.04378726001922e-48 -5.690917670198481e-47 1.492738406054465e-49 -1.94297068856644e-47 -9.801633406326264e-48 1.744067990963464e-49 3.827805170215846e-48 -1.233593525584299e-47 -1.182902736863201e-48 -1.33389912995991e-47 -1.586963222383336e-47
-1.413228870524469e-33 4.448350757277492e-32 9.255177600296248e-33 1.407591299743442e-31 -2.099447269972097e-31 -1.519194010292128e-33 -1.527183658141565e-31 2.030608345548028e-31 2.494804968038625e-31 -5.619299010732368e-47 -7.072471796245693e-46 4.054871676838895e-47 6.650284302555153e-48 -2.04926717352194e-45 3.149732102488032e-46 6.514092757331339e-33 1.578145359536154e-31 3.14861155453849e-31 1.228912760188091e-47 -5.214477158448171e-47 -5.458284756831253e-46 3.518365637876927e-48 -7.011305246091421e-47 4.191579505887261e-46 1.138171852032736e-47 2.71453815346692e-46 -2.198040720191376e-46 -3.809149192219915e-49 -4.67395146157187e-46 2.172947269449533e-46 -8.519670688987216e-48 3.842555356173953e-47 -1.940969709197673e-45 -1.623067508359775e-35 3.249353494682702e-33 1 5.85509429078938e-50 1.298030465738151e-47 -3.834921797499572e-48 -7.469216283682831e-49 -3.386062677035062e-48 2.36691921179079e-47 -5.350461806406483e-49 -7.948573834895317e-48 9.030292366332594e-47 -7.619114903381343e-49 -6.374727627213922e-47 2.357530750607578e-46
3.987389444259555e-35 4.144064771146607e-34 -1.142086994106966e-34 -5.91198036178796e-33 5.481261221792481e-33 -1.164595553980671e-34 -3.35512255954925e-49 -3.688828134922367e-47 3.594989524637693e-48 5.532836216780979e-33 4.109749495666022e-33 -1.025201112623661e-33 7.990329073074026e-50 -8.668743748989902e-48 -2.103153622960427e-48 -7.50130162534072e-51 6.522308668671098e-48 7.493455271945887e-48 -6.573143749435805e-34 -8.770156435016565e-33 -2.187048361631214e-33 4.022319809158503e-49 -4.500188876650073e-48 6.99358969267015e-48 1.41509611239368e-49 -2.486277060296439e-48 3.313688970998414e-49 4.628015434048463e-51 -1.629452773823353e-48 -1.439076891395955e-48 -1.587594213548754e-51 -1.559991939269395e-48 2.460857325089944e-48 3.074434240466691e-50 -1.347458181487356e-48 1.724476321655951e-48 1 -5.497022439438616e-33 3.056038534629793e-33 5.647771765327418e-50 1.389370950322217e-46 1.438144912703022e-47 -7.264220795960511e-50 -7.05983303874044e-48 -1.368548746115346e-47 -3.025918614243552e-49 -1.242186232131583e-47 1.031224628837239e-47
-1.251872148504526e-34 -2.559271652744601e-34 2.291698779275574e-32 1.558661685976427e-32 -1.678611165622627e-32 -9.134239610955327e-34 4.173537018968528e-49 1.154438054112498e-45 -2.228601562967635e-48 7.722891872732298e-32 3.501605030584572e-31 -3.454164569627592e-34 -3.590876882998095e-49 1.221907691865398e-46 1.748522335869365e-46 2.613435139305794e-49 1.297123071781197e-46 -1.392763497525268e-47 8.36416409564449e-31 4.797000450795782e-31 -1.393208166067125e-33 -1.215523441855254e-47 -1.491048561857978e-45 -2.283043979622989e-46 -2.070703303615689e-48 3.165530713275971e-47 1.160709631294052e-46 1.983686073417175e-49 2.463830844291834e-47 2.513534070762315e-47 4.159222946046552e-50 4.226585835714572e-47 -1.984110574924552e-47 2.010346367643841e-48 5.658675716003542e-47 -1.206127335996036e-46 -8.219892176435195e-33 1 -1.016762459954433e-45 1.214465686226096e-46 -3.740611358432849e-44 -1.151166496292102e-45 1.118371193394377e-47 -1.911473887071733e-46 2.361747297636564e-46 -1.866892118797483e-47 -5.257843763398407e-47 -5.333762280494206e-46
1.275150849853361e-34 -1.5353196152167e-32 3.318333618582593e-33 1.776005722075748e-31 -8.355689272392623e-34 4.123135800210993e-33 -1.118970048852365e-47 -1.137434128797015e-46 2.041792968928466e-46 -5.208161226251574e-31 2.618264924047372e-31 -1.092029844919199e-31 -2.648683231894525e-48 -6.364168555824461e-46 -1.474387338978326e-46 1.244991855305622e-49 -2.628826188205147e-46 3.77269178187336e-46 -3.511169352846629e-34 -2.681440169422985e-32 6.244137863737081e-31 -1.117356415930055e-47 5.077084478491613e-46 -3.538345656278542e-46 7.971852874062161e-49 -6.01145173378621e-47 4.89545451892167e-49 1.447004093243244e-48 -2.853502924343067e-47 3.517315800506962e-48 -2.299973656907763e-48 -3.832694587726728e-47 6.851847391976246e-47 -4.317696930858357e-49 -3.267580503442006e-48 8.368676433932287e-47 -1.6230675085218e-35 -2.913622327354051e-33 1 -1.128243081075642e-47 1.752553981972483e-46 -8.17849553394124e-46 4.863354843011355e-48 -2.027169046626381e-46 1.203469023330808e-45 2.080752722374864e-47 6.560794280820848e-46 -6.123825144933116e-46
-5.642260277679696e-35 3.485594815815979e-34 -1.058247734871445e-33 -5.250636052956641e-35 -5.476432827524936e-34 1.236300469826695e-33 5.05205407404029e-50 1.656740424199121e-47 -4.570434468255002e-48 -9.580044210447433e-34 -3.829109036971333e-34 -9.073638581711357e-35 -1.209931158062415e-50 -1.025738782869853e-49 2.132926411177216e-48 -6.474215785124649e-51 -4.370411942493019e-49 -3.498417340735306e-48 6.573143749408313e-34 -1.751623080406021e-46 9.211201867211365e-34 -3.945529058148654e-49 -5.329430347099174e-47 -4.700549609700796e-49 2.989593026233863e-50 2.334810366707951e-49 1.032889965357619e-48 -1.505697484196969e-50 3.410677967855603e-50 1.439780760249394e-49 3.662013110059934e-51 2.966796494844977e-49 -1.861983350565665e-48 6.430503840344794e-51 2.652263611680096e-49 7.249639140984094e-49 -2.657434337697687e-49 -2.499763381516341e-47 1.995751258891971e-47 1 -5.497022439438616e-33 3.056038534629093e-33 -6.821341709986613e-50 5.890625081195367e-48 3.759802168657216e-48 6.594493406890461e-50 1.572801749665074e-47 4.153509755054398e-48
-1.251872148504526e-34 2.947170936321553e-36 2.32674788108916e-33 8.866759562691432e-32 -6.847197382946254e-32 -2.364830635860226e-35 1.700352421634553e-48 8.787074385712719e-46 7.98651652213683e-48 3.805341826634702e-31 2.38943886377298e-31 -4.737464199206805e-34 -1.828818525233778e-48 1.735355312665196e-47 1.072639744827349e-46 -1.237490269041282e-49 8.035319686312718e-47 -4.785209155579484e-47 -8.364164095644539e-31 1.349505222427756e-30 -7.082952940802317e-34 1.983208858897891e-47 -1.026756349401113e-45 1.383848716908406e-46 -9.471079050697021e-49 1.727919670601087e-47 2.332694101762173e-47 1.452543235393133e-49 2.068069110117604e-47 1.850159170624302e-47 3.552251833741288e-50 2.558047321120273e-47 -4.722713625486475e-48 2.630915156682258e-49 2.29442033509557e-47 -4.902336638074217e-47 3.673883989204178e-47 -2.916879406545893e-44 7.809347148672692e-46 -2.056916354414021e-33 1 -1.729727791900946e-45 2.646207402549096e-48 6.126945644565775e-47 -4.094710672307612e-47 2.527309141012309e-47 2.445903176593005e-46 -6.161558661041404e-46
1.668259040495076e-33 1.08505802617342e-32 -6.289985989711742e-32 1.935454757183522e-33 1.353514134747976e-31 -5.004192819539281e-32 -1.951317592604493e-48 -9.020660094954859e-48 5.692012441164839e-47 5.471488184246623e-31 1.540917690780919e-31 2.022557363517027e-31 4.464717690866595e-48 -3.154252437411322e-47 -4.466026650699775e-47 2.035527387411577e-49 -3.640898698825895e-47 3.963070794011918e-47 3.5111693529129e-34 1.578145359536152e-31 3.148611554538491e-31 1.755991814920297e-47 -3.680694660492626e-45 -6.081251411718978e-46 -3.257738194580853e-48 1.031758720585253e-47 7.071051544514798e-47 -1.433065241677233e-49 -6.805893871171847e-48 3.057643664748819e-47 5.972056183640316e-49 -8.687819622780214e-48 3.900147278435335e-47 5.804933871906427e-49 7.398613805416108e-48 -3.259990971302817e-47 1.855307033743301e-47 -1.734221869928176e-45 -2.174550513062162e-45 -7.866026528396306e-34 -2.913622327357271e-33 1 1.792270506871949e-47 -6.930035224391417e-46 -1.966150212611384e-45 -3.632789488196189e-47 -5.573277602995804e-46 1.738844821880283e-45
3.987389444261089e-35 -2.542012031872148e-36 -8.445185606516473e-34 1.015979445573945e-33 1.423193752829892e-46 -1.658313837515475e-34 -6.184785315645783e-50 6.139634772688053e-48 1.070110128637422e-48 -5.532836216780979e-33 4.1424439983172e-33 -7.815950639465701e-34 1.303292331552063e-50 -8.992604034661272e-51 2.347682884156057e-48 -2.177855031777394e-50 1.003656775246628e-48 -2.670841829096516e-48 -2.044782051551981e-49 -7.726633229995025e-47 5.643830973938457e-50 -6.573143749435751e-34 -2.607180612977399e-33 -2.187048361631564e-33 7.836183258298859e-50 3.851170003890587e-50 5.615598450653128e-49 -6.200397669169789e-51 4.351297159595576e-49 1.622686553167966e-49 7.964305205144559e-51 2.810654241344943e-49 1.842919512881104e-49 -1.811729420136421e-50 7.62701783089918e-50 -1.299704329126949e-48 3.663437429202125e-49 -9.216551303533054e-48 -6.07344383939806e-48 -2.822951210442607e-49 -2.788309724036393e-47 4.043271302257311e-47 1 6.659533826005383e-34 3.056038534629443e-33 -1.647606911199744e-48 1.24922049775992e-46 2.625597291194117e-47
-1.25187214850365e-34 -2.690284812606185e-34 -1.920957348890193e-33 9.489765213193011e-32 1.897225676764326e-32 -6.725633859706219e-35 1.927037747720934e-48 4.73747985487841e-46 -1.765839432152184e-47 -7.722891872732289e-32 -2.181863331992485e-31 -8.751309811625484e-34 3.308255825400578e-49 -3.159375444191886e-49 4.911260282165205e-47 8.164943982772845e-50 2.311359939753426e-47 6.378526884849091e-47 1.504820735977218e-47 3.92288774230518e-45 6.599636844806058e-48 8.364164095644492e-31 4.797000450795774e-31 1.475357894426197e-34 2.27771292060066e-49 1.222296438030775e-47 4.970671703876146e-47 6.217421583524649e-49 1.862248857612606e-47 1.006090423880653e-47 -1.391115453910653e-49 2.227987039562919e-47 -1.135168472609168e-47 8.259719635841086e-49 2.347887466315265e-47 -3.61944010314645e-47 -1.449884541107487e-47 3.293659050943926e-46 2.604801153221268e-46 1.685809065659095e-47 8.897381431969962e-46 -5.035416330957974e-46 -2.05691635439604e-33 1 6.472794664312876e-46 1.508276561151041e-46 -3.809905996379109e-44 -3.538665170250892e-45
1.275150849852954e-34 1.409183402290316e-32 6.512780493092616e-32 -5.570371408596085e-32 -2.918919101942194e-32 7.854738286458866e-32 3.930477299810131e-48 1.763090810737293e-46 -2.35443008000764e-47 1.263856700146522e-31 -2.553446992419218e-31 -7.078192995675525e-33 2.023944972923256e-49 1.993424057414321e-46 1.572156238251241e-48 2.941728976577967e-49 1.460139298572914e-46 -3.287995660121919e-47 1.254310644944357e-48 1.439982630565318e-45 1.883192158130846e-47 -3.432604846303482e-33 -2.681440169422868e-32 2.299833337632021e-31 -7.471072057582218e-48 4.455872266029569e-48 3.776158278650907e-47 -3.4396504982539e-49 2.896949929266631e-48 2.036113510338312e-47 1.644663814650976e-49 8.817053954313152e-48 -2.680947378547343e-47 -6.206328687959929e-49 -6.822244714761709e-48 1.702779074212947e-47 -1.200244038945444e-47 -2.871826546607122e-46 5.481154406931698e-46 1.096438818574096e-47 6.165004949760033e-46 -4.604991225312176e-46 -7.866026528401123e-34 -2.913622327352907e-33 1 3.106534469351702e-47 3.218480482812108e-45 -2.461876619043601e-45
-5.64226027767697e-35 -4.885362778807328e-34 7.172479715917859e-34 2.044971029176891e-33 4.628739138577756e-33 7.120484241109044e-34 1.494467689746316e-49 2.181590450996614e-49 -8.703576619580838e-48 9.580044210446557e-34 -3.392579414677865e-33 3.770491395983085e-34 -1.413448435864456e-49 4.259837116672317e-48 7.754978442656972e-48 -6.664612465556179e-50 6.168264199201541e-48 2.685461915235584e-48 -1.425180590440869e-49 5.769525317583138e-47 1.064361074862974e-47 6.573143749410065e-34 -3.503246160812043e-45 9.211201867213117e-34 -2.772464747962808e-49 4.46950496050634e-49 -2.272146953575932e-48 3.558125036671934e-50 -1.121328768276831e-49 -9.154477381754146e-49 2.786771008468056e-50 1.016822473319443e-48 7.163022263295147e-49 6.39558982542317e-50 7.925965101980153e-49 -4.051397141779251e-48 -4.851143644443546e-49 -8.853009117007381e-48 -2.493739451030531e-48 -9.358726131291972e-50 -5.279800038761642e-48 -2.340593975490302e-47 2.783441684044599e-50 -2.070974619379094e-46 5.15980888289196e-47 1 -5.497022439461037e-33 3.056038534631194e-33
-1.251872148504526e-34 2.01337523745704e-34 1.138217256089173e-32 1.490347767865517e-31 -7.421099627366858e-32 1.081920569990919e-33 2.125176594507158e-48 1.19473143109694e-45 -3.699636947947821e-47 -3.805341826634703e-31 -2.134236577892877e-31 8.468087590045912e-35 -2.65592869832034e-48 2.345195899663214e-47 1.070806807777784e-46 -5.860537458518497e-50 7.623599549704159e-48 -2.371866311284789e-46 9.618394090592464e-48 -5.592352862331982e-45 2.561991358718472e-46 -8.364164095644537e-31 1.349505222427756e-30 -7.082952940802317e-34 -2.405713333215057e-48 2.59589494525651e-47 6.423887120361044e-47 -4.221000483525172e-49 3.772944469684965e-47 2.62246455192969e-47 -2.556760489215605e-49 3.668294449213917e-47 -4.014369780685955e-47 2.192070988843485e-48 1.625604097640232e-47 -5.529831610722685e-47 5.006457305834363e-48 -5.537152872178895e-46 -1.470267380627995e-45 -4.413268751959469e-48 -7.044522150221415e-46 3.445039831530252e-46 7.124929826010789e-47 -2.934700205759744e-44 1.129582325560479e-45 -8.219892176453176e-33 1 -1.423193752829892e-45
1.275150849852811e-34 1.073584197921275e-33 5.025743782198836e-32 -3.379743562795967e-31 -2.136319399123184e-31 5.973829811790128e-32 -2.527767548285626e-48 -2.302347391206664e-45 6.431972707265155e-47 -5.471488184246628e-31 2.030608345548023e-31 2.494804968038626e-31 -1.793812215749602e-48 1.303287462590182e-46 -3.93014919510296e-46 6.332614458383451e-49 -2.339995841756416e-47 -3.159405927826631e-47 -7.20690908449365e-48 1.078005213578572e-45 1.342117875443495e-45 3.432604846310887e-33 5.920692280098812e-32 3.148611554538494e-31 -5.881597801568101e-48 -4.398048605945335e-47 -2.348369260434045e-46 2.454354180388676e-49 -4.835093905847915e-47 -8.420899697003462e-47 -2.199092893487732e-49 -4.542493400359396e-47 5.105666632037869e-47 -1.19992412821224e-48 -7.766888530148855e-47 2.070854497434765e-47 8.013359889492747e-48 -2.839453320692481e-46 8.886477806041307e-46 -1.002918862549362e-47 -8.52443644846672e-48 8.056884081737253e-46 7.902022956040586e-48 -2.385389822975275e-45 -2.02207015016111e-45 -1.623067508394807e-35 -2.913622327356935e-33 1
