# Created from matlab git hash 00e16b208fbf08652b67ace82ddc532522841f31
# name: foo
# type: matrix
# rows: 64
# columns: 64
0 0 0 0 0 0 0 0 0 0 0 0 0 0 0 0 0 0 0 0 0 0 0 0 0 0 0 0 0 0 0 0 0 0 0 0 0 0 0 0 0 0 0 0 0 0 0 0 0 0 0 0 0 0 0 0 0 0 0 0 0 0 0 0
-4.996003610813204e-16 1.040834085586084e-17 -1.290994448735787 -4.22296746183104e-17 -1.527525231651917 -2.623769257414921e-17 0.9999999999999645 -1.178527761491743e-16 -1.080123449734623 0.9128709291751814 0.7071067811865224 -0.4082482904638635 -1.080123449734623 -0.9128709291751814 0.7071067811865225 0.4082482904638635 -1.527525231651923 1.290994448735674 0.9999999999999682 -0.5773502691896275 2.577396467343276e-15 1.048743306023282e-15 -3.095792345172165e-15 -4.929285222200849e-16 2.591216487848829e-15 -1.070811012099467e-15 -3.08438115258144e-15 5.067397674585579e-16 -1.527525231651923 -1.290994448735674 0.9999999999999684 0.5773502691896277 -2.160246899469267 1.825741858350379 1.414213562373057 -0.8164965809277321 1.884110950420525e-15 7.661514430850468e-16 -1.622412116597736e-15 -2.261838406078005e-16 2.276634065091467e-15 -7.786865364920396e-16 -1.504734340519243e-15 3.33870559120303e-16 4.003735769643615e-15 2.268466085239429e-15 -2.682758525618216e-15 -1.034052156411549e-15 4.003735769643615e-15 -2.226491758232103e-15 -2.682758525618216e-15 1.026629723786122e-15 2.198129442157279e-15 7.39983235440306e-16 -1.50964087945263e-15 -3.361160947839519e-16 1.884110950420525e-15 -8.822613462402483e-16 -1.622412116597736e-15 3.189115722164932e-16 -2.160246899469267 -1.825741858350379 1.414213562373057 0.8164965809277324
-8.326672684688674e-17 1.290994448735786 1.864930968815515e-17 -5.87145437259693e-15 -4.753496315634304e-17 -2.357333449878333e-15 2.75984279206135e-18 -2.55677223654986e-15 3.053003610530596e-15 -6.421289650717204e-16 1.73139764584147e-15 -9.215623580825557e-16 -3.080401167281251e-15 -7.301484989135967e-16 -1.702693216029639e-15 -9.359049500689356e-16 4.709757444774325e-16 -2.204874125457729e-15 3.226900207888968e-15 4.802899170755697e-16 -1.132789223125866e-15 1.569023454980598e-15 2.178188013244814e-15 -1.087958823317593e-15 1.219961934423843e-15 1.672426606093912e-15 -2.05042401794352e-15 -1.080327831905895e-15 -5.410072686450199e-16 -2.27734898140257e-15 -3.136535972494921e-15 4.438044606524972e-16 -2.747661802696599e-16 -1.927454792932261e-15 1.396786272865686e-15 6.531564767072497e-16 -4.199997326979086e-15 -1.005602323065917e-15 3.37668847157552e-15 3.710254790595914e-16 -3.11074568376722e-15 2.014976092343446e-15 2.502818862264958e-15 -1.02654254956821e-15 -6.182239056067346e-16 5.215137598289309e-16 4.191946488901956e-16 -4.429503768570741e-16 5.004669712054519e-16 5.151089605215901e-16 -2.886376182299471e-16 -4.141525071732652e-16 3.120558761633994e-15 2.009114544317315e-15 -2.447957076904127e-15 -1.023811205251713e-15 4.219623482712633e-15 -1.021682947636191e-15 -3.369379891765504e-15 4.002065761471985e-16 6.973418459075965e-16 -1.557961540090419e-15 -1.047592554613906e-15 6.934376258873314e-16
-9.436895709313831e-16 2.775557561562891e-17 3.802947540210155e-15 -6.564844154399729e-17 -2.333333333333278 -1.387778780781446e-16 1.527525231651921 1.528725063204561e-17 -1.64991582276857 1.394433377556638 1.080123449734605 -0.6236095644623171 -1.64991582276857 -1.394433377556638 1.080123449734605 0.623609564462317 -2.333333333333284 1.972026594366325 1.527525231651888 -0.8819171036881918 5.432449195347236e-15 1.391557691218476e-15 -5.81457625103976e-16 9.293637179900666e-18 5.349670359477971e-15 -1.39968619333769e-15 -6.345835315557657e-16 -4.460837359321663e-17 -2.333333333333284 -1.972026594366325 1.527525231651888 0.8819171036881918 -3.299831645537167 2.7888667551133 2.160246899469213 -1.247219128924648 4.435511195781651e-15 -3.001604980110312e-16 -3.1862533445004e-15 6.688587326371372e-16 1.41430984754874e-15 -2.65935331982991e-15 -7.908170646109269e-16 1.472461965045356e-15 3.54865428357199e-15 4.048096320519812e-15 -1.409462824231156e-15 -1.739998332340347e-15 3.475056199571189e-15 -4.033576300217148e-15 -1.453047751565073e-15 1.750364418725105e-15 1.619157848017638e-15 2.636826927077368e-15 -7.726024681131705e-16 -1.421081816596346e-15 4.445324273648425e-15 2.228031864117208e-16 -3.259328570925923e-15 -5.192960566262351e-16 -3.299831645537167 -2.788866755113301 2.160246899469212 1.247219128924648
-1.665334536937735e-16 1.527525231651915 2.365271742571853e-16 2.333333333333276 -1.537126835947935e-16 -0.6573421981224501 4.133520782600986e-17 -3.233696046856658 1.441590763578707e-14 -1.326984842173822e-16 -5.242589131912445e-14 4.686185519930279e-17 -1.456276933641984e-14 -1.788140131379447e-16 5.261524722854904e-14 6.025631354061391e-17 2.551778233161892e-15 -5.954098392113529e-15 -5.784869111513657e-15 -3.021775959187987e-15 2.545056179692467e-15 5.94291526720038e-15 -5.505795472315889e-15 3.229842432907833e-15 -2.468511506315006e-15 5.898587240882271e-15 5.646091233435513e-15 3.077287110419245e-15 -2.795496717141252e-15 -6.142093693394241e-15 5.750608322863116e-15 -3.101979598533418e-15 1.736914782418921e-15 -3.354233188170144e-15 1.734723475976807e-16 -1.157284333807635e-15 -6.844621812074562e-15 -1.770977833433527e-15 2.645453300864631e-15 5.202361277754863e-17 -6.986911441142779e-15 1.658723485882166e-15 2.536165721878092e-15 -1.475744488414639e-16 1.771260554952629e-15 3.927119203944612e-15 1.595945597898663e-16 8.652707000953709e-16 -1.452335524282488e-15 3.06952169767545e-15 -1.179611963664229e-16 9.907508801138618e-16 6.844621812074562e-15 1.770977833433527e-15 -2.645453300864631e-15 -5.202361277754863e-17 6.986911441142779e-15 -1.658723485882166e-15 -2.536165721878092e-15 1.475744488414639e-16 -1.140655305006176e-15 -3.256328104027493e-15 2.775557561562891e-17 -8.818793285284983e-16
-1.52655665885959e-15 -2.081668171172169e-17 1.529158744073555e-15 -6.177241877736162e-17 0.657342198122451 -1.50487261540988e-16 -6.170411404049503e-15 -1.995745149002692e-16 -3.253677880965736 -0.3928371006593215 2.130032168075585 0.1756820922316513 -3.253677880965735 0.3928371006593209 2.130032168075584 -0.1756820922316517 -1.972026594366321 1.666666666666341 1.290994448735649 -0.7453559924998576 -2.629368792488776 -2.22222222222208 1.721325931647756 0.9938079899999416 -2.629368792488775 2.22222222222208 1.721325931647756 -0.9938079899999415 -1.972026594366322 -1.666666666666342 1.290994448735649 0.7453559924998577 -2.788866755113294 2.35702260395471 1.825741858350331 -1.054092553389366 6.174879247667267e-15 2.231417503172306e-15 -2.445960101127298e-15 -1.906063586117172e-16 6.957472207542459e-15 -1.364062772641506e-15 -3.145053661945951e-15 -3.484058347001966e-16 -3.718489006818214 -3.142696805273359 2.434322477800762 1.405456737852673 -3.718489006818213 3.142696805273358 2.434322477800761 -1.405456737852673 7.077682411410434e-15 1.576221411718866e-15 -2.902192375309198e-15 1.373316936417525e-16 6.393220230202978e-15 -2.085740835829317e-15 -2.399122567275924e-15 2.097870306268379e-16 -2.788866755113294 -2.35702260395471 1.825741858350331 1.054092553389366
2.775557561562891e-17 -0.9999999999999634 3.127883285984606e-16 -1.527525231651919 7.812886297706251e-17 1.090227384894837e-14 1.514389639660353e-16 -1.732050807568844 1.03564346847169e-15 2.866258069765583e-15 3.805063362694115e-16 3.450568943942073e-15 -1.037184340401253e-15 2.873397990075919e-15 -4.14245090786092e-16 3.485444213595123e-15 -3.678923718091463e-15 7.998000787466302e-16 -1.374245938824119e-15 1.588459552329572e-15 3.496074295198902e-15 1.681018224848096e-15 2.839728781174344e-15 1.102057840966786e-15 -3.433491144974455e-15 1.578640780778123e-15 -2.878813811035559e-15 1.039005743554742e-15 3.688367210965504e-15 7.647307492878465e-16 1.383538788863423e-15 1.669629787831566e-15 -7.85046229341886e-17 2.38948252732802e-15 -1.415341277549697e-15 -5.155377225284613e-16 7.556069957415646e-16 -2.271331112517657e-15 -9.33226467864676e-16 1.502043209212737e-15 -2.904671048564975e-15 -1.493325079910671e-15 2.384773349800037e-15 1.223485540060939e-15 -3.140184917367542e-16 2.851188606140274e-15 2.347259545736578e-15 -6.068826058237836e-16 5.495323605393198e-16 2.625510851741056e-15 -2.359655767701128e-15 -6.119269083079111e-16 3.032241060833032e-15 -1.440857171151513e-15 -2.354407632142916e-15 1.238292944817016e-15 -7.850462293418852e-16 -2.368769869032045e-15 9.558388925773202e-16 1.602480507286009e-15 1.81541940535311e-16 2.489107919736374e-15 1.412978807704934e-15 -5.008199888760609e-16
-5.668208957754217e-16 -2.081668171172169e-17 4.431784800251748e-15 -8.436448154652831e-17 3.233696046856663 -5.486062992776652e-17 1.732050807568847 -1.023351325554755e-16 -1.039349274103842 -1.932503014547141 0.6804138174397352 0.8642416214502225 -1.039349274103842 1.93250301454714 0.6804138174397348 -0.8642416214502222 0.8819171036881954 -0.7453559924998613 -0.5773502691896154 0.333333333333336 -2.351778943168483 -1.987615979999604 1.539600717838947 0.8888888888888883 -2.351778943168482 1.987615979999604 1.539600717838947 -0.8888888888888884 0.8819171036881954 0.7453559924998614 -0.5773502691896153 -0.3333333333333359 1.247219128924649 -1.054092553389371 -0.8164965809277123 0.4714045207910399 6.01051019339881e-16 2.035997963413018e-15 -3.471615356298585e-16 -1.424738653123321e-15 3.097252701700407e-15 4.538307489154701e-16 -2.757559805499632e-15 -4.253803356282739e-16 -3.325917677132351 -2.81091347570495 2.177324215807203 1.257078722109424 -3.325917677132349 2.810913475704949 2.177324215807203 -1.257078722109423 2.995442018832631e-15 -4.659487708631188e-16 -2.728720027711518e-15 5.069704281047013e-16 7.163546842744703e-16 -2.182973335032637e-15 -3.807718029769092e-16 1.449157190455417e-15 1.247219128924649 1.054092553389371 -0.8164965809277125 -0.4714045207910401
-1.110223024625157e-16 1.080123449734621 -9.488937413593135e-16 1.649915822768568 -6.653531892109044e-15 3.253677880965729 2.376571162088226e-16 1.039349274103841 2.567390744445674e-16 -3.286710990611222 5.620504062164855e-16 -5.585474990025145 -3.469446951953614e-17 1.972026594366318 -5.551115123125783e-17 -0.8819171036881913 1.649915822768609 -1.394433377556641 -1.080123449734705 0.6236095644623217 -1.649915822768609 -1.394433377556641 1.080123449734705 0.6236095644623214 -1.649915822768576 1.394433377556641 1.080123449734605 -0.6236095644623215 1.649915822768576 1.394433377556641 -1.080123449734605 -0.6236095644623215 2.333333333333299 -1.97202659436635 -1.527525231651909 0.8819171036881942 4.023361925377167e-16 1.180012973501225e-14 -1.185163078787355e-14 4.028404550069573e-15 -5.495323605393194e-16 1.175549320357783e-14 1.211530875622202e-14 3.677874630906145e-15 -2.333333333333299 -1.97202659436635 1.527525231651909 0.8819171036881939 -2.333333333333298 1.972026594366338 1.527525231651897 -0.8819171036881978 0 0 0 0 0 0 0 0 2.333333333333298 1.972026594366338 -1.527525231651897 -0.8819171036881978
-2.997602166487923e-15 -0.9128709291751782 -9.931291899967221e-17 -1.394433377556638 1.478851763270228e-16 0.3928371006593206 -1.046038256014015e-15 1.932503014547138 3.286710990611224 4.510281037539698e-17 -1.290994448735647 2.190088388420719e-17 -1.972026594366318 4.336808689942018e-17 1.290994448735643 1.582935171828836e-17 -5.112922384374873 -1.964185503295995 3.347193406976023 0.8784104611579874 -5.112922384374873 1.964185503295996 3.347193406976022 -0.8784104611579873 -1.394433377556641 1.178511301977348 0.9128709291751647 -0.5270462766946821 -1.394433377556641 -1.178511301977348 0.9128709291751647 0.5270462766946821 -1.972026594366336 1.666666666666363 1.290994448735663 -0.7453559924998621 -5.25873758497759 -4.444444444444199 3.442651863295535 1.987615979999899 -5.258737584977591 4.4444444444442 3.442651863295535 -1.987615979999899 -1.972026594366337 -1.666666666666363 1.290994448735663 0.7453559924998624 -1.972026594366337 1.666666666666351 1.290994448735651 -0.7453559924998656 0 0 0 0 0 0 0 0 -1.972026594366337 -1.666666666666351 1.290994448735651 0.7453559924998656
1.110223024625157e-16 -0.7071067811865216 -3.453400759800829e-15 -1.080123449734604 4.938128898845928e-14 -2.130032168075582 -5.681219383824043e-16 -0.6804138174397343 -4.978656376053436e-16 1.290994448735662 -2.775557561562891e-16 -4.041451884327314 -3.295974604355933e-17 -1.290994448735644 -1.387778780781446e-17 0.5773502691896143 -1.080123449734605 0.9128709291751719 0.7071067811865132 -0.4082482904638481 1.080123449734604 0.912870929175172 -0.7071067811865133 -0.4082482904638483 1.080123449734606 -0.9128709291751653 -0.7071067811865126 0.4082482904638561 -1.080123449734606 -0.9128709291751653 0.7071067811865126 0.4082482904638561 -1.527525231651908 1.290994448735658 0.9999999999999546 -0.5773502691896156 3.611212654972672e-15 2.561462858667648e-15 8.458447214242697e-16 2.318695649388788e-15 -4.003735769643615e-15 2.902701505806689e-15 -7.313313778486717e-16 2.125573495694733e-15 1.527525231651907 1.290994448735657 -0.9999999999999545 -0.5773502691896157 1.527525231651903 -1.290994448735656 -0.9999999999999539 0.5773502691896184 0 0 0 0 0 0 0 0 -1.527525231651903 -1.290994448735656 0.9999999999999539 0.5773502691896184
-6.938893903907228e-16 0.408248290463864 1.484272774132656e-15 0.6236095644623145 -2.161899131936096e-16 -0.175682092231651 -6.100155103272442e-15 -0.8642416214502209 5.585474990025156 -1.101549407245273e-16 4.041451884327316 -4.586175189613684e-17 0.8819171036881914 -1.647987302177967e-17 -0.5773502691896142 1.507041019754851e-17 -2.702308112670013 -3.33795975239962 1.769075925343331 1.492780982504933 -2.702308112670014 3.33795975239962 1.769075925343331 -1.492780982504933 0.6236095644623217 -0.5270462766946824 -0.4082482904638559 0.2357022603955194 0.6236095644623217 0.5270462766946824 -0.4082482904638559 -0.2357022603955194 0.8819171036882034 -0.7453559924998681 -0.577350269189621 0.3333333333333368 -4.703557886337 -3.97523195999924 3.079201435677914 1.777777777777787 -4.703557886337001 3.97523195999924 3.079201435677916 -1.777777777777788 0.8819171036882033 0.7453559924998681 -0.5773502691896208 -0.3333333333333368 0.8819171036881995 -0.7453559924998675 -0.5773502691896177 0.3333333333333399 0 0 0 0 0 0 0 0 0.8819171036881995 0.7453559924998675 -0.5773502691896177 -0.3333333333333399
-1.110223024625157e-16 1.080123449734622 8.985867605559861e-16 1.649915822768568 7.182839392716467e-15 3.253677880965729 2.584737979205443e-16 1.03934927410384 -3.469446951953614e-17 1.972026594366318 -5.551115123125783e-17 -0.8819171036881913 2.567390744445674e-16 -3.286710990611222 5.620504062164855e-16 -5.585474990025145 -1.649915822768576 1.394433377556641 1.080123449734605 -0.6236095644623215 1.649915822768576 1.394433377556641 -1.080123449734605 -0.6236095644623215 1.649915822768609 -1.394433377556641 -1.080123449734705 0.6236095644623217 -1.649915822768609 -1.394433377556641 1.080123449734705 0.6236095644623214 -2.333333333333298 1.972026594366338 1.527525231651897 -0.8819171036881978 0 0 0 0 0 0 0 0 2.333333333333298 1.972026594366338 -1.527525231651897 -0.8819171036881978 2.333333333333299 -1.97202659436635 -1.527525231651909 0.8819171036881942 4.023361925377167e-16 1.180012973501225e-14 -1.185163078787355e-14 4.028404550069573e-15 -5.495323605393194e-16 1.175549320357783e-14 1.211530875622202e-14 3.677874630906145e-15 -2.333333333333299 -1.97202659436635 1.527525231651909 0.8819171036881939
-2.886579864025407e-15 0.9128709291751786 2.489328188026718e-16 1.394433377556638 -8.586881206085195e-17 -0.392837100659321 -9.627715291671279e-16 -1.932503014547138 -1.972026594366318 4.336808689942018e-17 1.290994448735643 1.582935171828836e-17 3.286710990611224 4.510281037539698e-17 -1.290994448735647 2.190088388420719e-17 -1.394433377556641 1.178511301977348 0.9128709291751647 -0.5270462766946821 -1.394433377556641 -1.178511301977348 0.9128709291751647 0.5270462766946821 -5.112922384374873 -1.964185503295995 3.347193406976023 0.8784104611579874 -5.112922384374873 1.964185503295996 3.347193406976022 -0.8784104611579873 -1.972026594366337 1.666666666666351 1.290994448735651 -0.7453559924998656 0 0 0 0 0 0 0 0 -1.972026594366337 -1.666666666666351 1.290994448735651 0.7453559924998656 -1.972026594366336 1.666666666666363 1.290994448735663 -0.7453559924998621 -5.25873758497759 -4.444444444444199 3.442651863295535 1.987615979999899 -5.258737584977591 4.4444444444442 3.442651863295535 -1.987615979999899 -1.972026594366337 -1.666666666666363 1.290994448735663 0.7453559924998624
1.110223024625157e-16 -0.7071067811865216 3.434318801565084e-15 -1.080123449734604 -4.925422049384398e-14 -2.130032168075582 9.228728892196614e-16 -0.6804138174397344 -3.295974604355933e-17 -1.290994448735644 -1.387778780781446e-17 0.5773502691896143 -4.978656376053436e-16 1.290994448735662 -2.775557561562891e-16 -4.041451884327314 1.080123449734606 -0.9128709291751653 -0.7071067811865126 0.4082482904638561 -1.080123449734606 -0.9128709291751653 0.7071067811865126 0.4082482904638561 -1.080123449734605 0.9128709291751719 0.7071067811865132 -0.4082482904638481 1.080123449734604 0.912870929175172 -0.7071067811865133 -0.4082482904638483 1.527525231651903 -1.290994448735656 -0.9999999999999539 0.5773502691896184 0 0 0 0 0 0 0 0 -1.527525231651903 -1.290994448735656 0.9999999999999539 0.5773502691896184 -1.527525231651908 1.290994448735658 0.9999999999999546 -0.5773502691896156 3.611212654972672e-15 2.561462858667648e-15 8.458447214242697e-16 2.318695649388788e-15 -4.003735769643615e-15 2.902701505806689e-15 -7.313313778486717e-16 2.125573495694733e-15 1.527525231651907 1.290994448735657 -0.9999999999999545 -0.5773502691896157
-7.494005416219807e-16 -0.408248290463864 1.560166926206641e-15 -0.6236095644623145 1.739060284666749e-16 0.175682092231651 -6.214646852686911e-15 0.864241621450221 0.8819171036881914 -1.647987302177967e-17 -0.5773502691896142 1.507041019754851e-17 5.585474990025156 -1.101549407245273e-16 4.041451884327316 -4.586175189613684e-17 0.6236095644623217 -0.5270462766946824 -0.4082482904638559 0.2357022603955194 0.6236095644623217 0.5270462766946824 -0.4082482904638559 -0.2357022603955194 -2.702308112670013 -3.33795975239962 1.769075925343331 1.492780982504933 -2.702308112670014 3.33795975239962 1.769075925343331 -1.492780982504933 0.8819171036881995 -0.7453559924998675 -0.5773502691896177 0.3333333333333399 0 0 0 0 0 0 0 0 0.8819171036881995 0.7453559924998675 -0.5773502691896177 -0.3333333333333399 0.8819171036882034 -0.7453559924998681 -0.577350269189621 0.3333333333333368 -4.703557886337 -3.97523195999924 3.079201435677914 1.777777777777787 -4.703557886337001 3.97523195999924 3.079201435677916 -1.777777777777788 0.8819171036882033 0.7453559924998681 -0.5773502691896208 -0.3333333333333368
-5.551115123125783e-17 1.527525231651922 4.240097856156311e-15 2.333333333333276 4.446096268928557e-15 1.972026594366315 -1.510944147575799e-15 -0.8819171036881925 -1.649915822768573 5.112922384374836 1.080123449734607 2.702308112670011 1.649915822768576 1.394433377556641 -1.080123449734606 -0.6236095644623216 2.220446049250313e-15 -6.57342198122248 4.163336342344337e-16 -11.17094998005032 -2.333333333333291 1.972026594366331 1.527525231651897 -0.8819171036881969 0 0 0 0 2.333333333333291 1.972026594366331 -1.527525231651897 -0.8819171036881969 3.299831645537246 -2.78886675511331 -2.160246899469418 1.247219128924653 -3.299831645537245 -2.788866755113311 2.160246899469417 1.247219128924653 -3.299831645537183 2.78886675511331 2.160246899469224 -1.247219128924653 0 0 0 0 0 0 0 0 0 0 0 0 0 0 0 0 3.299831645537183 2.78886675511331 -2.160246899469224 -1.247219128924653
-7.549516567451064e-15 -1.290994448735664 -4.183719343187065e-15 -1.972026594366322 2.848849628422911e-15 -1.666666666666339 -7.129713486264677e-16 0.7453559924998613 1.394433377556642 1.964185503295992 -0.9128709291751613 3.337959752399609 -1.394433377556641 -1.178511301977348 0.9128709291751652 0.5270462766946823 6.573421981222492 6.38378239159465e-16 -2.581988897471273 4.544975507059235e-16 -1.972026594366331 1.666666666666346 1.290994448735651 -0.7453559924998648 0 0 0 0 -1.972026594366331 -1.666666666666346 1.290994448735651 0.7453559924998648 -10.22584476874984 -3.928371006592028 6.694386813952082 1.756820922315987 -10.22584476874984 3.928371006592029 6.694386813952082 -1.756820922315989 -2.788866755113309 2.357022603954721 1.825741858350341 -1.054092553389372 0 0 0 0 0 0 0 0 0 0 0 0 0 0 0 0 -2.788866755113309 -2.357022603954721 1.825741858350341 1.054092553389372
-4.440892098500626e-16 -0.9999999999999667 -6.116634976294222e-15 -1.527525231651883 2.686869823853577e-15 -1.290994448735648 4.44436154545258e-15 0.5773502691896143 1.080123449734694 -3.347193406976011 -0.7071067811865148 -1.769075925343329 -1.080123449734605 -0.9128709291751644 0.7071067811865126 0.4082482904638559 -8.326672684688674e-16 2.581988897471344 -5.551115123125783e-17 -8.082903768654656 1.527525231651897 -1.290994448735651 -0.9999999999999531 0.5773502691896175 0 0 0 0 -1.527525231651897 -1.290994448735651 0.9999999999999531 0.5773502691896175 -2.160246899469228 1.825741858350358 1.414213562373035 -0.8164965809277045 2.160246899469227 1.825741858350359 -1.414213562373034 -0.8164965809277058 2.16024689946923 -1.825741858350348 -1.414213562373034 0.8164965809277178 0 0 0 0 0 0 0 0 0 0 0 0 0 0 0 0 -2.16024689946923 -1.825741858350348 1.414213562373034 0.8164965809277178
-6.106226635438361e-16 0.5773502691896282 -5.785302792382652e-16 0.8819171036881903 7.791510492349829e-15 0.7453559924998533 -3.197095366225255e-15 -0.3333333333333342 -0.6236095644623217 -0.8784104611579853 0.4082482904638401 -1.492780982504928 0.6236095644623214 0.5270462766946821 -0.408248290463856 -0.2357022603955193 11.17094998005038 2.081668171172169e-16 8.082903768654662 -1.457167719820518e-16 0.881917103688197 -0.7453559924998647 -0.5773502691896174 0.3333333333333393 0 0 0 0 0.881917103688197 0.7453559924998647 -0.5773502691896174 -0.3333333333333393 -5.404616225340068 -6.675919504799295 3.538151850686684 2.985561965009887 -5.404616225340069 6.675919504799296 3.538151850686686 -2.985561965009888 1.247219128924655 -1.054092553389375 -0.816496580927717 0.4714045207910424 0 0 0 0 0 0 0 0 0 0 0 0 0 0 0 0 1.247219128924655 1.054092553389375 -0.816496580927717 -0.4714045207910424
-1.110223024625157e-16 -4.232725281383409e-15 3.089108829845699e-15 -3.555098923579969e-15 4.224051664003525e-15 2.629368792488767 3.675879045594854e-15 2.351778943168478 1.649915822768573 5.112922384374837 -1.080123449734606 2.702308112670012 -1.649915822768576 1.394433377556641 1.080123449734606 -0.6236095644623216 2.333333333333291 1.972026594366331 -1.527525231651897 -0.8819171036881969 2.220446049250313e-15 -6.57342198122248 4.163336342344337e-16 -11.17094998005032 -2.333333333333291 1.972026594366331 1.527525231651897 -0.8819171036881969 0 0 0 0 0 0 0 0 3.299831645537183 2.78886675511331 -2.160246899469224 -1.247219128924653 3.299831645537246 -2.78886675511331 -2.160246899469418 1.247219128924653 -3.299831645537245 -2.788866755113311 2.160246899469417 1.247219128924653 -3.299831645537183 2.78886675511331 2.160246899469224 -1.247219128924653 0 0 0 0 0 0 0 0 0 0 0 0
-7.605027718682322e-15 2.144118216307334e-15 4.351120158618826e-15 -6.467618324582092e-15 -2.515782721035364e-15 2.222222222222076 2.007075061705166e-15 1.987615979999596 1.394433377556641 -1.964185503295993 -0.9128709291751618 -3.337959752399609 -1.394433377556641 1.178511301977348 0.9128709291751652 -0.5270462766946823 -1.972026594366331 -1.666666666666346 1.290994448735651 0.7453559924998648 6.573421981222492 6.38378239159465e-16 -2.581988897471273 4.544975507059235e-16 -1.972026594366331 1.666666666666346 1.290994448735651 -0.7453559924998648 0 0 0 0 0 0 0 0 -2.788866755113309 -2.357022603954721 1.825741858350341 1.054092553389372 -10.22584476874984 -3.928371006592028 6.694386813952082 1.756820922315987 -10.22584476874984 3.928371006592029 6.694386813952082 -1.756820922315989 -2.788866755113309 2.357022603954721 1.825741858350341 -1.054092553389372 0 0 0 0 0 0 0 0 0 0 0 0
-4.440892098500626e-16 4.28129753871076e-15 -2.395653120323971e-15 -9.475113835893945e-16 2.464825218928546e-15 -1.721325931647752 -6.803585472781037e-15 -1.539600717838945 -1.080123449734694 -3.347193406976012 0.7071067811865144 -1.769075925343329 1.080123449734605 -0.9128709291751644 -0.7071067811865126 0.4082482904638559 -1.527525231651897 -1.290994448735651 0.9999999999999531 0.5773502691896175 -8.326672684688674e-16 2.581988897471344 -5.551115123125783e-17 -8.082903768654656 1.527525231651897 -1.290994448735651 -0.9999999999999531 0.5773502691896175 0 0 0 0 0 0 0 0 -2.16024689946923 -1.825741858350348 1.414213562373034 0.8164965809277178 -2.160246899469228 1.825741858350358 1.414213562373035 -0.8164965809277045 2.160246899469227 1.825741858350359 -1.414213562373034 -0.8164965809277058 2.16024689946923 -1.825741858350348 -1.414213562373034 0.8164965809277178 0 0 0 0 0 0 0 0 0 0 0 0
-5.828670879282072e-16 6.765421556309548e-16 2.005340338229189e-15 -1.060214199419263e-15 -7.791510492349829e-15 -0.9938079899999367 -2.322794734332945e-15 -0.8888888888888885 -0.6236095644623212 0.878410461157986 0.4082482904638402 1.492780982504928 0.6236095644623214 -0.5270462766946821 -0.408248290463856 0.2357022603955193 0.881917103688197 0.7453559924998647 -0.5773502691896174 -0.3333333333333393 11.17094998005038 2.081668171172169e-16 8.082903768654662 -1.457167719820518e-16 0.881917103688197 -0.7453559924998647 -0.5773502691896174 0.3333333333333393 0 0 0 0 0 0 0 0 1.247219128924655 1.054092553389375 -0.816496580927717 -0.4714045207910424 -5.404616225340068 -6.675919504799295 3.538151850686684 2.985561965009887 -5.404616225340069 6.675919504799296 3.538151850686686 -2.985561965009888 1.247219128924655 -1.054092553389375 -0.816496580927717 0.4714045207910424 0 0 0 0 0 0 0 0 0 0 0 0
-1.110223024625157e-16 -4.246603069191224e-15 -2.727418985104535e-15 -3.300311413045875e-15 -4.616099169574284e-15 2.629368792488767 -3.634245682171411e-15 2.351778943168477 1.649915822768576 1.394433377556641 -1.080123449734606 -0.6236095644623216 -1.649915822768573 5.112922384374836 1.080123449734607 2.702308112670011 0 0 0 0 2.333333333333291 1.972026594366331 -1.527525231651897 -0.8819171036881969 2.220446049250313e-15 -6.57342198122248 4.163336342344337e-16 -11.17094998005032 -2.333333333333291 1.972026594366331 1.527525231651897 -0.8819171036881969 0 0 0 0 0 0 0 0 0 0 0 0 3.299831645537183 2.78886675511331 -2.160246899469224 -1.247219128924653 3.299831645537246 -2.78886675511331 -2.160246899469418 1.247219128924653 -3.299831645537245 -2.788866755113311 2.160246899469417 1.247219128924653 -3.299831645537183 2.78886675511331 2.160246899469224 -1.247219128924653 0 0 0 0
-7.605027718682322e-15 -2.234323837058128e-15 4.240097856156311e-15 6.620219780359426e-15 -2.954667760457497e-15 -2.222222222222077 1.611558109182454e-15 -1.987615979999596 -1.394433377556641 -1.178511301977348 0.9128709291751652 0.5270462766946823 1.394433377556642 1.964185503295992 -0.9128709291751613 3.337959752399609 0 0 0 0 -1.972026594366331 -1.666666666666346 1.290994448735651 0.7453559924998648 6.573421981222492 6.38378239159465e-16 -2.581988897471273 4.544975507059235e-16 -1.972026594366331 1.666666666666346 1.290994448735651 -0.7453559924998648 0 0 0 0 0 0 0 0 0 0 0 0 -2.788866755113309 -2.357022603954721 1.825741858350341 1.054092553389372 -10.22584476874984 -3.928371006592028 6.694386813952082 1.756820922315987 -10.22584476874984 3.928371006592029 6.694386813952082 -1.756820922315989 -2.788866755113309 2.357022603954721 1.825741858350341 -1.054092553389372 0 0 0 0
-4.440892098500626e-16 3.920475055707584e-15 3.438221929386032e-15 -3.038476588390626e-17 -2.649139588251082e-15 -1.721325931647752 6.798381302353107e-15 -1.539600717838944 -1.080123449734605 -0.9128709291751644 0.7071067811865126 0.4082482904638559 1.080123449734694 -3.347193406976011 -0.7071067811865148 -1.769075925343329 0 0 0 0 -1.527525231651897 -1.290994448735651 0.9999999999999531 0.5773502691896175 -8.326672684688674e-16 2.581988897471344 -5.551115123125783e-17 -8.082903768654656 1.527525231651897 -1.290994448735651 -0.9999999999999531 0.5773502691896175 0 0 0 0 0 0 0 0 0 0 0 0 -2.16024689946923 -1.825741858350348 1.414213562373034 0.8164965809277178 -2.160246899469228 1.825741858350358 1.414213562373035 -0.8164965809277045 2.160246899469227 1.825741858350359 -1.414213562373034 -0.8164965809277058 2.16024689946923 -1.825741858350348 -1.414213562373034 0.8164965809277178 0 0 0 0
-5.828670879282072e-16 -6.869504964868156e-16 1.974982677399595e-15 1.121308991838821e-15 -7.750744490664374e-15 0.9938079899999367 -2.421673972463623e-15 0.8888888888888884 0.6236095644623214 0.5270462766946821 -0.408248290463856 -0.2357022603955193 -0.6236095644623217 -0.8784104611579853 0.4082482904638401 -1.492780982504928 0 0 0 0 0.881917103688197 0.7453559924998647 -0.5773502691896174 -0.3333333333333393 11.17094998005038 2.081668171172169e-16 8.082903768654662 -1.457167719820518e-16 0.881917103688197 -0.7453559924998647 -0.5773502691896174 0.3333333333333393 0 0 0 0 0 0 0 0 0 0 0 0 1.247219128924655 1.054092553389375 -0.816496580927717 -0.4714045207910424 -5.404616225340068 -6.675919504799295 3.538151850686684 2.985561965009887 -5.404616225340069 6.675919504799296 3.538151850686686 -2.985561965009888 1.247219128924655 -1.054092553389375 -0.816496580927717 0.4714045207910424 0 0 0 0
-5.551115123125783e-17 1.527525231651921 -4.271106038289396e-15 2.333333333333276 -4.217980131837606e-15 1.972026594366315 1.889981227076731e-15 -0.8819171036881926 -1.649915822768576 1.394433377556641 1.080123449734606 -0.6236095644623216 1.649915822768573 5.112922384374837 -1.080123449734606 2.702308112670012 -2.333333333333291 1.972026594366331 1.527525231651897 -0.8819171036881969 0 0 0 0 2.333333333333291 1.972026594366331 -1.527525231651897 -0.8819171036881969 2.220446049250313e-15 -6.57342198122248 4.163336342344337e-16 -11.17094998005032 -3.299831645537183 2.78886675511331 2.160246899469224 -1.247219128924653 0 0 0 0 0 0 0 0 0 0 0 0 0 0 0 0 3.299831645537183 2.78886675511331 -2.160246899469224 -1.247219128924653 3.299831645537246 -2.78886675511331 -2.160246899469418 1.247219128924653 -3.299831645537245 -2.788866755113311 2.160246899469417 1.247219128924653
-7.549516567451064e-15 1.290994448735664 -4.483826504531052e-15 1.972026594366321 2.787266945025735e-15 1.666666666666339 -4.640385298237959e-16 -0.745355992499861 -1.394433377556641 1.178511301977348 0.9128709291751652 -0.5270462766946823 1.394433377556641 -1.964185503295993 -0.9128709291751618 -3.337959752399609 -1.972026594366331 1.666666666666346 1.290994448735651 -0.7453559924998648 0 0 0 0 -1.972026594366331 -1.666666666666346 1.290994448735651 0.7453559924998648 6.573421981222492 6.38378239159465e-16 -2.581988897471273 4.544975507059235e-16 -2.788866755113309 2.357022603954721 1.825741858350341 -1.054092553389372 0 0 0 0 0 0 0 0 0 0 0 0 0 0 0 0 -2.788866755113309 -2.357022603954721 1.825741858350341 1.054092553389372 -10.22584476874984 -3.928371006592028 6.694386813952082 1.756820922315987 -10.22584476874984 3.928371006592029 6.694386813952082 -1.756820922315989
-4.440892098500626e-16 -0.999999999999968 5.618335657819884e-15 -1.527525231651884 -2.280727690040507e-15 -1.290994448735647 -4.697631172945194e-15 0.5773502691896139 1.080123449734605 -0.9128709291751644 -0.7071067811865126 0.4082482904638559 -1.080123449734694 -3.347193406976012 0.7071067811865144 -1.769075925343329 1.527525231651897 -1.290994448735651 -0.9999999999999531 0.5773502691896175 0 0 0 0 -1.527525231651897 -1.290994448735651 0.9999999999999531 0.5773502691896175 -8.326672684688674e-16 2.581988897471344 -5.551115123125783e-17 -8.082903768654656 2.16024689946923 -1.825741858350348 -1.414213562373034 0.8164965809277178 0 0 0 0 0 0 0 0 0 0 0 0 0 0 0 0 -2.16024689946923 -1.825741858350348 1.414213562373034 0.8164965809277178 -2.160246899469228 1.825741858350358 1.414213562373035 -0.8164965809277045 2.160246899469227 1.825741858350359 -1.414213562373034 -0.8164965809277058
-6.106226635438361e-16 -0.5773502691896282 -6.717716660720185e-16 -0.8819171036881903 7.732529894166618e-15 -0.7453559924998531 -3.117298086330322e-15 0.3333333333333343 0.6236095644623214 -0.5270462766946821 -0.408248290463856 0.2357022603955193 -0.6236095644623212 0.878410461157986 0.4082482904638402 1.492780982504928 0.881917103688197 -0.7453559924998647 -0.5773502691896174 0.3333333333333393 0 0 0 0 0.881917103688197 0.7453559924998647 -0.5773502691896174 -0.3333333333333393 11.17094998005038 2.081668171172169e-16 8.082903768654662 -1.457167719820518e-16 1.247219128924655 -1.054092553389375 -0.816496580927717 0.4714045207910424 0 0 0 0 0 0 0 0 0 0 0 0 0 0 0 0 1.247219128924655 1.054092553389375 -0.816496580927717 -0.4714045207910424 -5.404616225340068 -6.675919504799295 3.538151850686684 2.985561965009887 -5.404616225340069 6.675919504799296 3.538151850686686 -2.985561965009888
0 2.160246899469263 1.042135128193067e-14 3.299831645537147 2.497091075581714e-14 2.78886675511327 -1.565414464721471e-14 -1.247219128924639 -2.33333333333327 1.972026594366313 1.527525231651879 -0.8819171036881899 2.333333333333298 1.972026594366336 -1.527525231651902 -0.8819171036881996 -3.299831645537142 10.22584476874973 2.16024689946924 5.404616225340047 0 0 0 0 0 0 0 0 3.299831645537183 2.788866755113308 -2.16024689946923 -1.247219128924655 0 -13.14684396244509 0 -22.34189996010076 -4.666666666666641 3.944053188732714 3.055050463303823 -1.763834207376413 0 0 0 0 0 0 0 0 0 0 0 0 0 0 0 0 0 0 0 0 4.666666666666641 3.944053188732714 -3.055050463303823 -1.763834207376413
-2.819966482547898e-14 -1.825741858350337 -3.943546877938076e-14 -2.78886675511327 -4.450433077618499e-15 -2.357022603954706 1.235123114895487e-14 1.054092553389367 1.972026594366346 -1.66666666666636 -1.29099444873566 0.7453559924998713 -1.972026594366338 -1.666666666666351 1.290994448735657 0.7453559924998676 2.78886675511331 3.928371006592021 -1.825741858350327 6.675919504799254 0 0 0 0 0 0 0 0 -2.78886675511331 -2.35702260395472 1.825741858350348 1.054092553389375 13.14684396244513 1.77635683940025e-15 -5.163977794942498 -7.771561172376096e-16 -3.944053188732713 3.333333333332737 2.581988897471328 -1.490711984999746 0 0 0 0 0 0 0 0 0 0 0 0 0 0 0 0 0 0 0 0 -3.944053188732713 -3.333333333332737 2.581988897471328 1.490711984999746
1.110223024625157e-16 -1.414213562373056 -6.983563033413631e-15 -2.160246899469202 -1.460376958251075e-14 -1.825741858350318 1.004751837285767e-14 0.8164965809277065 1.527525231651895 -1.290994448735652 -0.999999999999939 0.5773502691896136 -1.527525231651897 -1.290994448735651 0.9999999999999539 0.5773502691896177 2.160246899469375 -6.694386813952041 -1.414213562373042 -3.538151850686673 0 0 0 0 0 0 0 0 -2.160246899469224 -1.825741858350341 1.414213562373034 0.8164965809277169 8.881784197001252e-16 5.163977794942726 1.77635683940025e-15 -16.16580753730937 3.055050463303823 -2.581988897471328 -1.99999999999992 1.154700538379244 0 0 0 0 0 0 0 0 0 0 0 0 0 0 0 0 0 0 0 0 -3.055050463303823 -2.581988897471328 1.99999999999992 1.154700538379244
1.27675647831893e-15 0.8164965809277305 1.428978463335895e-15 1.247219128924645 5.710926523350146e-15 1.054092553389361 -1.044303532538038e-15 -0.4714045207910387 -0.8819171036881764 0.745355992499846 0.5773502691896106 -0.3333333333333314 0.8819171036881979 0.7453559924998656 -0.5773502691896186 -0.3333333333333398 -1.247219128924651 -1.756820922315983 0.8164965809276715 -2.985561965009865 0 0 0 0 0 0 0 0 1.247219128924653 1.054092553389373 -0.8164965809277179 -0.4714045207910423 22.34189996010094 0 16.16580753730941 6.661338147750939e-16 1.763834207376413 -1.490711984999747 -1.154700538379244 0.6666666666666845 0 0 0 0 0 0 0 0 0 0 0 0 0 0 0 0 0 0 0 0 1.763834207376413 1.490711984999747 -1.154700538379244 -0.6666666666666845
1.110223024625157e-16 -5.384581669432009e-15 1.139453115195366e-14 -1.12700105324437e-14 -1.132340748943861e-15 2.455934761114165e-15 -4.898859096158503e-15 -1.497879511397349e-15 2.847722058163527e-14 5.258737584977556 3.252953462151709e-14 4.703557886336971 0 0 0 0 3.299831645537142 10.22584476874973 -2.16024689946924 5.404616225340047 -3.299831645537183 2.788866755113308 2.16024689946923 -1.247219128924655 0 0 0 0 0 0 0 0 4.666666666666641 3.944053188732714 -3.055050463303823 -1.763834207376413 0 -13.14684396244509 0 -22.34189996010076 -4.666666666666641 3.944053188732714 3.055050463303823 -1.763834207376413 0 0 0 0 0 0 0 0 0 0 0 0 0 0 0 0 0 0 0 0
-2.808864252301646e-14 2.969846590872294e-14 -5.087943955039975e-15 -2.126028303059413e-14 2.229726819846789e-14 -1.853118353212224e-14 -2.264854970235319e-14 1.227886065394146e-14 -8.163608677946854e-15 4.444444444444196 1.140754157802348e-14 3.975231959999201 0 0 0 0 2.78886675511331 -3.928371006592023 -1.825741858350327 -6.675919504799254 -2.78886675511331 2.35702260395472 1.825741858350348 -1.054092553389375 0 0 0 0 0 0 0 0 -3.944053188732713 -3.333333333332737 2.581988897471328 1.490711984999746 13.14684396244513 1.77635683940025e-15 -5.163977794942498 -7.771561172376096e-16 -3.944053188732713 3.333333333332737 2.581988897471328 -1.490711984999746 0 0 0 0 0 0 0 0 0 0 0 0 0 0 0 0 0 0 0 0
1.110223024625157e-16 3.080868893334809e-15 -7.268925045211816e-15 7.244801546874013e-15 1.621099088300326e-15 -2.337973564747742e-15 3.483324739761429e-15 9.569710475443305e-16 -2.317590563905014e-15 -3.442651863295517 -2.05391259555654e-14 -3.079201435677897 0 0 0 0 -2.160246899469375 -6.694386813952041 1.414213562373041 -3.538151850686673 2.160246899469224 -1.825741858350341 -1.414213562373034 0.8164965809277169 0 0 0 0 0 0 0 0 -3.055050463303823 -2.581988897471328 1.99999999999992 1.154700538379244 8.881784197001252e-16 5.163977794942726 1.77635683940025e-15 -16.16580753730937 3.055050463303823 -2.581988897471328 -1.99999999999992 1.154700538379244 0 0 0 0 0 0 0 0 0 0 0 0 0 0 0 0 0 0 0 0
1.27675647831893e-15 -1.044303532538038e-15 2.077331362482226e-16 -6.895254766464687e-16 6.819631664933823e-16 -5.058887336817364e-16 -1.398187121637307e-15 1.613292832658431e-15 -2.164761425671458e-14 -1.987615979999881 -8.493206138382448e-15 -1.777777777777784 0 0 0 0 -1.247219128924655 1.756820922315981 0.8164965809276719 2.985561965009865 1.247219128924653 -1.054092553389373 -0.8164965809277179 0.4714045207910423 0 0 0 0 0 0 0 0 1.763834207376413 1.490711984999747 -1.154700538379244 -0.6666666666666845 22.34189996010094 0 16.16580753730941 6.661338147750939e-16 1.763834207376413 -1.490711984999747 -1.154700538379244 0.6666666666666845 0 0 0 0 0 0 0 0 0 0 0 0 0 0 0 0 0 0 0 0
1.110223024625157e-16 -5.134781488891349e-15 7.800184109729713e-15 1.973790055009861e-16 -1.114993514184093e-15 -1.288032180912779e-16 1.004751837285767e-14 -1.15913680563684e-14 -2.80331313717852e-14 5.258737584977556 -3.241851231905457e-14 4.703557886336971 0 0 0 0 3.299831645537183 2.788866755113308 -2.16024689946923 -1.247219128924655 -3.299831645537142 10.22584476874973 2.16024689946924 5.404616225340047 0 0 0 0 0 0 0 0 0 0 0 0 4.666666666666641 3.944053188732714 -3.055050463303823 -1.763834207376413 0 -13.14684396244509 0 -22.34189996010076 -4.666666666666641 3.944053188732714 3.055050463303823 -1.763834207376413 0 0 0 0 0 0 0 0 0 0 0 0 0 0 0 0
-2.808864252301646e-14 1.898481372109018e-14 1.538873195539026e-14 -2.788345726187358e-14 -2.232502377408352e-14 2.556201778025624e-14 -1.712519015484304e-14 -6.467428589201907e-15 -8.219119829178112e-15 -4.444444444444195 1.124100812432971e-14 -3.975231959999199 0 0 0 0 -2.78886675511331 -2.35702260395472 1.825741858350348 1.054092553389375 2.78886675511331 3.928371006592021 -1.825741858350327 6.675919504799254 0 0 0 0 0 0 0 0 0 0 0 0 -3.944053188732713 -3.333333333332737 2.581988897471328 1.490711984999746 13.14684396244513 1.77635683940025e-15 -5.163977794942498 -7.771561172376096e-16 -3.944053188732713 3.333333333332737 2.581988897471328 -1.490711984999746 0 0 0 0 0 0 0 0 0 0 0 0 0 0 0 0
1.110223024625157e-16 3.080868893334809e-15 -5.103990147192761e-15 3.182133376244956e-17 1.690488027339399e-15 -1.154892154131559e-15 -6.189493362285248e-15 7.525935170199505e-15 2.386979502944087e-15 -3.442651863295517 2.07334149848748e-14 -3.079201435677898 0 0 0 0 -2.160246899469224 -1.825741858350341 1.414213562373034 0.8164965809277169 2.160246899469375 -6.694386813952041 -1.414213562373042 -3.538151850686673 0 0 0 0 0 0 0 0 0 0 0 0 -3.055050463303823 -2.581988897471328 1.99999999999992 1.154700538379244 8.881784197001252e-16 5.163977794942726 1.77635683940025e-15 -16.16580753730937 3.055050463303823 -2.581988897471328 -1.99999999999992 1.154700538379244 0 0 0 0 0 0 0 0 0 0 0 0 0 0 0 0
1.27675647831893e-15 -1.127570259384925e-15 4.818194454525582e-16 -7.107758392271846e-16 -5.444863310222203e-16 8.437261306282196e-16 -1.446759378964657e-15 1.323594012170304e-15 -2.145332522740517e-14 1.98761597999988 -8.090750291955828e-15 1.777777777777784 0 0 0 0 1.247219128924653 1.054092553389373 -0.8164965809277179 -0.4714045207910423 -1.247219128924651 -1.756820922315983 0.8164965809276715 -2.985561965009865 0 0 0 0 0 0 0 0 0 0 0 0 1.763834207376413 1.490711984999747 -1.154700538379244 -0.6666666666666845 22.34189996010094 0 16.16580753730941 6.661338147750939e-16 1.763834207376413 -1.490711984999747 -1.154700538379244 0.6666666666666845 0 0 0 0 0 0 0 0 0 0 0 0 0 0 0 0
1.110223024625157e-16 -6.966649479522857e-15 1.843143693225358e-15 2.369686478292943e-15 2.519295536074218e-14 3.718489006818184 1.870725796493389e-14 3.325917677132338 2.33333333333327 1.972026594366314 -1.527525231651879 -0.8819171036881895 -2.333333333333298 1.972026594366336 1.527525231651902 -0.8819171036881996 0 0 0 0 3.299831645537142 10.22584476874973 -2.16024689946924 5.404616225340047 -3.299831645537183 2.788866755113308 2.16024689946923 -1.247219128924655 0 0 0 0 0 0 0 0 0 0 0 0 4.666666666666641 3.944053188732714 -3.055050463303823 -1.763834207376413 0 -13.14684396244509 0 -22.34189996010076 -4.666666666666641 3.944053188732714 3.055050463303823 -1.763834207376413 0 0 0 0 0 0 0 0 0 0 0 0
-2.808864252301646e-14 3.802513859341161e-15 2.88189611064027e-14 -1.707092583611014e-14 4.450433077618499e-15 3.142696805273347 3.03368441478824e-14 2.810913475704901 1.972026594366346 1.66666666666636 -1.290994448735661 -0.7453559924998713 -1.972026594366338 1.666666666666351 1.290994448735657 -0.7453559924998676 0 0 0 0 2.78886675511331 -3.928371006592023 -1.825741858350327 -6.675919504799254 -2.78886675511331 2.35702260395472 1.825741858350348 -1.054092553389375 0 0 0 0 0 0 0 0 0 0 0 0 -3.944053188732713 -3.333333333332737 2.581988897471328 1.490711984999746 13.14684396244513 1.77635683940025e-15 -5.163977794942498 -7.771561172376096e-16 -3.944053188732713 3.333333333332737 2.581988897471328 -1.490711984999746 0 0 0 0 0 0 0 0 0 0 0 0
1.110223024625157e-16 4.211908599671688e-15 -1.410763866838138e-15 -1.78573518819225e-15 -1.460376958251075e-14 -2.434322477800746 -1.243449787580175e-14 -2.177324215807196 -1.527525231651895 -1.290994448735652 0.9999999999999392 0.5773502691896137 1.527525231651897 -1.290994448735651 -0.9999999999999539 0.5773502691896177 0 0 0 0 -2.160246899469375 -6.694386813952041 1.414213562373041 -3.538151850686673 2.160246899469224 -1.825741858350341 -1.414213562373034 0.8164965809277169 0 0 0 0 0 0 0 0 0 0 0 0 -3.055050463303823 -2.581988897471328 1.99999999999992 1.154700538379244 8.881784197001252e-16 5.163977794942726 1.77635683940025e-15 -16.16580753730937 3.055050463303823 -2.581988897471328 -1.99999999999992 1.154700538379244 0 0 0 0 0 0 0 0 0 0 0 0
1.27675647831893e-15 7.632783294297951e-16 -6.40546643504436e-16 2.034207221071616e-15 -6.043993430737693e-15 -1.405456737852667 -1.849215225391276e-15 -1.257078722109422 -0.8819171036881763 -0.7453559924998457 0.5773502691896103 0.3333333333333313 0.8819171036881979 -0.7453559924998656 -0.5773502691896186 0.3333333333333398 0 0 0 0 -1.247219128924655 1.756820922315981 0.8164965809276719 2.985561965009865 1.247219128924653 -1.054092553389373 -0.8164965809277179 0.4714045207910423 0 0 0 0 0 0 0 0 0 0 0 0 1.763834207376413 1.490711984999747 -1.154700538379244 -0.6666666666666845 22.34189996010094 0 16.16580753730941 6.661338147750939e-16 1.763834207376413 -1.490711984999747 -1.154700538379244 0.6666666666666845 0 0 0 0 0 0 0 0 0 0 0 0
1.110223024625157e-16 -6.938893903907228e-15 -2.261212050935768e-15 2.326752072262517e-15 -2.483646968642894e-14 3.718489006818185 -1.856848008685574e-14 3.325917677132337 2.333333333333298 1.972026594366336 -1.527525231651902 -0.8819171036881996 -2.33333333333327 1.972026594366313 1.527525231651879 -0.8819171036881899 0 0 0 0 3.299831645537183 2.788866755113308 -2.16024689946923 -1.247219128924655 -3.299831645537142 10.22584476874973 2.16024689946924 5.404616225340047 0 0 0 0 0 0 0 0 0 0 0 0 0 0 0 0 4.666666666666641 3.944053188732714 -3.055050463303823 -1.763834207376413 0 -13.14684396244509 0 -22.34189996010076 -4.666666666666641 3.944053188732714 3.055050463303823 -1.763834207376413 0 0 0 0 0 0 0 0
-2.808864252301646e-14 -3.802513859341161e-15 2.866283599356478e-14 1.708924885282515e-14 4.290838517828632e-15 -3.142696805273348 2.99482660892636e-14 -2.810913475704901 -1.972026594366338 -1.666666666666351 1.290994448735657 0.7453559924998676 1.972026594366346 -1.66666666666636 -1.29099444873566 0.7453559924998713 0 0 0 0 -2.78886675511331 -2.35702260395472 1.825741858350348 1.054092553389375 2.78886675511331 3.928371006592021 -1.825741858350327 6.675919504799254 0 0 0 0 0 0 0 0 0 0 0 0 0 0 0 0 -3.944053188732713 -3.333333333332737 2.581988897471328 1.490711984999746 13.14684396244513 1.77635683940025e-15 -5.163977794942498 -7.771561172376096e-16 -3.944053188732713 3.333333333332737 2.581988897471328 -1.490711984999746 0 0 0 0 0 0 0 0
1.110223024625157e-16 4.329869796038111e-15 1.113258790708116e-15 -1.892854362833818e-15 1.46297904346504e-14 -2.434322477800745 1.210143096841421e-14 -2.177324215807197 -1.527525231651897 -1.290994448735651 0.9999999999999539 0.5773502691896177 1.527525231651895 -1.290994448735652 -0.999999999999939 0.5773502691896136 0 0 0 0 -2.160246899469224 -1.825741858350341 1.414213562373034 0.8164965809277169 2.160246899469375 -6.694386813952041 -1.414213562373042 -3.538151850686673 0 0 0 0 0 0 0 0 0 0 0 0 0 0 0 0 -3.055050463303823 -2.581988897471328 1.99999999999992 1.154700538379244 8.881784197001252e-16 5.163977794942726 1.77635683940025e-15 -16.16580753730937 3.055050463303823 -2.581988897471328 -1.99999999999992 1.154700538379244 0 0 0 0 0 0 0 0
1.27675647831893e-15 -7.251144129583054e-16 -6.665674956440881e-16 -2.115468173899404e-15 -5.749090439821636e-15 1.405456737852668 -1.543903893619358e-15 1.257078722109422 0.8819171036881979 0.7453559924998656 -0.5773502691896186 -0.3333333333333398 -0.8819171036881764 0.745355992499846 0.5773502691896106 -0.3333333333333314 0 0 0 0 1.247219128924653 1.054092553389373 -0.8164965809277179 -0.4714045207910423 -1.247219128924651 -1.756820922315983 0.8164965809276715 -2.985561965009865 0 0 0 0 0 0 0 0 0 0 0 0 0 0 0 0 1.763834207376413 1.490711984999747 -1.154700538379244 -0.6666666666666845 22.34189996010094 0 16.16580753730941 6.661338147750939e-16 1.763834207376413 -1.490711984999747 -1.154700538379244 0.6666666666666845 0 0 0 0 0 0 0 0
1.110223024625157e-16 -5.162537064506978e-15 -7.756816022830293e-15 1.965116437629977e-16 1.132340748943861e-15 -1.235990476633475e-16 -9.953843305154919e-15 -1.155060205468295e-14 0 0 0 0 2.847722058163527e-14 5.258737584977556 3.252953462151709e-14 4.703557886336971 0 0 0 0 0 0 0 0 3.299831645537142 10.22584476874973 -2.16024689946924 5.404616225340047 -3.299831645537183 2.788866755113308 2.16024689946923 -1.247219128924655 0 0 0 0 0 0 0 0 0 0 0 0 0 0 0 0 4.666666666666641 3.944053188732714 -3.055050463303823 -1.763834207376413 0 -13.14684396244509 0 -22.34189996010076 -4.666666666666641 3.944053188732714 3.055050463303823 -1.763834207376413 0 0 0 0
-2.808864252301646e-14 -1.898481372109018e-14 1.549281536394886e-14 2.762422452243229e-14 -2.229726819846789e-14 -2.543538296650993e-14 -1.734723475976807e-14 6.474475903323063e-15 0 0 0 0 -8.163608677946854e-15 4.444444444444196 1.140754157802348e-14 3.975231959999201 0 0 0 0 0 0 0 0 2.78886675511331 -3.928371006592023 -1.825741858350327 -6.675919504799254 -2.78886675511331 2.35702260395472 1.825741858350348 -1.054092553389375 0 0 0 0 0 0 0 0 0 0 0 0 0 0 0 0 -3.944053188732713 -3.333333333332737 2.581988897471328 1.490711984999746 13.14684396244513 1.77635683940025e-15 -5.163977794942498 -7.771561172376096e-16 -3.944053188732713 3.333333333332737 2.581988897471328 -1.490711984999746 0 0 0 0
1.110223024625157e-16 3.080868893334809e-15 4.70760583293206e-15 -1.381815668832775e-16 -1.621099088300326e-15 -7.003946034256359e-16 6.25888230132432e-15 7.535042468448383e-15 0 0 0 0 -2.317590563905014e-15 -3.442651863295517 -2.05391259555654e-14 -3.079201435677897 0 0 0 0 0 0 0 0 -2.160246899469375 -6.694386813952041 1.414213562373041 -3.538151850686673 2.160246899469224 -1.825741858350341 -1.414213562373034 0.8164965809277169 0 0 0 0 0 0 0 0 0 0 0 0 0 0 0 0 -3.055050463303823 -2.581988897471328 1.99999999999992 1.154700538379244 8.881784197001252e-16 5.163977794942726 1.77635683940025e-15 -16.16580753730937 3.055050463303823 -2.581988897471328 -1.99999999999992 1.154700538379244 0 0 0 0
1.27675647831893e-15 1.203898092327904e-15 5.061055741162335e-16 6.644261963534293e-16 -6.819631664933823e-16 -8.710480253748543e-16 -1.313185671314443e-15 -1.273287031366976e-15 0 0 0 0 -2.164761425671458e-14 -1.987615979999881 -8.493206138382448e-15 -1.777777777777784 0 0 0 0 0 0 0 0 -1.247219128924655 1.756820922315981 0.8164965809276719 2.985561965009865 1.247219128924653 -1.054092553389373 -0.8164965809277179 0.4714045207910423 0 0 0 0 0 0 0 0 0 0 0 0 0 0 0 0 1.763834207376413 1.490711984999747 -1.154700538379244 -0.6666666666666845 22.34189996010094 0 16.16580753730941 6.661338147750939e-16 1.763834207376413 -1.490711984999747 -1.154700538379244 0.6666666666666845 0 0 0 0
1.110223024625157e-16 -5.273559366969494e-15 -1.153157430655583e-14 -1.118327435864486e-14 1.114993514184093e-15 2.396954162930953e-15 4.829470157119431e-15 -1.728597733702264e-15 0 0 0 0 -2.80331313717852e-14 5.258737584977556 -3.241851231905457e-14 4.703557886336971 0 0 0 0 0 0 0 0 3.299831645537183 2.788866755113308 -2.16024689946923 -1.247219128924655 -3.299831645537142 10.22584476874973 2.16024689946924 5.404616225340047 0 0 0 0 0 0 0 0 0 0 0 0 0 0 0 0 0 0 0 0 4.666666666666641 3.944053188732714 -3.055050463303823 -1.763834207376413 0 -13.14684396244509 0 -22.34189996010076 -4.666666666666641 3.944053188732714 3.055050463303823 -1.763834207376413
-2.808864252301646e-14 -2.964295475749168e-14 -5.185088469694676e-15 2.115023651008685e-14 2.232502377408352e-14 1.865087945196464e-14 -2.256528297550631e-14 -1.229870155369794e-14 0 0 0 0 -8.219119829178112e-15 -4.444444444444195 1.124100812432971e-14 -3.975231959999199 0 0 0 0 0 0 0 0 -2.78886675511331 -2.35702260395472 1.825741858350348 1.054092553389375 2.78886675511331 3.928371006592021 -1.825741858350327 6.675919504799254 0 0 0 0 0 0 0 0 0 0 0 0 0 0 0 0 0 0 0 0 -3.944053188732713 -3.333333333332737 2.581988897471328 1.490711984999746 13.14684396244513 1.77635683940025e-15 -5.163977794942498 -7.771561172376096e-16 -3.944053188732713 3.333333333332737 2.581988897471328 -1.490711984999746
1.110223024625157e-16 3.191891195797325e-15 7.372141092032436e-15 6.844080423923371e-15 -1.690488027339399e-15 -2.563487616624727e-15 -3.164135620181696e-15 9.812571762080058e-16 0 0 0 0 2.386979502944087e-15 -3.442651863295517 2.07334149848748e-14 -3.079201435677898 0 0 0 0 0 0 0 0 -2.160246899469224 -1.825741858350341 1.414213562373034 0.8164965809277169 2.160246899469375 -6.694386813952041 -1.414213562373042 -3.538151850686673 0 0 0 0 0 0 0 0 0 0 0 0 0 0 0 0 0 0 0 0 -3.055050463303823 -2.581988897471328 1.99999999999992 1.154700538379244 8.881784197001252e-16 5.163977794942726 1.77635683940025e-15 -16.16580753730937 3.055050463303823 -2.581988897471328 -1.99999999999992 1.154700538379244
1.27675647831893e-15 1.06512021424976e-15 2.771220752872949e-16 7.156005388947451e-16 5.444863310222203e-16 2.955535122195485e-16 -1.4883927423881e-15 -1.549975425785277e-15 0 0 0 0 -2.145332522740517e-14 1.98761597999988 -8.090750291955828e-15 1.777777777777784 0 0 0 0 0 0 0 0 1.247219128924653 1.054092553389373 -0.8164965809277179 -0.4714045207910423 -1.247219128924651 -1.756820922315983 0.8164965809276715 -2.985561965009865 0 0 0 0 0 0 0 0 0 0 0 0 0 0 0 0 0 0 0 0 1.763834207376413 1.490711984999747 -1.154700538379244 -0.6666666666666845 22.34189996010094 0 16.16580753730941 6.661338147750939e-16 1.763834207376413 -1.490711984999747 -1.154700538379244 0.6666666666666845
0 2.160246899469263 -1.092181900474998e-14 3.299831645537147 -2.494315518020152e-14 2.788866755113271 1.564026685940689e-14 -1.247219128924639 -2.333333333333298 1.972026594366336 1.527525231651902 -0.8819171036881996 2.33333333333327 1.972026594366314 -1.527525231651879 -0.8819171036881895 -3.299831645537183 2.788866755113308 2.16024689946923 -1.247219128924655 0 0 0 0 0 0 0 0 3.299831645537142 10.22584476874973 -2.16024689946924 5.404616225340047 -4.666666666666641 3.944053188732714 3.055050463303823 -1.763834207376413 0 0 0 0 0 0 0 0 0 0 0 0 0 0 0 0 0 0 0 0 4.666666666666641 3.944053188732714 -3.055050463303823 -1.763834207376413 0 -13.14684396244509 0 -22.34189996010076
-2.808864252301646e-14 1.825741858350337 -3.922383251531159e-14 2.78886675511327 -4.163336342344337e-15 2.357022603954706 1.228184220991579e-14 -1.054092553389367 -1.972026594366338 1.666666666666351 1.290994448735657 -0.7453559924998676 1.972026594366346 1.66666666666636 -1.290994448735661 -0.7453559924998713 -2.78886675511331 2.35702260395472 1.825741858350348 -1.054092553389375 0 0 0 0 0 0 0 0 2.78886675511331 -3.928371006592023 -1.825741858350327 -6.675919504799254 -3.944053188732713 3.333333333332737 2.581988897471328 -1.490711984999746 0 0 0 0 0 0 0 0 0 0 0 0 0 0 0 0 0 0 0 0 -3.944053188732713 -3.333333333332737 2.581988897471328 1.490711984999746 13.14684396244513 1.77635683940025e-15 -5.163977794942498 -7.771561172376096e-16
1.110223024625157e-16 -1.414213562373055 7.284537556495607e-15 -2.160246899469202 1.454478898432754e-14 -1.825741858350318 -1.00301711380979e-14 0.8164965809277065 1.527525231651897 -1.290994448735651 -0.9999999999999539 0.5773502691896177 -1.527525231651895 -1.290994448735652 0.9999999999999392 0.5773502691896137 2.160246899469224 -1.825741858350341 -1.414213562373034 0.8164965809277169 0 0 0 0 0 0 0 0 -2.160246899469375 -6.694386813952041 1.414213562373041 -3.538151850686673 3.055050463303823 -2.581988897471328 -1.99999999999992 1.154700538379244 0 0 0 0 0 0 0 0 0 0 0 0 0 0 0 0 0 0 0 0 -3.055050463303823 -2.581988897471328 1.99999999999992 1.154700538379244 8.881784197001252e-16 5.163977794942726 1.77635683940025e-15 -16.16580753730937
1.27675647831893e-15 -0.8164965809277304 1.623701173514291e-15 -1.247219128924645 6.050715484207103e-15 -1.054092553389361 -1.297573160030652e-15 0.4714045207910386 0.8819171036881979 -0.7453559924998656 -0.5773502691896186 0.3333333333333398 -0.8819171036881763 -0.7453559924998457 0.5773502691896103 0.3333333333333313 1.247219128924653 -1.054092553389373 -0.8164965809277179 0.4714045207910423 0 0 0 0 0 0 0 0 -1.247219128924655 1.756820922315981 0.8164965809276719 2.985561965009865 1.763834207376413 -1.490711984999747 -1.154700538379244 0.6666666666666845 0 0 0 0 0 0 0 0 0 0 0 0 0 0 0 0 0 0 0 0 1.763834207376413 1.490711984999747 -1.154700538379244 -0.6666666666666845 22.34189996010094 0 16.16580753730941 6.661338147750939e-16
