# Created from matlab git hash 44e5d814ece930399b58c9298dbb19a28bd9b520
# name: foo
# type: matrix
# rows: 40
# columns: 40
9.930136612990662e-17 -2.727543984612576e-16 6.718543146419701e-17 -3.037666553964126e-17 1.029375762840423e-16 2.022780961470599e-16 -2.56665308255781e-17 -7.92281579135842e-17 -7.973807372757831e-17 1.761481800158529e-16 3.281843746426011e-14 2.068407791142984e-16 3.217315094926462e-14 -3.08771903522376e-16 2.840920702353489e-14 -3.179049035540373e-14 -2.676243251063044e-16 -3.1150909666798e-14 3.515593928335043e-16 -2.737466106666282e-14 1.709786868677572e-14 -2.00586504218842e-14 5.65921499536418e-14 1.366675440292497e-14 2.729406506731114e-14 5.357035120381499e-15 2.056126574825633e-14 4.549920512629417e-14 -1.308376204447034e-14 1.718866427256953e-14 -5.992646915930973e-15 1.943168694347409e-14 -4.436483193323461e-14 -1.310336796989822e-14 -1.717294327190293e-14 -1.696108950476437e-14 -1.993799900012278e-14 -5.564422231600843e-14 1.252748057846939e-14 -2.689600641003631e-14
3.882021421001239e-17 0.8000000000000046 5.037802527524558e-16 -0.5237229365663818 1.208348027769064e-16 -2.392606431098197e-15 -3.783674304641598e-16 -2.774475669796591e-14 3.791083006453412e-16 3.055197587823174e-15 -1.398062960248683e-14 1.670552589815736e-14 -1.70452740556624e-14 6.550365253088238e-15 -1.234590360924291e-14 -1.221209094000882e-14 -1.726262607673821e-14 -1.501501803975509e-14 -7.103794391082642e-15 -1.099751441107266e-14 -2.273542285095225e-14 2.827609601805625e-14 -5.699544204780834e-14 -5.865327453030503e-15 -3.178751362547106e-14 -6.58996829022352e-15 8.414045649348883e-15 -5.273832740919463e-15 4.724827073745224e-15 -4.518614088940141e-15 -8.820698337110897e-15 -8.809144175122847e-15 -5.078595092762065e-15 -3.471571781812086e-15 -5.891355900146088e-15 -2.177034515827302e-14 -2.914233946509566e-14 -5.589613695279313e-14 4.552356124622236e-15 -3.184077116665235e-14
1.788854381999837 -2.078832520713759e-16 0.5714285714285808 2.688944900219977e-16 -1.022202503999963 3.743818411563975e-17 1.731075670750508e-13 -5.018947669090891e-17 1.283169603321844e-14 -2.780010008616462e-17 -5.904309236713246e-14 -2.584176157795781e-14 -7.951883824421899e-15 -1.244675211198429e-14 2.459576128898257e-15 5.879208287968993e-14 -2.551699410584469e-14 7.882053132060651e-15 -1.231776201564918e-14 -2.940204381755102e-15 8.440885128891792e-15 -2.145725027662949e-14 -7.253802558466693e-16 -2.092808966601882e-14 2.274430076560053e-14 1.678023916229868e-14 -5.188653712704199e-14 -7.106314166630288e-14 2.393095617093785e-14 -1.119506770007856e-15 -1.626514018528846e-14 -5.218552047728596e-14 7.091401706075466e-14 2.321588948405333e-14 1.398835940822706e-15 -6.615430774198214e-15 -2.378892883495081e-14 6.167169504901296e-16 -2.101856167336951e-14 -2.365555504370292e-14
-2.380792442078837e-16 2.094891746265534 1.070572202318823e-16 0.5333333333334636 9.214724649976187e-16 -0.4724555912616399 -4.899680105310875e-16 1.17382535378959 -6.795930352480934e-17 -0.8399210511315067 -0.01043989226202116 4.81538780233765e-14 0.02593812086238716 3.136436915969271e-14 -0.01855980846615162 -0.01043989226202163 -4.740547440582527e-14 0.0259381208623861 -3.141413403180473e-14 -0.01855980846615267 -0.0002306912066216773 2.576930164427505e-14 0.0005731569111127764 4.784413739205249e-14 -0.0004101177007732957 -0.0002306912068228037 1.562946224365397e-13 0.0005731569111913964 -1.039763751703606e-13 -0.0004101177008007399 -0.0002306912068194191 -1.542741621051306e-13 0.0005731569111919714 1.023361959364103e-13 -0.0004101177007990894 -0.0002306912066232619 -2.484849103986496e-14 0.0005731569111128334 -4.906374281896522e-14 -0.0004101177007732286
1.313620248687655e-15 -4.49923890018725e-16 2.555506259999766 -5.906382418063626e-16 0.5194805194807358 4.783375639114036e-16 -1.202614232301661 -1.259776380756811e-16 1.574591643243904 -2.932901291242211e-16 0.08286407591999491 -0.0132871356066205 -0.2058774518342957 0.017396944195841 0.1473139127472517 -0.08286407591999483 -0.01328713560662117 0.2058774518342971 0.01739694419584084 -0.1473139127472502 0.002746582031093589 -0.0001468034952204813 -0.006823937919789635 0.000192210893887496 0.004882812500053964 0.0009155273442515817 -0.0001468034955787846 -0.002274645973553085 0.00019221089423345 0.001627604166825879 -0.0009155273442515314 -0.000146803495580158 0.002274645973552695 0.000192210894233066 -0.00162760416682549 -0.002746582031093297 -0.0001468034952190485 0.006823937919788243 0.000192210893888821 -0.004882812500052704
-9.188642293990063e-16 -1.295357200553341e-16 -7.225534599216197e-17 0.9449111825230634 1.051554769476129e-16 0.1298701298701846 3.689656624968606e-16 -3.620300534999588 2.374735062618614e-16 0.8333333333333494 -0.6629126073626874 0.2125941697029902 1.647019614669721 -0.2783511071343605 -1.178511301978965 -0.6629126073626856 -0.2125941697029922 1.647019614669723 0.2783511071343589 -1.178511301978965 -0.02929687499951683 0.002348855922783049 0.0727886711429596 -0.003075374303108233 -0.05208333333334714 -2.068508199890489e-13 0.002348855922210087 -3.40365166827043e-13 -0.003075374303293142 -5.144901240286962e-13 -2.088983816284799e-13 -0.002348855922211907 -3.386858714751987e-13 0.003075374303294726 -5.146818294681749e-13 -0.02929687499951449 -0.002348855922783165 0.07278867114296175 0.003075374303108747 -0.05208333333334603
1.662068609966304e-16 -2.294797376588556e-16 8.249473233020662e-15 3.239364296657264e-16 2.104574906528651 -6.179469201410691e-16 -0.05757575757672972 -4.096910438091096e-16 -3.121507729875831 7.98266046124734e-16 0.6472733202570284 -0.2109267387060909 -1.60816349346069 0.2761679274889039 1.150708124902163 -0.6472733202570302 -0.2109267387060904 1.608163493460686 0.2761679274889037 -1.150708124902166 0.02883640083337806 -0.002330433238942859 -0.07164461387912528 0.003051253347928931 0.05126471259349002 -0.000230691206580092 -0.002330433238269026 0.0005731569114638714 0.003051253348042315 -0.0004101177002508997 0.000230691206579377 -0.002330433238265298 -0.0005731569114655458 0.00305125334804466 0.0004101177002499923 -0.02883640083337945 -0.002330433238941479 0.07164461387912377 0.003051253347930061 -0.05126471259349136
2.00149497475731e-16 -5.721165010464505e-15 -2.178585562348639e-16 -2.347650707579215 -3.202536395694056e-16 2.193476206499597 -3.526771024241851e-16 -0.1164021164023031 -5.332981039360408e-17 -1.871671714499838 0.08235098073291908 -3.787159843320444e-13 -0.2046026565939988 -1.909821091507507e-13 0.146401743525677 0.08235098073291665 3.825132500658652e-13 -0.2046026565940006 1.932106964322927e-13 0.1464017435256738 0.001819716778368801 -8.105699040713284e-14 -0.004521122685342196 -5.019458935944478e-14 0.003235052050821648 0.001819716779463898 -9.009155349936685e-13 -0.00452112268592751 4.950349998749978e-13 0.003235052050885988 0.001819716779465884 9.068161800926873e-13 -0.004521122685934223 -4.971131127259564e-13 0.003235052050883986 0.001819716778369747 8.214333973339492e-14 -0.004521122685340922 5.0340809323431e-14 0.003235052050821867
-6.345137279516351e-16 -2.672032833382376e-16 7.065658731814009e-16 4.078774416263017e-16 -2.755535375678277 2.310702737280311e-16 1.95205821811117 -2.014964135221849e-16 -0.42727272727189 2.759160546337947e-16 -0.1435247896158593 0.02301399395780325 0.3565902067099224 -0.03013239124362803 -0.255155181539717 0.143524789615859 0.0230139939578045 -0.3565902067099228 -0.03013239124362641 0.2551551815397179 -0.004757219625076228 0.0002542711124417381 0.0118194071846433 -0.0003329190340482059 -0.008457279333871364 -0.001585739875888703 0.0002542711131043217 0.003939802395442753 -0.0003329190345244905 -0.00281909311139739 0.001585739875888695 0.0002542711131050303 -0.003939802395444573 -0.0003329190345253121 0.00281909311139618 0.004757219625078571 0.0002542711124404519 -0.01181940718464048 -0.0003329190340484262 0.008457279333873451
-1.475685803277383e-16 9.521075572847745e-16 -1.011095968853319e-16 1.679842102263347 4.084563689322968e-16 -0.4166666666667563 5.36746844026649e-17 1.035216656249954 1.940063419393148e-16 -0.7407407407406525 -0.009207119546598018 -1.702141341808934e-16 0.02287527242601702 1.199372404357761e-14 -0.01636821252753044 -0.00920711954659951 -3.271426859611019e-16 0.02287527242601492 -1.183099962373163e-14 -0.01636821252753215 -0.0002034505207867313 9.915501359489762e-15 0.0005054768829835779 1.75665990547331e-14 -0.0003616898148411825 -0.0002034505209594008 5.970166546840907e-14 0.0005054768829644526 -6.317912003027764e-14 -0.0003616898148963092 -0.0002034505209565312 -6.107452956377366e-14 0.000505476882966157 6.175647815655363e-14 -0.0003616898148948559 -0.0002034505207861319 -1.01636127529924e-14 0.0005054768829841485 -1.774010379819552e-14 -0.0003616898148400175
-2.170968299794582e-15 -3.261533066271523e-15 1.071659701080584e-14 0.02087978452439673 -0.1450121328605128 0.9943689110435733 -0.9656900342537948 -0.1647019614670931 0.2511683818283528 0.0184142390934033 -13.467532467534 -7.204947766737591 -14.32148299875086 2.435696448143823 -11.79166666666819 -2.149422732219554e-17 -6.686516854716846e-18 5.340283712911943e-17 8.75470560638089e-18 -3.82119596839211e-17 -0.4971844555216431 0.05314854242577038 1.235264711000552 -0.06958777678461144 -0.8838834764851721 19.2576112438793 -16.89060678290539 -14.64200437442391 11.09229161930915 6.658588856175526 -1.423680648015843e-20 -7.387627204188374e-20 3.53716300447516e-20 9.672674534106377e-20 -2.530987817382118e-20 -9.356828120092274e-19 -7.38762720534038e-20 2.324722636756688e-18 9.672674533129981e-20 -1.663436110267738e-18
1.71193023861173e-16 4.894715595060114e-15 -9.283077920363465e-15 4.830519547353821e-15 0.02325248731127385 -0.3720397969803612 0.369121792735862 -1.168215086885226e-15 -0.04027448942547334 -7.320067058590804e-15 5.81120377251855 -0.0143939393941778 15.93115770163488 -0.7803769324689547 13.22875655532452 4.816505728252859e-17 1.621429199944052e-17 -1.196670469157377e-16 -2.122949155020468e-17 8.562676850246446e-17 0.4906749363235952 -0.05273168467644446 -1.219091680524852 0.06904198187330798 0.8723109979106918 0.1670382761948602 -0.05273168467659473 -0.4150099337947172 0.06904198187114394 0.2969569354594234 -5.291058944282969e-20 1.791443102343288e-19 1.314574161597315e-19 -2.345549599551823e-19 -9.406327043190894e-20 2.181525503076422e-18 1.791443097923959e-19 -5.420043689267692e-18 -2.345549600403766e-19 3.878267561222463e-18
-3.524919554146885e-15 -2.281114339003129e-15 1.225847824734187e-14 -0.05187624172459524 0.3602855407092883 -2.470529422006561 2.399276179761796 0.40920531318666 -0.6240328617409346 -0.04575054485197131 -12.86803881337429 -15.36067857969216 -13.36243386243505 -4.502343139966213 -12.3936138086244 8.527085926418824e-18 5.896883960791587e-18 -2.118571531235753e-17 -7.720833461547892e-18 1.515926386917436e-17 0.02058774518225374 -8.479883861926778e-13 -0.05115066414945706 -5.481518632897715e-13 0.03660043588063886 18.99425370619347 -16.73320053067774 -14.19328628787954 10.95445115010426 6.361155756217851 -2.178909406016607e-19 6.515197865973718e-20 5.413543941299893e-19 -8.530396394629201e-20 -3.873616721190807e-19 5.947384581404593e-19 6.515197876175204e-20 -1.477639579326799e-18 -8.530396393841891e-20 1.057312814489255e-18
-3.256064005438592e-16 4.567091081766599e-15 -7.51000834544343e-15 3.975770277087646e-15 -0.03044465234282946 0.4871144374853821 -0.4832938731057755 4.643264021272704e-15 0.05273168467656338 -6.290571576357416e-15 -1.623797632096808 0.4880145545277935 3.517959872802327 -0.1068181818179748 13.27905619135864 1.26819006561501e-16 3.969328305393702e-17 -3.150843550115192e-16 -5.197070690720102e-17 2.254560116651091e-16 -0.07176239480727348 0.005753498490098813 0.1782951033555162 -0.007533097810560424 -0.1275775907694618 -8.219639407801285e-13 0.005753498488805229 -9.073633203968989e-13 -0.00753309781125684 -9.134631677110319e-13 6.733285932472239e-20 4.385529629007286e-19 -1.672898338942635e-19 -5.742006137540275e-19 1.197028608698923e-19 5.53732836078807e-18 4.385529628241111e-19 -1.375760292111422e-17 -5.742006136653046e-19 9.844139308280846e-18
-2.555511061861139e-15 -5.056955330240554e-16 7.768231454495558e-15 0.03711961693227651 -0.2577993473076016 1.767766952966452 -1.716782283117952 -0.2928034870526364 0.446521567694881 0.03273642505494094 -12.10416666666583 -13.22875655532478 -11.66689171593615 -12.99038105676621 -10.85185185185121 -6.928953237231802e-18 3.178472596934304e-19 1.721512272393967e-17 -4.16159750628848e-19 -1.231813908844287e-17 -0.00230177988643483 1.114983350942367e-13 0.005718818106543829 -2.198874515770706e-14 -0.004092053131977745 16.96826096858923 -14.96662954709013 -12.64339182256502 9.797958971132893 5.652762196360463 -1.750104035457437e-19 3.511749171007875e-21 4.348168433213274e-19 -4.597959045498325e-21 -3.111296061674633e-19 -1.312089603057448e-19 3.511749254143762e-21 3.259912828234863e-19 -4.597959088441196e-21 -2.332603739128563e-19
3.387453803483168e-15 -2.160766162493427e-15 -1.005410277174003e-14 0.02087978452439586 0.1450121328605111 0.9943689110435726 0.9656900342537957 -0.1647019614670918 -0.2511683818283524 0.01841423909340302 2.535389772945462e-17 -8.835701939936858e-18 -6.299226535281007e-17 1.156864941652661e-17 4.507359596351345e-17 -13.46753246753401 7.204947766737592 -14.32148299875085 -2.435696448143818 -11.7916666666682 1.169056205344391e-18 -9.76216368625106e-20 -2.904543494124716e-18 1.278167258030399e-19 2.078322142861863e-18 -4.856164199654882e-20 -9.762163681976126e-20 1.206523695536086e-19 1.278167258022073e-19 -8.633180795015997e-20 19.2576112438793 16.89060678290539 -14.64200437442392 -11.09229161930916 6.658588856175523 -0.497184455521643 -0.05314854242576751 1.235264711000551 0.06958777678461502 -0.8838834764851716
-4.177074658421435e-16 -5.778536930454225e-15 -9.551380791811337e-15 -2.055495104085807e-15 0.02325248731127465 0.3720397969803598 0.369121792735861 9.104834722870446e-16 -0.0402744894254737 8.809832815960023e-15 -2.253945110918239e-17 3.309745514245858e-18 5.599971650583718e-17 -4.333474099824895e-18 -4.007013530531441e-17 -5.811203772518549 -0.01439393939418464 -15.93115770163488 -0.7803769324689603 -13.22875655532452 -7.261085616974482e-19 3.656786699747932e-20 1.804031225096584e-18 -4.787857707447958e-20 -1.290859665012427e-18 -2.700038587587179e-19 3.656786725608355e-20 6.708299804067619e-19 -4.787857708256201e-20 -4.800068597207726e-19 -0.1670382761948633 -0.05273168467660166 0.4150099337947271 0.06904198187114577 -0.2969569354594187 -0.4906749363235877 -0.05273168467644961 1.219091680524857 0.0690419818733044 -0.8723109979106916
2.868268176054894e-15 -3.436471717037508e-15 -1.162440269712167e-14 -0.05187624172459475 -0.3602855407092889 -2.470529422006563 -2.399276179761798 0.4092053131866612 0.6240328617409363 -0.04575054485197258 -6.039173124763447e-17 2.175830608209895e-17 1.500444626093707e-16 -2.848830988985131e-17 -1.073630777736205e-16 -12.86803881337429 15.36067857969215 -13.36243386243504 4.502343139966215 -12.3936138086244 -2.833700184739651e-18 2.403975903409517e-19 7.040384712171191e-18 -3.147543298395242e-19 -5.037689217327244e-18 1.647375164899275e-19 2.403975902565185e-19 -4.092936502255973e-19 -3.147543298452291e-19 2.928666958536398e-19 18.99425370619346 16.73320053067774 -14.19328628787954 -10.95445115010425 6.361155756217849 0.02058774518225169 8.526612235168712e-13 -0.05115066414945494 5.439904173806595e-13 0.03660043588063778
8.891624943232789e-17 -4.107578002994514e-15 -7.489091142768535e-15 -3.927514051776747e-15 -0.03044465234283018 -0.4871144374853811 -0.4832938731057742 -4.793979729500544e-15 0.05273168467656118 5.879925082140667e-15 -2.644932137191842e-17 5.917171294466546e-18 6.571386727390896e-17 -7.747395816081728e-18 -4.702101577241061e-17 1.623797632096808 0.4880145545277919 -3.517959872802322 -0.1068181818179725 -13.27905619135864 -9.9216551640738e-19 6.53761242044453e-20 2.46505504423639e-18 -8.559743935832382e-20 -1.763849807015409e-18 -1.767403899355286e-19 6.537612437691173e-20 4.391150289556748e-19 -8.559743945578341e-20 -3.14205137363324e-19 8.190086023174379e-13 0.005753498488802449 9.113728818963379e-13 -0.007533097811253417 9.141002209784385e-13 0.0717623948072743 0.005753498490098114 -0.1782951033555205 -0.007533097810556842 0.1275775907694596
1.746977400491146e-15 -2.222392508409222e-15 -7.825666826717686e-15 0.03711961693227829 0.2577993473076026 1.767766952966448 1.71678228311795 -0.2928034870526354 -0.4465215676948796 0.03273642505494125 8.49007608688042e-17 -2.628404806324238e-17 -2.109376362710563e-16 3.44138970913059e-17 1.509346859891194e-16 -12.10416666666583 13.22875655532476 -11.66689171593615 12.9903810567662 -10.8518518518512 3.687116849710217e-18 -2.904004472754114e-19 -9.16071546351086e-18 3.802234374867673e-19 6.554874399616519e-18 6.500213391608016e-20 -2.904004472299347e-19 -1.614990999622135e-19 3.802234375345414e-19 1.155593491431472e-19 16.96826096858922 14.96662954709012 -12.64339182256503 -9.797958971132887 5.652762196360464 -0.002301779886431442 -1.134256607451336e-13 0.005718818106546441 2.021450096865358e-14 -0.004092053131975337
-2.137740151974124e-15 7.535903418870507e-15 -9.560811797599359e-15 0.0004613824133390767 -0.004806518554673518 0.04760742187498576 -0.04677264215246293 -0.003639433557128535 0.008325134344244645 0.0004069010416538695 19.83765977532164 -0.734707417952598 18.93249047064662 0.1166138915631634 16.97516630825264 8.765629157332761e-18 3.60482589189123e-18 -2.177838073473632e-17 -4.719825004802676e-18 1.558334072415332e-17 -29.61688311688744 -17.30959172484165 -13.64267664843972 9.621000970169462 -25.44791666667 -13.50000000000155 11.90588089978846 10.0623058987494 -7.794228634061549 -4.500000000000633 -5.468949066945942e-20 3.982807548442668e-20 1.358771319616578e-19 -5.214719165811847e-20 -9.722576114059365e-20 4.420792293016276e-19 3.982807552163037e-20 -1.098354675734996e-18 -5.214719166834415e-20 7.859186298728091e-19
2.069580353251644e-15 7.14900301268455e-15 -2.156361087553054e-14 2.45905826898642e-14 0.0002569061165005539 -0.004110497864317249 0.004078258167619702 -1.796740200625913e-14 -0.0004449744465762832 -9.440855441877602e-16 16.7444482912397 0.09228044818395861 16.7332005306844 -0.01006862235635095 14.96662954709777 -1.035757180934558e-17 -1.099513916546748e-18 2.573359405299011e-17 1.439601642894587e-18 -1.841346099446228e-17 4.358402829389046 -4.503598484846719 35.61268740862732 6.678769309317994 19.18169700522044 -11.90588089979213 10.49999999999815 8.874119674649805 -6.873863542435235 -3.968626966597478 -1.531120394726217e-19 -1.214802733720772e-20 3.804099203344754e-19 1.590550135565597e-20 -2.721991811777344e-19 -3.046322895323261e-19 -1.214802729523383e-20 7.568650084119154e-19 1.590550129838991e-20 -5.415685147626245e-19
-6.546333553666824e-15 1.39490428385484e-16 1.443495805196905e-14 -0.001146313822081508 0.01194189135934995 -0.1182815906066847 0.1162075637113454 0.009042245370392589 -0.02068396257284219 -0.001010953765871549 -16.08314653726336 1.825395255683733 -14.03983429543568 -0.2897295429511661 -12.66054827688729 -3.80245578178276e-17 -1.02522780733808e-17 9.447277343890827e-17 1.34233829477377e-17 -6.759921389840777e-17 -23.34162150084177 -26.31070839252029 -26.34060846561023 -9.186232374286574 -17.63284530590532 10.06230589874956 -8.874119674647213 -7.499999999999779 5.809475019311947 3.354101966249941 -1.338162806652255e-19 -1.132727397828994e-19 3.324692221052068e-19 1.483088298620436e-19 -2.37895610038331e-19 -1.546647637179664e-18 -1.132727398283383e-19 3.842676948840936e-18 1.483088298130097e-19 -2.74959579947604e-18
-1.753231922173529e-15 1.225156727450289e-15 -6.686642752037754e-16 5.117060973645975e-15 -0.0003363690644200809 0.005381905030616064 -0.005339693359043145 4.940922984199307e-15 0.0005826083096523431 7.247067130067216e-15 -10.90092523315777 -0.1208234682764188 -10.95445115010864 0.01318292116913307 -9.797958971137112 -5.888126024025699e-18 -4.246475301338893e-18 1.462916672172303e-17 5.55994128728621e-18 -1.046777959821854e-17 -1.217848224071636 0.1220036386322373 2.638469904597131 -1.526704545456865 25.5477494116373 7.794228634063347 -6.873863542434699 -5.809475019313195 4.500000000002373 2.598076211354517 1.624856822181975e-19 -4.69173667391411e-20 -4.036989230459052e-19 6.142925288244747e-20 2.888634348520991e-19 -4.227065471721516e-19 -4.691736688523582e-20 1.050222859836626e-18 6.142925293921218e-20 -7.514783060407831e-19
-3.214350612522201e-15 4.108334691675882e-15 -1.349561169128183e-16 0.0008202354014871957 -0.00854492187498789 0.08463541666666069 -0.08315136382661853 -0.006470104101558257 0.01480023883420726 0.0007233796296219661 7.689786245404293 -1.306146520804638 6.251354448574469 0.2073135850011794 5.665038355756671 8.600246632813768e-18 2.784578292165032e-18 -2.136748454912872e-17 -3.645868800674298e-18 1.528932734723495e-17 -21.02604166666511 -23.15032397181806 -20.80526674898207 -22.73316684934068 -18.71296296296201 -4.500000000000385 3.968626966596037 3.354101966249703 -2.598076211353775 -1.500000000000167 -1.826205300334625e-21 3.076553427054535e-20 4.5372435511493e-21 -4.028153988156205e-20 -3.246587206856397e-21 3.819069999160075e-19 3.076553427499342e-20 -9.488555699218423e-19 -4.028153987026689e-20 6.789457776384157e-19
-1.899791812629322e-15 -2.399228904168715e-15 4.477019771498049e-15 0.0004613824133422336 -0.001602172851571137 -0.003662109375005279 0.004094768918410104 -0.003639433557126737 0.002775044781407801 0.0004069010416771667 -0.2485922277609193 -0.251862400825696 -0.04117549036676031 -0.008970299350992444 0.004603559773365014 7.434307206626903e-19 -7.605445482711412e-19 -1.84706847560845e-18 9.957865605589623e-19 1.321654614518865e-18 1.057487944549047e-17 -1.1488901742311e-18 -2.627349921545304e-17 1.504250339637564e-18 1.87997856809234e-17 -24.36688311688499 -1.801236941684389 -16.99677861468871 0.6089241120359987 -14.94791666666857 6.883167403638808e-20 -8.402909451843362e-21 -1.710136690085999e-19 1.100199106896767e-20 1.223674204487247e-19 -3.597636751319994e-20 -8.402909490292573e-21 8.938400369551996e-20 1.100199108679231e-20 -6.395798668055391e-20
-1.600340949024365e-15 4.023294745194085e-15 -2.562833396999574e-15 -5.503173616022285e-15 0.0002569061165267832 -0.004110497864311905 0.004078258167610413 -8.780341338081306e-15 -0.0004449744465761201 -8.930310792682205e-15 0.0930099492450996 0.09228044818397152 -1.091750104400885e-14 -0.01006862235638408 -1.52206922452595e-14 -1.098107613210931e-17 -1.493167343089428e-18 2.728270299735919e-17 1.955014964243863e-18 -1.952191312379534e-17 -1.064502839872637e-17 1.032961432982153e-18 2.644778569263648e-17 -1.352463986231536e-18 -1.892449493184098e-17 13.35868184292189 -6.003598484848512 18.77298888316009 -0.1950942331172339 16.53594569415566 -1.397656528861066e-19 -1.649732432094846e-20 3.472505562820402e-19 2.160006782842335e-20 -2.484722717001987e-19 -3.455339345323002e-19 -1.649732428514344e-20 8.58485962414866e-19 2.160006777909609e-20 -6.142825503111861e-19
-4.687151958700114e-15 9.747659447346021e-16 5.508468939577917e-15 -0.00114631382206129 0.003980630453103253 0.009098583892819876 -0.01017353517078507 0.009042245370371562 -0.006894654190946261 -0.001010953765859452 0.6176323555016866 0.6257571658028379 0.102301328296669 0.02228688791932423 -0.01143763621299282 8.682933374913003e-18 8.233258639657493e-19 -2.157292141162526e-17 -1.077986598115036e-18 1.543632599986736e-17 -3.717556414391948e-18 9.026351469174168e-19 9.236343168588616e-18 -1.181826824882863e-18 -6.608989180853802e-18 -6.571111669593759 -27.50448877732142 -21.17394179894321 -1.125585784991523 -15.02409933215552 1.351376736056303e-19 9.096551576566937e-21 -3.357522492866125e-19 -1.191018180512294e-20 2.402447530111966e-19 2.48597393340147e-19 9.096551598713241e-21 -6.176451894369059e-19 -1.19101817501489e-20 4.419509215101933e-19
1.33039427163763e-15 2.069601977633954e-16 -2.842414450287875e-15 -1.082308678707878e-15 -0.0003363690644106812 0.005381905030623245 -0.005339693359048357 -5.427602644089736e-15 0.0005826083096655688 -5.768658071907088e-15 -0.1217786093713688 -0.1208234682764656 5.368947690889928e-15 0.01318292116914847 -3.720765967655303e-15 -5.183984577239047e-18 -2.006819990587405e-18 1.287971323212997e-17 2.627544146679019e-18 -9.215972581752734e-18 -6.589891580912709e-18 7.146998888652603e-19 1.637271726610706e-17 -9.357618111970686e-19 -1.171536281079676e-17 -8.200178042086575 6.995867181066356 6.688964987509178 -3.026704545454493 16.31014510460347 2.372553990691099e-20 -2.217243781194482e-20 -5.894657784004297e-20 2.903053567585966e-20 4.217873756972066e-20 -2.528274554167334e-19 -2.217243788465085e-20 6.281548631579682e-19 2.903053566665831e-20 -4.494710318484757e-19
-3.17110570091296e-15 -1.182117189235281e-15 4.513297948348269e-15 0.0008202354014963995 -0.002848307291673113 -0.006510416666671554 0.007279589188278868 -0.006470104101558709 0.004933412944728481 0.0007233796296390046 -0.4419417382416037 -0.4477553792456625 -0.07320087176315634 -0.0159471988462424 0.008184106263740849 -2.772461914640365e-17 -5.33223904781272e-18 6.888237006875591e-17 6.981539731387389e-18 -4.928821181591931e-17 6.914288083173264e-18 -9.0613285185774e-19 -1.717868685518464e-17 1.186406395364282e-18 1.229206770331247e-17 -19.52604166666603 -12.56731872755962 -11.48831684273285 -18.83605253231135 -14.87962962962885 -2.452245112534132e-19 -5.891347495705718e-20 6.092651963608653e-19 7.713584518259409e-20 -4.359546864769734e-19 -9.800421265990334e-19 -5.891347485606481e-20 2.434934240009374e-18 7.713584510157676e-20 -1.742297114029236e-18
1.862899667547384e-15 -2.366562934374211e-15 -5.133978582853668e-15 0.0004613824133429011 0.001602172851571509 -0.003662109375004439 -0.004094768918411166 -0.003639433557126702 -0.00277504478140846 0.0004069010416782245 2.116830319251269e-17 -5.416192414315587e-18 -5.259307211871435e-17 7.09146049054556e-18 3.763253900896181e-17 -0.2485922277609174 0.2518624008256987 -0.04117549036676191 0.008970299350990876 0.004603559773365877 8.409513062313456e-19 -5.984103726736766e-20 -2.08936031840387e-18 7.835030939228317e-20 1.495024544451532e-18 9.456436465350326e-20 -5.984103729811262e-20 -2.349470528089173e-19 7.835030942653407e-20 1.681144259749326e-19 -24.36688311688497 1.801236941684393 -16.9967786146887 -0.6089241120360003 -14.94791666666858 -3.002655055263807e-18 -3.104702684808097e-19 7.460156462864211e-18 4.065010018057859e-19 -5.33805343162334e-18
-1.480527944312491e-15 -3.664536207546546e-15 -2.030306661443035e-15 5.361147651318611e-15 0.000256906116526535 0.004110497864311624 0.004078258167611562 7.655673331503438e-15 -0.0004449744465756924 9.089032821323443e-15 -1.504069515472387e-17 5.386110409547745e-18 3.736890754966548e-17 -7.052073900903504e-18 -2.673901360840968e-17 -0.0930099492450986 0.09228044818397338 1.08822803648947e-14 -0.01006862235638389 1.348979050190743e-14 -7.034762698137e-19 5.950867491897453e-20 1.747800844287043e-18 -7.791514495565451e-20 -1.250624479667531e-18 3.876517372515355e-20 5.950867489608648e-20 -9.631284843016953e-20 -7.79151449465575e-20 6.891586437034817e-20 -13.3586818429219 -6.003598484848522 -18.77298888316009 -0.1950942331172374 -16.53594569415566 -3.478921913046986e-18 -5.275640400362553e-19 8.643450985167082e-18 6.907434703699451e-19 -6.184750068306582e-18
4.734991657506631e-15 3.569222892997161e-16 -5.647961880139442e-15 -0.001146313822062774 -0.003980630453103558 0.009098583892818653 0.01017353517078357 0.009042245370370955 0.006894654190945861 -0.001010953765858718 -5.922398575171815e-17 1.999589093360827e-17 1.471431755988946e-16 -2.618076679750386e-17 -1.052870857808941e-16 0.6176323555016834 -0.6257571658028384 0.102301328296671 -0.02228688791932117 -0.0114376362129901 -2.686460210843937e-18 2.209254699305236e-19 6.674564055921781e-18 -2.892593396955212e-19 -4.775929263741712e-18 6.910509000355683e-20 2.20925469878633e-19 -1.716929764670181e-19 -2.892593396873695e-19 1.228534932895337e-19 -6.571111669593761 27.50448877732142 -21.17394179894321 1.125585784991526 -15.02409933215552 9.699969950566631e-18 7.099298474001156e-19 -2.409976909997345e-17 -9.295163607440259e-19 1.72443910237842e-17
1.2155818856797e-15 -1.504318732711621e-15 -2.56433389879058e-15 2.241990619908234e-16 -0.0003363690644104638 -0.005381905030623508 -0.005339693359048031 4.580773523268912e-15 0.0005826083096653539 6.105230521686646e-15 8.110308057550883e-17 -2.501128227006625e-17 -2.015022237237244e-16 3.27474554944724e-17 1.4418325435657e-16 0.1217786093713702 -0.1208234682764693 -2.938126750208373e-15 0.01318292116914799 3.684488398696949e-15 3.515501429022948e-18 -2.763382390966494e-19 -8.734333522786219e-18 3.618116850672905e-19 6.249780318404213e-18 6.878221157790774e-20 -2.763382390278619e-19 -1.708907784226358e-19 3.618116851041658e-19 1.222794872432845e-19 8.200178042086563 6.995867181066362 -6.68896498750919 -3.026704545454494 -16.31014510460349 -9.500489457090707e-18 -8.853107413794917e-19 2.36041558287775e-17 1.159143852987238e-18 -1.688975903495984e-17
2.632090064014157e-15 -9.387861012008462e-16 -4.535385187201659e-15 0.0008202354014959932 0.00284830729167218 -0.006510416666670772 -0.00727958918827985 -0.006470104101557944 -0.00493341294472872 0.0007233796296389966 -4.589529657283057e-17 1.543236578145252e-17 1.140277810935468e-16 -2.020570981307276e-17 -8.159163835173182e-17 -0.4419417382416053 0.4477553792456615 -0.07320087176315812 0.01594719884624302 0.008184106263739983 -2.07749311551423e-18 1.705051639897168e-19 5.161573143524231e-18 -2.232436629246249e-19 -3.693321094298818e-18 4.918840110178716e-20 1.705051639387397e-19 -1.222095650939728e-19 -2.232436629262569e-19 8.744604636592057e-20 -19.52604166666603 12.56731872755963 -11.48831684273285 18.83605253231135 -14.87962962962885 8.641102692445785e-18 9.499921785970449e-19 -2.146899224531522e-17 -1.243831733751696e-18 1.536196034214646e-17
4.403654086202767e-15 9.640970081352129e-15 9.464313678223341e-15 0.0004613824133375071 0.004806518554673524 0.04760742187498881 0.04677264215246296 -0.003639433557126765 -0.008325134344243134 0.00040690104165219 1.785659498611361e-17 -5.065908627063709e-18 -4.436506692849968e-17 6.632831356340749e-18 3.174505775313229e-17 19.83765977532166 0.7347074179525978 18.93249047064664 -0.1166138915631667 16.97516630825265 7.436364971690474e-19 -5.597091162155658e-20 -1.847579731419102e-18 7.328312547118963e-20 1.322020439447068e-18 4.552096556557694e-20 -5.597091162721402e-20 -1.13097748166681e-19 7.328312549207263e-20 8.092616097195803e-20 -13.50000000000156 -11.90588089978846 10.06230589874941 7.794228634061553 -4.500000000000633 -29.61688311688744 17.30959172484165 -13.64267664843972 -9.62100097016946 -25.44791666666999
8.764574833687946e-16 -7.611662625135171e-15 -2.231501332702576e-14 -2.354532124606579e-14 0.0002569061165025936 0.004110497864315393 0.004078258167617733 1.487764303374244e-14 -0.0004449744465778249 1.579102610961493e-15 3.251741652001744e-17 -8.269924163271759e-18 -8.079017087952812e-17 1.082787241987383e-17 5.780874048012881e-17 -16.74444829123971 0.0922804481839586 -16.73320053068438 -0.0100686223563523 -14.96662954709777 1.288365153009311e-18 -9.137061652364906e-20 -3.200968957895528e-18 1.196322189484134e-19 2.29042693876887e-18 1.487152050330973e-19 -9.137061656139418e-20 -3.694858973198481e-19 1.19632219009847e-19 2.643825866124613e-19 11.90588089979212 10.49999999999814 -8.874119674649803 -6.873863542435228 3.968626966597478 -4.35840282938904 -4.503598484846725 -35.61268740862731 6.67876930931798 -19.18169700522045
6.821645991543722e-15 2.09849217118497e-15 -1.420572904438287e-14 -0.00114631382208274 -0.01194189135934985 -0.1182815906066848 -0.1162075637113473 0.009042245370393351 0.0206839625728425 -0.001010953765871728 -1.475911006619672e-17 5.115781866677035e-18 3.666930377273275e-17 -6.698130755124541e-18 -2.623841789547887e-17 -16.08314653726337 -1.825395255683733 -14.03983429543568 0.2897295429511639 -12.66054827688729 -6.786275339130606e-19 5.652193829727815e-20 1.686063663689102e-18 -7.40045886985055e-20 -1.206448949232321e-18 2.63608581893853e-20 5.652193825234335e-20 -6.549407875121741e-20 -7.400458870936186e-20 4.686374785170708e-20 10.06230589874956 8.874119674647211 -7.49999999999978 -5.809475019311948 3.35410196624994 -23.34162150084178 26.3107083925203 -26.34060846561022 9.186232374286574 -17.63284530590533
-1.318645561049789e-15 -5.086399350085544e-16 7.814930081277817e-16 -3.764193901076875e-15 -0.0003363690644209841 -0.005381905030618288 -0.005339693359043797 -3.078369269769251e-15 0.0005826083096520935 -7.41202348537664e-15 -8.534458302037314e-18 2.113691932237419e-18 2.120403212715193e-17 -2.767472364383652e-18 -1.517237031475108e-17 10.90092523315779 -0.1208234682764197 10.95445115010864 0.01318292116913177 9.797958971137117 -3.342269927605231e-19 2.335321715281071e-20 8.303936397184719e-19 -3.057653868865861e-20 -5.941813204679831e-19 -4.294634095534304e-20 2.335321718455641e-20 1.067010419029694e-19 -3.057653869461391e-20 -7.634905052661347e-20 -7.794228634063351 -6.873863542434704 5.809475019313197 4.500000000002373 -2.598076211354518 1.217848224071619 0.1220036386322421 -2.638469904597148 -1.526704545456868 -25.54774941163733
3.315287619987124e-15 3.809845705712086e-15 -2.257148364632567e-16 0.0008202354014877667 0.00854492187498756 0.08463541666666 0.08315136382661903 -0.006470104101559049 -0.0148002388342065 0.0007233796296224009 -2.531202035226728e-17 6.832850800336443e-18 6.288822017282239e-17 -8.94630171565309e-18 -4.499914729296239e-17 7.689786245404296 1.306146520804639 6.251354448574473 -0.2073135850011781 5.665038355756672 -1.030127806544591e-18 7.54930490054494e-20 2.559373112204064e-18 -9.884360327624099e-20 -1.831338322781302e-18 -8.851602077279116e-20 7.549304901805729e-20 2.199198216280158e-19 -9.88436032993208e-20 -1.573618146563832e-19 -4.500000000000387 -3.968626966596038 3.354101966249705 2.598076211353776 -1.500000000000168 -21.0260416666651 23.15032397181806 -20.80526674898209 22.73316684934069 -18.71296296296202
