# Created from matlab git hash e3d28e3d9936e8692f581d15f2e77c245ebc3f89
# name: foo
# type: matrix
# rows: 24
# columns: 24
3.143699702032144e-05 2.001265491460815e-05 2.340387757139487e-05 2.574801558778767e-05 1.795214481699319e-05 -1.173939642428384e-05 -1.9359035452307e-06 2.372590936625783e-06 -2.126760417808649e-06 3.464252899647361e-05 2.681312687856188e-05 -1.553591021966209e-05 -3.486847595356511e-05 3.531732605091939e-05 -5.8335109162009e-06 1.260052923341532e-08 -3.427578529522107e-08 -1.839459718187492e-07 3.947308965715561e-09 -1.326152134626658e-08 -8.352760780562906e-08 4.898254728376854e-05 3.793475182421927e-05 -2.195363822131604e-05
1.209516320966025e-06 4.183030856451352e-05 4.465309773797096e-05 4.027635727072133e-05 3.464589679025109e-05 -1.766533973212167e-05 3.340099524250893e-06 -4.105944539561812e-06 3.653208831132127e-06 6.00065015032737e-05 4.651066092633682e-05 -2.679095289311965e-05 6.056399232406019e-05 -6.132447114681244e-05 1.007623923854194e-05 -2.314628976060399e-08 5.926227100319158e-08 2.590778924501095e-07 -6.354216131016738e-09 2.093727774541677e-08 9.874001072677967e-08 8.487323852947513e-05 6.575276112741458e-05 -3.791068150112109e-05
2.98220038732541e-07 2.238375004977825e-06 5.104223674670603e-05 5.753215474073485e-05 4.012206726177082e-05 -2.606454459793624e-05 -4.274422827111576e-06 5.287844974228058e-06 -4.632557158179633e-06 7.748344788343806e-05 5.999672387552892e-05 -3.462897726508629e-05 -7.859172220900321e-05 7.952792393896003e-05 -1.292697685623252e-05 3.338006579350945e-08 -7.618067172305089e-08 -1.758637393736161e-07 6.913698205463085e-09 -2.160523275487892e-08 -5.163283687005132e-09 0.0001095770346923193 8.486967936757336e-05 -4.896411742907909e-05
-1.329140630761794e-08 -6.158397710455601e-07 3.506832154059984e-06 0.0001020881246165793 4.006480318303762e-06 4.716099993746399e-05 -6.901758568250658e-05 -6.198595358301614e-05 3.724852643416463e-05 7.751457881544909e-05 5.958478830071296e-05 -3.5212134326285e-05 7.914506904614511e-05 -8.001021032281239e-05 1.279007476671656e-05 -0.0001036007859665889 -8.014319479015469e-05 4.624494074717735e-05 1.03353692800628e-07 -3.375613767191114e-07 -1.34581019619449e-06 0.0001094677763677316 8.463407121819287e-05 -4.947107577625876e-05
4.831773644577574e-09 6.463475556325751e-07 -1.449466884229965e-06 4.309937288975366e-05 4.072424280000398e-05 5.202420323293864e-05 -2.628250225953049e-06 4.548714896333407e-06 -3.727177159661349e-06 6.005057253905152e-05 4.604781724621722e-05 -2.742577247129438e-05 -6.14483804090233e-05 6.210016823021198e-05 -9.871801346131403e-06 9.054711938190571e-07 6.186276380082984e-07 -2.738017004749569e-07 1.049581257360405e-07 -3.430534436506007e-07 -1.388613639756555e-06 8.476516458397032e-05 6.549643590610296e-05 -3.845102660174372e-05
8.749836369261756e-09 1.709271600607825e-07 -2.125395598720425e-06 2.326000958330414e-05 -7.432565156639726e-05 7.219796406189325e-05 -6.775154611589958e-05 -4.863147439851991e-05 2.736968487219798e-05 -3.464925139406577e-05 -2.693257406000711e-05 1.533147115427293e-05 -3.516295990735385e-05 3.558244767173174e-05 -5.785536477971501e-06 -9.309428847114041e-05 -7.215615281935711e-05 4.155884612147168e-05 1.890044310523138e-08 -6.278747152090763e-08 -3.380779309291513e-07 -4.903966676681321e-05 -3.801761936093464e-05 2.175595006615503e-05
-1.042335980122282e-08 -1.185458720091614e-06 3.258029490910958e-06 -3.779672177990274e-06 3.062409043232223e-06 2.074121453183512e-06 0.0001060727840416672 -7.696690247829504e-06 4.918413323917345e-05 6.500382170125358e-16 5.183349195119035e-16 -2.751668626972231e-16 4.173983581505256e-05 -0.0001695524869662673 4.957293639198646e-05 7.389351830358602e-05 5.536673196330305e-05 -3.631323539971855e-05 -4.065273352261733e-18 -5.190849086318789e-19 3.38416564606459e-19 9.403240098896661e-16 7.259926311846605e-16 -4.165757353272706e-16
7.875742051434919e-09 9.412477700934193e-07 -2.505522902258898e-06 2.678385647747666e-06 -2.119301571165917e-06 -1.646040444496402e-06 3.169992421304641e-05 4.709888346520034e-05 4.59965918248274e-05 -4.871810725392922e-16 -3.882050759344774e-16 2.055234035839087e-16 -8.485972476983922e-05 9.117166002245416e-05 -1.493247964991502e-05 5.724047860189882e-05 4.244455455457722e-05 -2.900458704270498e-05 2.988501567629661e-18 3.746518546054777e-19 -2.772293079155966e-19 -7.017878357964812e-16 -5.429841633118879e-16 3.113086995891599e-16
4.779654659279016e-09 5.137586334225373e-07 -1.442019304933942e-06 1.756457058427108e-06 -1.441733266323608e-06 -8.994153652879299e-07 1.998572374290612e-05 -6.909995876886908e-05 6.873379834767313e-05 -3.373294327949617e-16 -2.688622482109803e-16 1.42274502421035e-16 -0.0001157099756894735 -9.075942701058259e-08 2.120767968998814e-05 -3.309111795612666e-05 -2.594815192559951e-05 1.38324611537756e-05 2.123874214226801e-18 2.743568104259178e-19 -1.928927220393005e-19 -4.868357041149478e-16 -3.762324096634316e-16 2.160680889636341e-16
-7.23102988669714e-10 1.732389941068387e-08 1.961308776407195e-07 -7.024750614842571e-05 6.16010623031258e-07 -6.344006872506325e-05 5.012891296976179e-05 3.882968901907294e-05 -2.241833140771158e-05 0.0002609512007989482 -3.734682279111086e-05 0.0001164547849399657 3.839930529794081e-24 -8.77651453437759e-25 -8.820549875034733e-24 7.089298858885777e-05 5.491347283350269e-05 -3.170430832256047e-05 -0.0002220018725112596 -0.0001703208662252541 0.0001037571489316493 0.0001538315002283846 0.0001178337500700379 -7.408074545955133e-05
-2.415358281097136e-12 -2.019128701280063e-10 1.296078699117015e-08 5.451811537381197e-05 5.17954810392911e-08 4.871507536258482e-05 -3.851237597156271e-05 -2.983155815214765e-05 1.72232581294887e-05 8.206166165328922e-05 7.382295719030274e-05 0.0001790360198400724 1.561473803357285e-24 7.110109736337878e-25 2.97553432263496e-25 -5.446472441819578e-05 -4.218819412548895e-05 2.435736523497561e-05 2.37618879644348e-06 2.982169846155972e-07 -5.209771066836504e-06 0.0001189045099776862 9.079418047839105e-05 -5.84459821528452e-05
6.447705657454588e-10 -1.556052168096622e-08 -1.757593454450992e-07 3.207325896541121e-05 -5.517617428846812e-07 2.923257674850514e-05 -2.308805450663269e-05 -1.788393012010316e-05 1.032529186901018e-05 9.34355871587357e-05 -0.0002039046094679379 0.0001699736801107306 -8.907042519206396e-24 -8.986699162889517e-25 1.224973638257971e-23 -3.265143981208926e-05 -2.529169652438263e-05 1.460216779661486e-05 -0.000201501582864839 -0.0001562322174666676 8.952881409659749e-05 -6.94333409818426e-05 -5.388222530240989e-05 3.048798637499237e-05
-1.430525946199822e-08 -1.730876415054078e-06 4.681672082557282e-06 -5.223414671198845e-06 4.185916942056255e-06 3.026576411538168e-06 8.780641613030574e-06 -1.097592902465377e-05 8.580681509505572e-06 7.183458210570153e-16 5.751277626503473e-16 -3.052063777382713e-16 0.0002565327858239596 -0.0001622232781361575 5.894819437878253e-05 2.351450734829011e-16 1.881492220301903e-16 -9.993993851570919e-17 -4.355811968586926e-18 -5.366471890177483e-19 3.923029021475855e-19 1.035724138495926e-15 8.014616560826968e-16 -4.624026913274041e-16
1.167268905241633e-08 1.374278405503715e-06 -3.66029028397185e-06 3.917743601075222e-06 -3.101145305502805e-06 -2.40366540026246e-06 -8.279037335521962e-06 9.981110689305818e-06 -6.815100092115951e-06 -5.015063627145066e-16 -4.018089894950641e-16 2.118497284331445e-16 -9.770301833543934e-05 0.0001728122706718081 2.275448265818113e-05 -1.680204565229735e-16 -1.344442690652071e-16 7.112078630784563e-17 3.035155351591718e-18 3.681148610941877e-19 -2.818966474018626e-19 -7.24287859953528e-16 -5.603451411022004e-16 3.221755989801774e-16
6.539522681533704e-09 7.70170141950757e-07 -2.058959356419243e-06 2.226256705996343e-06 -1.767647019685718e-06 -1.347052861759862e-06 -4.466090764958613e-06 5.425472719145346e-06 -3.819289134364437e-06 -4.001682598956511e-16 -3.206491335561616e-16 1.69469101422213e-16 -4.960427397054784e-05 -6.911429671564156e-07 5.924847862556475e-05 -1.336893942343731e-16 -1.076114338741564e-16 5.66683577645086e-17 2.443269637737843e-18 3.05056657993641e-19 -2.163877579879887e-19 -5.806312625761109e-16 -4.468898096522767e-16 2.567577249566795e-16
-9.107877554362428e-11 2.268643360559335e-10 4.690289191812276e-09 -1.990746535793757e-08 1.934931435048097e-08 -2.107830054042758e-10 -5.970418654716959e-05 1.04796710564137e-07 -5.349908237008772e-05 3.884734402288889e-20 3.207872859826692e-20 -1.603415162493574e-20 4.229396144198017e-05 3.276076166198496e-05 -1.891443456440448e-05 0.0002290320551992095 -3.296211448744629e-05 0.0001003920668666278 -5.81440030226881e-22 -1.860720441305167e-22 2.214502505907755e-22 6.112164246034654e-20 4.706496836266446e-20 -2.548041923876971e-20
1.398045141562537e-10 3.595478621097196e-09 1.046187938577567e-08 -7.063581237709813e-08 7.025110768655349e-08 -6.507160677584223e-09 4.443108661280864e-05 3.041620851062764e-07 3.943681100500417e-05 -2.152433317863846e-20 -1.750147904602e-20 8.947214767886282e-21 -3.119161814237141e-05 -2.416092352133267e-05 1.394931569891159e-05 6.692973955968936e-05 6.69773785109326e-05 0.0001558278971740676 2.0305398002317e-22 4.486148784867209e-23 -6.617510188398646e-23 -3.237248278933618e-20 -2.498029568398815e-20 1.397408994407181e-20
5.306580726325187e-11 -1.240432854928104e-09 -4.122165261442969e-09 2.574103636729719e-08 -2.552088955006863e-08 2.042361113575714e-09 3.130044212222029e-05 -1.134416078547803e-07 2.810835167783214e-05 -2.896114504521946e-20 -2.360065323486966e-20 1.214551522470767e-20 -2.221685829732804e-05 -1.720910443811999e-05 9.935681079861109e-06 9.175874419978425e-05 -0.0001989790127684486 0.0001633839428108422 4.493618002181582e-22 1.581829823497507e-22 -1.549687812326817e-22 -4.447201754788624e-20 -3.484891271217272e-20 1.857539962444207e-20
-6.852340391919663e-11 1.45350325445527e-09 1.318049146234001e-08 -9.207785111528905e-05 3.894505382344815e-08 -8.239626296810202e-05 6.513786678003229e-05 5.045557464930751e-05 -2.913053960589542e-05 6.487342117454072e-05 -5.019742876693542e-05 -2.913775719524897e-05 -2.704870165591605e-24 -1.295763073728902e-24 1.331191887960387e-24 9.211885462437369e-05 7.135495796637891e-05 -4.119680418990394e-05 0.000383680295208148 -7.083991694850513e-05 0.0001708493621056917 9.947895051141939e-19 7.595025656717737e-19 -4.52922141670986e-19
4.413681215679688e-11 8.603707807984701e-10 6.454906067983621e-09 6.927293590872015e-05 1.842256626153461e-08 6.194079777361175e-05 -4.896960858790828e-05 -3.793169570625218e-05 2.189987472682402e-05 -4.909807281551087e-05 3.805727037963362e-05 2.189572220689776e-05 -2.198296621106788e-24 -4.037625518553308e-25 2.189964107694842e-24 -6.925348460912199e-05 -5.364351851159122e-05 3.097109985294634e-05 0.0001093763709534288 9.703744878882506e-05 0.0002813026570246552 -1.628006230132556e-19 -1.235526246230799e-19 7.44322754215487e-20
5.531761926762181e-11 -1.432333968797055e-09 -1.20387020401691e-08 4.576094013018453e-05 -3.478376905215846e-08 4.096523621185322e-05 -3.238381406016859e-05 -2.508439450834163e-05 1.448248192185004e-05 -3.214436456102305e-05 2.485048902661868e-05 1.448957712750741e-05 -1.903862465021884e-24 8.20655200562298e-26 2.70068734105828e-24 -4.579762904525901e-05 -3.547469091761397e-05 2.048132235070352e-05 0.0001629472647829173 -0.0003289312729048044 0.0002609686523676567 -8.600141389200349e-19 -6.540082411298479e-19 3.908620959383191e-19
-7.079391023664848e-11 1.341492963305841e-09 2.024821852346041e-08 7.012681429476255e-08 6.719859482755177e-08 -2.465121790912187e-09 -2.267963932231585e-20 -1.770174910261315e-20 1.025691765725301e-20 -0.0002061716661554553 3.516649525852013e-07 -0.0001847393435866266 6.148374316301974e-25 1.006604201809847e-25 -6.636032187782863e-25 -3.208165267400506e-20 -2.523635068343202e-20 1.445856452475119e-20 0.000146043683464644 0.0001131249507754686 -6.531272078228099e-05 0.0005530228032199641 -0.0001123192711386265 0.0002472492714296054
2.037770740891269e-11 3.789865421249115e-10 4.376622264691578e-09 1.470756974372725e-08 1.405987370520693e-08 -6.156685314996012e-10 3.165605401148475e-21 2.481420284787073e-21 -1.410949780176599e-21 0.0001566687732513465 7.258017044734796e-08 0.0001400595910081194 -6.822246504804985e-25 -1.620991236803965e-25 6.302336167718154e-25 4.498675191218237e-21 3.517010786898401e-21 -2.017193375282772e-21 -0.000110728182828042 -8.576968160976171e-05 4.95191487657052e-05 0.0001548638950689163 0.0001313146812576109 0.0004170629313779321
6.115522443649643e-11 -1.236780733235181e-09 -1.822371400029098e-08 -6.290455191865175e-08 -6.026219913977769e-08 2.264477516631999e-09 2.070452528760042e-20 1.606515724398461e-20 -9.295846204082365e-21 9.957934183510925e-05 -3.147596780289218e-07 8.93654444385627e-05 1.749586358053228e-25 5.09338878047345e-26 -2.380786043411744e-26 2.91900327956365e-20 2.290805933688987e-20 -1.311938715243693e-20 -7.064445523549068e-05 -5.472095972578913e-05 3.159316082799952e-05 0.0002388292951792664 -0.0004685010816988172 0.0003655192895083163
