# Created from matlab git hash 44e5d814ece930399b58c9298dbb19a28bd9b520
# name: foo
# type: matrix
# rows: 64
# columns: 64
0.2500000000000001 0.2886751345948128 0.1397542485937365 -6.83768072802983e-16 -3.568300118001029e-16 -3.286222005069482e-16 0.03608439182435354 -6.729133979899846e-16 0 0 0 0 4.720910041832884e-18 -2.612224581045424e-16 3.830316733061408e-17 -4.403016553760223e-16 0 0 0 0 0 0 0 0 6.538559497646353e-20 -8.629593738712612e-17 1.638659289600233e-17 -1.766495421310606e-16 -1.784706581384047e-17 -9.496955476701026e-17 -3.164000672928627e-17 -1.488939665154312e-16 0 0 0 0 0 0 0 0 0 0 0 0 0 0 0 0 -1.529957579398103e-18 -3.236128578692755e-17 1.071859647128863e-19 -5.69376738934895e-17 -1.162636351252848e-18 -3.461640771048402e-17 1.158949095144976e-18 -4.826405651360532e-17 -9.012318916466376e-18 -3.510283401853101e-17 1.202287867885385e-18 -4.479460956165163e-17 -5.189772269440966e-18 -3.421929139239075e-17 -5.118523774584115e-18 -2.397792784992952e-17
0.2886751345948132 0.3750000000000002 0.2581988897471613 0.0954703269782463 -3.099590812024247e-16 -0.01075828707280338 3.403729740781205e-15 0.01202813060811618 0 0 0 0 -1.02792349149262e-16 -1.809762084091288e-16 1.256001935069802e-15 -3.66344925126424e-16 0 0 0 0 0 0 0 0 -2.263700817822275e-17 -3.854650493223365e-17 1.99341141806359e-16 -7.396230069620075e-17 1.710460048863922e-18 -1.076946773588943e-16 1.143627741504384e-16 -2.42189801166785e-16 0 0 0 0 0 0 0 0 0 0 0 0 0 0 0 0 -3.578845969425125e-18 -7.81968499771036e-18 3.843867420044603e-17 -1.263276604221287e-17 -7.974112971430453e-18 -2.758485419534033e-17 4.810986615960847e-17 -3.770180301272815e-17 -1.410680000499643e-17 -3.377853137888943e-17 2.480517540026914e-18 -1.005702631921048e-16 -8.843808643337817e-18 -5.840096143816286e-17 2.41102785344187e-17 -1.865771424927188e-16
0.1397542485937367 0.2581988897471615 0.3125000000000018 0.2535462764185577 0.03169328455232138 -1.244450656329361e-14 -0.1129620142643814 -2.650970053055193e-15 0 0 0 0 -1.758287701348335e-16 -2.203061615283755e-15 2.421099004776575e-15 -3.988149896927675e-16 0 0 0 0 0 0 0 0 -2.143402421721306e-17 -1.313990196472697e-16 2.411460646699067e-16 9.491275087204207e-17 -7.270583925573831e-17 -2.725342654766936e-16 7.507566684662308e-16 -1.157609322285672e-16 0 0 0 0 0 0 0 0 0 0 0 0 0 0 0 0 -1.063076630860171e-18 1.836536465367563e-17 2.208049262105689e-17 6.074686439692716e-17 -9.53131149258314e-18 5.056512517358743e-18 5.00776439265467e-17 6.154354151154259e-18 -1.289898077622483e-17 -2.615980969201108e-17 8.304865694095365e-17 -1.937599340648382e-17 2.700224610534615e-17 -1.066079594524398e-16 1.440789837243535e-16 -1.309808210134323e-16
2.021544927567395e-16 0.09547032697824646 0.2535462764185555 0.3281250000000044 0.1250000000000134 0.07747247335010497 -0.2182178902359937 -0.06889977372564668 0 0 0 0 0.01104854345604565 -6.336726531196634e-15 -0.01928791874526861 -1.161030069498223e-15 0 0 0 0 0 0 0 0 0.0004882812500005145 -2.095537510342926e-16 -0.0008524136337354233 7.185414177769971e-17 0.0004882812500003862 -8.543843953173926e-16 -0.0008524136337342293 -1.151744120233335e-16 0 0 0 0 0 0 0 0 0 0 0 0 0 0 0 0 2.15791864376166e-05 2.075951129122723e-18 -3.767171629946833e-05 2.136065637029577e-17 2.15791864376106e-05 -1.310221314509222e-17 -3.76717162994103e-05 5.68678058654912e-17 2.157918643759827e-05 -7.188666768007338e-17 -3.767171629933092e-05 1.56269946019805e-17 2.157918643762251e-05 -9.972286329449035e-17 -3.767171629919043e-05 -8.351160234744352e-17
9.216036844401698e-17 4.799560325792834e-17 0.03169328455231933 0.1249999999999995 0.25 0.2253744679275922 -0.1227475632577454 -0.1102396379610256 0 0 0 0 0.08838834764832804 -6.540682450052069e-17 -0.1543033499620931 1.371957827361672e-16 0 0 0 0 0 0 0 0 0.003906250000002078 2.263972387149118e-15 -0.006819309069877268 4.315388149116467e-16 0.003906250000002056 -2.301849097630633e-15 -0.006819309069877292 -4.774366783419997e-16 0 0 0 0 0 0 0 0 0 0 0 0 0 0 0 0 0.0001726334915007618 3.111372675484621e-16 -0.0003013737303946574 7.338486451779025e-17 0.0001726334915008112 8.214795550584271e-17 -0.0003013737303950863 -4.2263989311689e-17 0.0001726334915008042 -7.166199549903843e-17 -0.0003013737303950939 1.594585242224712e-17 0.0001726334915007446 -2.966907482782656e-16 -0.0003013737303946401 -8.454555121020053e-17
1.190136242646062e-16 -0.01075828707279809 5.122829006489968e-16 0.07747247335011401 0.2253744679276041 0.2083333333333243 -0.08606629658238742 -0.09316949906249197 0 0 0 0 0.08715208609730904 1.506798677694423e-15 -0.1521451548625473 2.735308980829664e-16 0 0 0 0 0 0 0 0 0.003851614442124176 2.354040721327857e-15 -0.006723929420501374 4.701972981275403e-16 0.00385161444212424 -2.152186712028105e-15 -0.006723929420501616 -4.320150513424398e-16 0 0 0 0 0 0 0 0 0 0 0 0 0 0 0 0 0.0001702189181589323 3.199634415389943e-16 -0.0002971585055908224 7.831502000189375e-17 0.0001702189181589588 6.974042940528427e-17 -0.0002971585055912812 -3.03305622315695e-17 0.0001702189181589602 -8.572491910172288e-17 -0.0002971585055912819 4.219987820055223e-17 0.000170218918158917 -3.076307339267272e-16 -0.0002971585055909002 -4.80272818276146e-17
0.03608439182435162 -5.271364180428392e-17 -0.112962014264383 -0.2182178902359922 -0.1227475632577469 -0.0860662965823716 0.1874999999999983 0.09622504486493839 0 0 0 0 -1.480177710078533e-16 8.501075159129983e-15 6.193634377878117e-16 1.747887762190918e-15 0 0 0 0 0 0 0 0 -6.198327631996537e-17 7.788390051941172e-16 8.787048408535537e-16 1.953203881526285e-16 3.814207301520836e-17 7.473058670667228e-16 -7.146487845134556e-16 1.080265894657558e-16 0 0 0 0 0 0 0 0 0 0 0 0 0 0 0 0 -1.7735024853288e-17 1.003608053607337e-16 2.212371399676575e-16 7.692705639098367e-17 -1.045640295275213e-17 4.666841092565737e-17 8.454118056195443e-17 -2.83332631600097e-17 3.04906555323045e-18 4.362534762817087e-17 -5.616274513556636e-17 -3.443980622055738e-18 1.6282205467025e-17 6.468912590602965e-17 -2.015747723182059e-16 5.393256058201421e-17
2.050771362715323e-16 0.01202813060811786 -3.614220591537635e-17 -0.06889977372564411 -0.1102396379610362 -0.09316949906249393 0.09622504486494192 0.08854166666667161 0 0 0 0 -0.009743899444729191 5.829262225928764e-15 0.0170103454360033 1.390510744093732e-15 0 0 0 0 0 0 0 0 -0.0004306235857857395 3.252946744747914e-16 0.0007517581630087397 2.11616785505773e-16 -0.0004306235857856384 7.533517696814456e-16 0.0007517581630076886 1.516119206666284e-16 0 0 0 0 0 0 0 0 0 0 0 0 0 0 0 0 -1.90310536030159e-05 6.947829669752647e-17 3.322333092987588e-05 1.108309963770713e-16 -1.90310536030117e-05 3.841059106534265e-17 3.322333092982575e-05 1.763526406483309e-17 -1.903105360299759e-05 5.17334171877179e-17 3.322333092972707e-05 -4.95495036666564e-17 -1.903105360299153e-05 9.178800676391721e-17 3.322333092959184e-05 2.210908428301846e-17
-1.416102408053707e-17 -3.189233164110336e-17 -4.794415135621035e-17 -4.925964918437216e-17 -1.65716576234589e-17 -9.717424070648573e-18 2.8658699400608e-17 7.553472986507032e-18 0 0 0 0 -2.064732234701701e-18 6.476119809784148e-31 3.604492097270622e-18 1.679885510046882e-31 0 0 0 0 0 0 0 0 -9.124913528086605e-20 -5.749116533589617e-32 1.592975502947768e-19 -1.890029097790112e-32 -9.124913528071398e-20 6.551721338811668e-32 1.592975502947749e-19 -1.82311837749848e-32 0 0 0 0 0 0 0 0 0 0 0 0 0 0 0 0 -4.032680145908641e-21 4.850281933409073e-33 7.04002362751286e-21 1.550502482334061e-32 -4.032680145904741e-21 4.819929684544763e-33 7.040023627482072e-21 -1.841761587670492e-32 -4.032680145892748e-21 5.976856236842738e-32 7.040023627522011e-21 -7.795524001896875e-32 -4.032680145946773e-21 1.244127590456823e-33 7.040023627556837e-21 -1.618053904590159e-32
-1.047335579542325e-17 7.344165868924317e-18 4.935071144106749e-17 7.923659167011377e-17 4.009215959076359e-17 2.782177329817162e-17 -5.981961912966184e-17 -2.499053207844858e-17 0 0 0 0 3.813469829775709e-18 2.954289521027117e-30 -6.657338725859334e-18 -7.309802090359505e-30 0 0 0 0 0 0 0 0 1.685331485301238e-19 -2.673651309237286e-31 -2.94215584859496e-19 7.436757259882323e-31 1.685331485325398e-19 -6.662150680330916e-31 -2.942155848571635e-19 8.110767293616574e-31 0 0 0 0 0 0 0 0 0 0 0 0 0 0 0 0 7.448183261680773e-21 -1.324014269088177e-31 -1.300261469903251e-20 -2.43607043341057e-31 7.448183260660356e-21 -8.24796605830675e-31 -1.300261469945182e-20 7.754178160103716e-31 7.448183260874937e-21 -1.183437190274724e-30 -1.300261469831071e-20 1.33071901438815e-30 7.448183261668815e-21 -1.180954693332318e-30 -1.300261470016525e-20 9.828968325481034e-31
4.974231462570214e-17 8.231010925699268e-17 8.750277113035012e-17 6.253107502233507e-17 -5.701872768128049e-19 -8.249097295402656e-18 -2.504076615006803e-17 2.293658036797079e-18 0 0 0 0 -4.3210612123582e-18 -3.591711082362771e-31 7.54346289072862e-18 -3.933922653344509e-31 0 0 0 0 0 0 0 0 -1.909657303235119e-19 1.253485506128474e-31 3.333771102285577e-19 7.372385899756598e-33 -1.909657303241948e-19 3.120832613306167e-31 3.333771102280639e-19 2.087876885637817e-31 0 0 0 0 0 0 0 0 0 0 0 0 0 0 0 0 -8.439572680374325e-21 -6.532483527805699e-32 1.473332595833496e-20 -1.065105506951033e-31 -8.439572680405293e-21 -3.256743803833379e-32 1.473332595850607e-20 7.19292217237144e-32 -8.439572680457e-21 -2.641611006204986e-31 1.473332595828512e-20 4.059940697647083e-31 -8.43957268018477e-21 5.836535942209908e-32 1.473332595798567e-20 1.422080712270795e-31
1.752606072838645e-17 1.784051154434181e-17 -4.648258434170892e-18 -4.053297527559463e-17 -7.028755414841503e-17 -6.276835427758696e-17 3.930260930673674e-17 3.021145878698044e-17 0 0 0 0 -2.492298947357366e-17 1.095206842064466e-31 4.350913745037207e-17 -3.442438880636084e-32 0 0 0 0 0 0 0 0 -1.101450929013261e-18 -6.365717422199539e-31 1.92285038342157e-18 -1.434139423011944e-31 -1.101450929013212e-18 6.942923889594956e-31 1.922850383421272e-18 1.085526004686923e-31 0 0 0 0 0 0 0 0 0 0 0 0 0 0 0 0 -4.867771381560957e-20 -9.262643719051693e-32 8.497878408273547e-20 -2.794408420990014e-32 -4.867771381561045e-20 -4.885065130476663e-32 8.497878408288701e-20 5.777098789842178e-32 -4.8677713815613e-20 2.297599551178612e-33 8.497878408280031e-20 -1.26216671284784e-31 -4.867771381564508e-20 2.146341112020359e-31 8.497878408264222e-20 -1.452969749797216e-32
-1.301455176899653e-17 4.250177950495641e-17 6.247982463633772e-17 0.01104854345603956 0.08838834764831778 0.08715208609729783 4.199954396711516e-17 -0.009743899444723926 0 0 0 0 0.5 0.2253744679275921 4.509365456897869e-17 -0.1102396379610256 0 0 0 0 0 0 0 0 -0.04419417382416401 3.615794215035396e-17 0.07715167498104654 2.198597586707153e-17 0.04419417382416396 -7.085241166988667e-17 -0.07715167498104657 -6.361933929052209e-17 0 0 0 0 0 0 0 0 0 0 0 0 0 0 0 0 -0.001953125000001037 -1.12810430520386e-15 0.003409654534938652 -2.162445125160127e-16 -0.001953125000001046 1.13814981678467e-15 0.003409654534938644 3.021594661829651e-16 0.001953125000001039 1.120948570865456e-15 -0.003409654534938624 2.544084289875001e-16 0.00195312500000104 -1.148558157640532e-15 -0.003409654534938655 -2.882816783751526e-16
4.204719740237555e-17 7.345175689973686e-17 1.180654800240872e-16 2.932488412886562e-16 -7.21317989207561e-18 -8.024698190428004e-17 -3.879002658005248e-16 -2.588444527948978e-16 0 0 0 0 0.2253744679276042 0.5000000000000001 -0.08606629658238747 -8.789481994992389e-17 0 0 0 0 0 0 0 0 0.04357604304865455 -7.092300470707456e-16 -0.07607257743127367 -1.817828253748782e-16 0.04357604304865467 8.201438140074558e-16 -0.07607257743127364 1.071551097774758e-16 0 0 0 0 0 0 0 0 0 0 0 0 0 0 0 0 0.001925807221062106 1.054542488753929e-15 -0.003361964710250814 1.983429339408249e-16 0.001925807221062081 -1.196367206365736e-15 -0.003361964710250689 -2.127617245155682e-16 0.001925807221062084 1.188200697061556e-15 -0.003361964710250645 2.768034134732352e-16 0.001925807221062109 -1.056782422181192e-15 -0.003361964710250836 -2.028460136343904e-16
-1.471015677216413e-17 -8.139930532346973e-17 3.226466904961296e-17 -0.01928791874526098 -0.1543033499620914 -0.1521451548625437 -4.319427777270449e-18 0.01701034543599458 0 0 0 0 -1.412237189647093e-17 -0.08606629658237153 0.5 0.0962250448649383 0 0 0 0 0 0 0 0 1.58870023782652e-17 4.247556338151868e-15 -2.760129681878349e-16 9.169328262493332e-16 -1.911660966493883e-17 4.26783347139463e-15 2.563222552150701e-16 8.982743871410522e-16 0 0 0 0 0 0 0 0 0 0 0 0 0 0 0 0 -2.68789098804426e-17 3.646075332400407e-16 3.410718489850372e-16 5.552503834425188e-17 4.676351911398954e-17 3.783258247534177e-16 -4.522844836282801e-16 1.03824455664897e-16 -4.599623606399334e-17 3.588482494909461e-16 4.723874613972238e-16 1.147875561692804e-16 4.24960913344482e-17 3.665874569053227e-16 -3.492303315449745e-16 5.057376361010904e-17
1.668335809412773e-16 1.257430152503634e-16 1.183463917156188e-18 -6.786521652663814e-17 5.94744258434736e-17 5.010281114368993e-17 3.395311794964653e-17 -3.220907040915496e-17 0 0 0 0 -0.1102396379610363 6.206550383759877e-18 0.09622504486494191 0.5000000000000001 0 0 0 0 0 0 0 0 -0.00487194972236462 -2.937808199644927e-15 0.008505172718001696 -7.075883658899915e-16 -0.004871949722364595 2.924994877252179e-15 0.008505172718001655 7.130639204322927e-16 0 0 0 0 0 0 0 0 0 0 0 0 0 0 0 0 -0.0002153117928928252 -3.702984479614164e-16 0.0003758790815038443 -5.971029743288938e-17 -0.0002153117928928495 -1.674540513102818e-16 0.0003758790815043648 -1.276972697116065e-16 -0.000215311792892886 1.804669559101249e-16 0.0003758790815043716 1.68180627138193e-16 -0.0002153117928928409 3.453562836239927e-16 0.0003758790815038145 8.123192831179579e-17
2.726231849658595e-18 -4.236603598860178e-19 -8.601807329925492e-18 -1.492086291673704e-17 -1.06848813036808e-17 -8.395859866196008e-18 1.103748534971294e-17 4.910610917667115e-18 0 0 0 0 -2.791429679747297e-18 3.896372571340155e-32 4.873119163652255e-18 2.176738408472162e-31 0 0 0 0 0 0 0 0 -1.233649284847272e-19 -6.32640405612361e-32 2.153634753844557e-19 -3.897474633965263e-32 -1.233649284847663e-19 9.0183761309287e-32 2.153634753843844e-19 -1.645217921765281e-32 0 0 0 0 0 0 0 0 0 0 0 0 0 0 0 0 -5.452011093271796e-21 -4.539758595567437e-33 9.517810866514572e-21 5.889248385473808e-33 -5.452011093244383e-21 2.009980190714442e-32 9.517810866532435e-21 -2.364358855710775e-32 -5.452011093248186e-21 4.364554793174705e-32 9.517810866506549e-21 -5.298243667260245e-32 -5.452011093278388e-21 4.170969817730047e-32 9.517810866550626e-21 -2.920229009041684e-32
5.361983053992557e-18 5.829744882659418e-18 2.050993527386033e-18 -1.345438965034441e-18 -1.628110079340957e-18 -1.441378226170303e-18 1.545586971178066e-18 3.511632671602454e-19 0 0 0 0 -7.859641820389853e-19 4.901114591298027e-31 1.372091564844392e-18 -7.163785768043889e-31 0 0 0 0 0 0 0 0 -3.473503768061182e-20 -2.519587710092585e-32 6.063845311914179e-20 6.467420738975638e-32 -3.473503768040551e-20 1.771136097492698e-33 6.063845311925881e-20 9.68996449797709e-32 0 0 0 0 0 0 0 0 0 0 0 0 0 0 0 0 -1.535086293006189e-21 -2.040081275294458e-32 2.679866337572169e-21 -3.406768071457639e-32 -1.535086293107855e-21 -8.769107321529625e-32 2.679866337546457e-21 8.567057471126588e-32 -1.535086293090274e-21 -1.345180379339194e-31 2.679866337631084e-21 1.422571082866967e-31 -1.535086293000454e-21 -9.116876003574104e-32 2.679866337415912e-21 1.05595150207808e-31
4.554609659788797e-17 6.821004344110701e-17 6.178546065376838e-17 3.4819256251966e-17 -8.475403501591035e-18 -1.241046427490296e-17 -9.166326196867328e-18 5.360392547957949e-18 0 0 0 0 -5.309990745770843e-18 2.608422440885544e-31 9.269879821716835e-18 -1.104762334580856e-30 0 0 0 0 0 0 0 0 -2.346706540233478e-19 -1.499444219387658e-31 4.096746801697896e-19 7.331258124975256e-32 -2.346706540231446e-19 7.250864759693628e-32 4.096746801700485e-19 1.464116417620085e-31 0 0 0 0 0 0 0 0 0 0 0 0 0 0 0 0 -1.03710756752851e-20 -4.613325742625935e-32 1.810523402676138e-20 -5.332284825251151e-32 -1.037107567543182e-20 -1.208919405844453e-31 1.810523402675766e-20 1.098065788278916e-31 -1.037107567541241e-20 -2.036440926226464e-31 1.810523402687849e-20 2.496105300183647e-31 -1.037107567524731e-20 -1.546357001133743e-31 1.810523402655817e-20 1.446513268961846e-31
-5.28936429309401e-18 7.431945335128998e-19 1.387266641474161e-17 1.855200506651397e-17 1.312564568240194e-18 -1.081089083143705e-18 -1.113725894216222e-17 -5.400248716819149e-19 0 0 0 0 -1.09051802585189e-18 -6.663771707775873e-32 1.903764342925273e-18 -2.039097767957797e-31 0 0 0 0 0 0 0 0 -4.819454319285044e-20 -5.664096362656103e-33 8.413529229134059e-20 2.486547458865135e-32 -4.819454319287636e-20 5.324682301263946e-32 8.413529229124668e-20 5.444196112350603e-32 0 0 0 0 0 0 0 0 0 0 0 0 0 0 0 0 -2.129918019232453e-21 -1.276443605772603e-32 3.718289732253644e-21 -1.607058001321192e-32 -2.129918019255358e-21 -3.03884878300347e-32 3.718289732283443e-21 5.072525229243863e-32 -2.12991801925883e-21 -6.794108344193296e-32 3.718289732249626e-21 4.480143022183471e-32 -2.129918019220075e-21 3.283916728316457e-32 3.718289732154133e-21 3.265991011292061e-32
4.97471846967716e-18 5.567287540475155e-18 3.265817862223896e-18 3.120981805222723e-18 7.004083833743179e-18 6.354340862216199e-18 -2.576018439667072e-18 -3.161263312867267e-18 0 0 0 0 2.458958457636347e-18 1.057929294107374e-31 -4.292709814426346e-18 -1.892243847307112e-31 0 0 0 0 0 0 0 0 1.086716375031921e-19 4.439159284642391e-32 -1.897127637155435e-19 2.744512117127074e-32 1.086716375032822e-19 -8.835463131307117e-32 -1.897127637154621e-19 -2.440237304835976e-33 0 0 0 0 0 0 0 0 0 0 0 0 0 0 0 0 4.802653237584367e-21 6.072206847463927e-33 -8.384198856297219e-21 -1.997168542585813e-33 4.802653237558597e-21 -1.95434171065815e-32 -8.384198856326303e-21 1.50447827970152e-32 4.80265323756605e-21 -2.485411685253276e-32 -8.384198856286739e-21 2.239323078823926e-32 4.802653237577379e-21 -4.54810631832118e-32 -8.384198856314528e-21 1.707873774665811e-32
-3.632293216619734e-19 3.720398285397003e-18 1.173692079239117e-17 1.757362714870122e-17 9.805990986560779e-18 7.053339904075662e-18 -1.317718592184037e-17 -5.937979025580602e-18 0 0 0 0 1.214725778820522e-18 4.23761309871039e-32 -2.120599173355674e-18 -7.595087431316935e-31 0 0 0 0 0 0 0 0 5.368380221785424e-20 -4.508903254513049e-32 -9.371812847892506e-20 7.313732903613474e-32 5.368380221814658e-20 -1.237039424427592e-31 -9.371812847863968e-20 5.479980631398295e-32 0 0 0 0 0 0 0 0 0 0 0 0 0 0 0 0 2.372511286798925e-21 -9.35160258178259e-33 -4.141795260466713e-21 -1.731959813649649e-32 2.372511286700307e-21 -8.399928373856071e-32 -4.141795260514546e-21 7.95711301595765e-32 2.372511286724243e-21 -1.049981561268042e-31 -4.141795260392132e-21 8.994074058736882e-32 2.372511286779604e-21 -1.124407999922047e-31 -4.141795260552728e-21 7.716127676803363e-32
1.655279259270193e-18 1.424658423661857e-17 3.525994782607228e-17 4.895195762439715e-17 3.132737834391966e-17 2.392418241912842e-17 -3.40566279366554e-17 -1.468456973651867e-17 0 0 0 0 7.522901110291148e-18 -1.258758654371351e-30 -1.313305286993253e-17 7.831442085460927e-31 0 0 0 0 0 0 0 0 3.324683993304112e-19 2.194311241430234e-31 -5.804044213757121e-19 -5.176907843135226e-32 3.324683993299541e-19 -1.531539439719576e-31 -5.804044213759715e-19 -1.21520865648528e-31 0 0 0 0 0 0 0 0 0 0 0 0 0 0 0 0 1.469316623099971e-20 3.273984118694152e-32 -2.565049388660695e-20 2.334804467688187e-32 1.469316623113478e-20 1.090237963533754e-31 -2.5650493886549e-20 -8.370971989989412e-32 1.469316623109544e-20 9.825061102107404e-32 -2.565049388673245e-20 -1.09744567037528e-31 1.469316623103038e-20 1.392492672779732e-31 -2.565049388648234e-20 -1.215203810419548e-31
3.197228132317141e-18 1.240011956444356e-17 1.548460176044022e-17 -9.148631244883958e-18 -7.807549116306214e-17 -7.487266451154659e-17 1.707830550046267e-17 2.8179242158081e-17 0 0 0 0 -3.462962630168224e-17 -1.275585935952296e-30 6.04544319297055e-17 -4.35326071233923e-31 0 0 0 0 0 0 0 0 -1.530427724242907e-18 -1.049531760169679e-30 2.671733673143028e-18 -1.90799371474283e-31 -1.530427724242772e-18 7.512704316108881e-31 2.671733673143311e-18 1.466883419553576e-31 0 0 0 0 0 0 0 0 0 0 0 0 0 0 0 0 -6.763598887051344e-20 -1.344792846153645e-31 1.18075062362662e-19 -3.145988244670561e-32 -6.763598887054577e-20 -6.011729992893098e-32 1.180750623628372e-19 4.307303752867855e-32 -6.763598887053638e-20 2.424996561420084e-32 1.180750623628816e-19 -7.418608746468479e-32 -6.763598887054769e-20 1.175452321486016e-31 1.180750623627182e-19 4.668979333784588e-33
-1.022438102025793e-17 -8.324727730270809e-18 -1.133588724296208e-17 0.00048828124999997 0.00390624999999992 0.003851614442122017 3.014307648185918e-17 -0.0004306235857852247 0 0 0 0 -0.04419417382415886 0.04357604304864899 -2.807030227934857e-17 -0.004871949722361968 0 0 0 0 0 0 0 0 0.2500000000000001 0.112687233963796 2.748290386315616e-17 -0.05511981898051279 7.276797770919148e-18 1.760967409588738e-31 -1.270341965795012e-17 1.337833178843184e-31 0 0 0 0 0 0 0 0 0 0 0 0 0 0 0 0 -0.02209708691208202 -6.976855312340979e-18 0.0385758374905233 4.247614425915636e-18 0.02209708691208199 2.89476114194465e-17 -0.03857583749052327 5.584601400767578e-18 3.215920655713746e-19 2.710384282665604e-31 -5.614171365249189e-19 8.372017019467136e-32 3.215920655713834e-19 -2.021333004891751e-31 -5.614171365249386e-19 5.937405994413575e-33
1.98547655721539e-17 1.790561387929694e-17 -5.084291192418761e-18 1.966516904199066e-17 -4.711662781500848e-17 -4.310924728394931e-17 -5.996077644846753e-17 -4.635166946520674e-17 0 0 0 0 8.172138066772061e-17 6.896591428860632e-17 -1.945976570802975e-16 7.156746093599054e-17 0 0 0 0 0 0 0 0 0.1126872339638021 0.2500000000000001 -0.04303314829119372 -1.64388666225419e-17 7.426239924817159e-18 5.922653104257081e-30 -1.296430727022003e-17 2.297310346961319e-31 0 0 0 0 0 0 0 0 0 0 0 0 0 0 0 0 0.02178802152432724 -3.805617060489148e-16 -0.03803628871563684 -8.102762727801422e-17 0.02178802152432725 3.646240502206118e-16 -0.0380362887156369 7.343991789611979e-17 3.281965380967546e-19 8.425041002624294e-31 -5.729468490099931e-19 3.380501079502541e-31 3.28196538097163e-19 2.960235171962567e-31 -5.729468490107424e-19 2.735158960875747e-30
3.085462159499341e-18 3.246861738876383e-17 4.710542459832933e-17 -0.0008524136337342879 -0.006819309069874622 -0.006723929420498681 -2.249238488862948e-17 0.0007517581630073248 0 0 0 0 0.07715167498104562 -0.07607257743127187 2.494521784361639e-18 0.008505172717997294 0 0 0 0 0 0 0 0 6.087746509311489e-17 -0.04303314829118574 0.2499999999999999 0.04811252243246916 -5.034156781592196e-19 -4.065851229045726e-31 8.788344575960859e-19 -6.123221277850984e-31 0 0 0 0 0 0 0 0 0 0 0 0 0 0 0 0 1.849699354760404e-17 2.121518102788682e-15 -1.275334358787431e-16 4.824935827549809e-16 -6.861311905177321e-18 2.081713689802489e-15 1.998690483065055e-16 5.409878409887931e-16 -2.224803998631229e-20 -3.891572972459056e-31 3.88393627818686e-20 -1.825814233530529e-31 -2.224803998634214e-20 1.288022146947784e-31 3.883936278185379e-20 -2.148368339209627e-31
5.775003786194395e-17 3.482034074748883e-17 -3.018837930228398e-17 -1.757048601394474e-17 5.170677679950059e-17 5.067814410806149e-17 -2.323217183215038e-17 -6.20992373430802e-17 0 0 0 0 2.667791447519264e-17 -4.256793537440835e-17 2.630726635596631e-17 2.111065113603755e-17 0 0 0 0 0 0 0 0 -0.05511981898051811 -8.980552604875376e-18 0.04811252243247094 0.2499999999999999 -5.868107884357987e-19 -2.907387640450436e-31 1.024420897761321e-18 -1.115496382117635e-31 0 0 0 0 0 0 0 0 0 0 0 0 0 0 0 0 -0.002435974861182306 -1.461585617517706e-15 0.004252586359000851 -3.445513272519564e-16 -0.00243597486118231 1.437856306882416e-15 0.004252586359000833 3.275578751531307e-16 -2.593361798604873e-20 2.388088293285775e-32 4.527343522474102e-20 1.057974699838633e-31 -2.593361798610558e-20 -1.011111420442987e-31 4.527343522480313e-20 -2.51336900887839e-32
2.395571440698483e-17 1.91439716172538e-17 2.352328439228658e-17 0.0004882812500000308 0.003906249999999912 0.00385161444212202 -2.137475204381244e-18 -0.0004306235857852597 0 0 0 0 0.04419417382415896 0.04357604304864899 -6.159844010914376e-19 -0.004871949722361943 0 0 0 0 0 0 0 0 -1.545499294031072e-18 -2.818042705784526e-32 2.698044762437095e-18 -7.599203292261629e-34 0.7500000000000001 0.1126872339637961 6.738661851651911e-17 -0.05511981898051275 0 0 0 0 0 0 0 0 0 0 0 0 0 0 0 0 -6.830206444554944e-20 -3.741834534360283e-32 1.192378592165403e-19 -1.377445674503404e-33 -6.830206444558461e-20 3.703937510385764e-32 1.192378592165602e-19 -4.924875770437247e-33 -0.02209708691208196 -8.214339009412387e-17 0.03857583749052329 3.835961052783083e-17 0.022097086912082 8.980993806012063e-19 -0.03857583749052335 -1.81190538452852e-17
1.694121948545058e-17 4.274452542660754e-17 5.278931538903749e-17 4.233919450763049e-17 9.068335908103532e-17 4.640515260654038e-17 -3.821636533811764e-18 -1.72776184035049e-17 0 0 0 0 -3.853073079549702e-17 3.67261098608312e-17 -1.791216008548546e-16 -1.860073903263895e-16 0 0 0 0 0 0 0 0 8.851763765504292e-18 2.60429031288618e-30 -1.545290571020111e-17 -2.896704679677976e-32 0.1126872339638021 0.7500000000000001 -0.04303314829119368 -1.690945325085126e-16 0 0 0 0 0 0 0 0 0 0 0 0 0 0 0 0 3.911963865033824e-19 5.40322072157118e-31 -6.829284010451249e-19 -2.315627607441474e-32 3.911963865023922e-19 -6.548661929399342e-31 -6.829284010459749e-19 4.137795634151135e-30 0.02178802152432721 -4.061488773195686e-16 -0.03803628871563684 -1.29166203736367e-16 0.02178802152432721 3.158349524587682e-16 -0.03803628871563691 5.609268313635754e-17
3.900830402490178e-17 4.602983037740355e-17 -5.805200094360473e-17 -0.0008524136337342907 -0.006819309069874679 -0.006723929420498807 6.216404785337664e-18 0.0007517581630073652 0 0 0 0 -0.07715167498104558 -0.07607257743127198 -1.416297013149203e-17 0.008505172717997264 0 0 0 0 0 0 0 0 5.410342989532983e-18 2.071111396396619e-31 -9.445069061030586e-18 9.214725041367446e-33 -1.234330956075611e-16 -0.04303314829118567 0.7499999999999998 0.04811252243246902 0 0 0 0 0 0 0 0 0 0 0 0 0 0 0 0 2.391056385278231e-19 1.363696171905554e-31 -4.174170238644524e-19 -2.142787847750554e-33 2.391056385280015e-19 -1.303263573873113e-31 -4.174170238645744e-19 3.846275300134117e-32 -1.157005703168924e-18 2.129758039299573e-15 -1.317452832577316e-17 4.824935827549798e-16 -3.019258635591938e-18 2.089519945444383e-15 3.155289984664595e-16 2.773098726403158e-16
6.408931600777891e-17 7.657839946071959e-17 5.720370411076888e-17 5.327960685037604e-17 -4.453031044530439e-17 -5.848268111249369e-17 -3.463088809459683e-18 1.906938312347895e-17 0 0 0 0 -3.976633828850608e-17 2.40862430347105e-17 3.608490686035992e-17 2.816192749993467e-17 0 0 0 0 0 0 0 0 8.666581293341006e-18 -2.288010586729185e-31 -1.512962468313122e-17 -2.773199493082501e-32 -0.05511981898051808 5.346949253028717e-17 0.04811252243247086 0.7499999999999999 0 0 0 0 0 0 0 0 0 0 0 0 0 0 0 0 3.830124001392855e-19 2.108453038448099e-31 -6.686412631408384e-19 4.064929084338583e-32 3.83012400139324e-19 -2.562470265253583e-31 -6.686412631408323e-19 -1.456006462965867e-31 -0.002435974861182288 -1.446406787102908e-15 0.004252586359000839 -3.341429863960929e-16 -0.002435974861182351 1.421376433860637e-15 0.004252586359000826 2.651078300179664e-16
4.165481430099892e-18 5.818226705130312e-19 -9.158968042415375e-18 -1.532514107538371e-17 -5.759521998497597e-18 -3.479006561570848e-18 1.1267810161154e-17 3.751215452314385e-18 0 0 0 0 -8.63276006753315e-20 3.350184884530916e-31 1.507058151080159e-19 1.162255965807598e-31 0 0 0 0 0 0 0 0 -3.815176990072377e-21 2.760589810694293e-32 6.660318989247416e-21 -5.668360885162053e-33 -3.815176990080116e-21 3.557886806397065e-32 6.660318989165649e-21 -5.318466345105351e-33 0 0 0 0 0 0 0 0 0 0 0 0 0 0 0 0 -1.686085950727381e-22 3.426724587514389e-33 2.943472951419091e-22 2.210157393525021e-33 -1.686085950648889e-22 6.972641981100418e-33 2.943472951383162e-22 -9.177838439945348e-33 -1.686085950656145e-22 1.222164235747872e-32 2.943472951262159e-22 -1.29204787572817e-32 -1.686085950734772e-22 1.094037951271657e-32 2.943472951352332e-22 -5.156906743754215e-33
-1.511046499474587e-18 -2.677481677273441e-19 2.401502984612733e-18 2.360041786241257e-18 -3.789022874011255e-18 -3.993288980049455e-18 -9.741291683343787e-19 1.329758208377694e-18 0 0 0 0 -1.954937782838964e-18 1.661870789820864e-32 3.412819188109535e-18 -1.812858015186894e-31 0 0 0 0 0 0 0 0 -8.639686019023061e-20 -5.257458906623879e-32 1.508267244297113e-19 8.033225625556808e-33 -8.639686019019923e-20 4.506840829964367e-32 1.508267244297398e-19 3.732967435836627e-32 0 0 0 0 0 0 0 0 0 0 0 0 0 0 0 0 -3.818237857100599e-21 -1.213885759218379e-32 6.665662476767542e-21 -1.055260920249446e-32 -3.818237857124718e-21 -2.227202508160407e-32 6.665662476775645e-21 2.412964583951411e-32 -3.818237857121873e-21 -3.491818829998319e-32 6.665662476789959e-21 3.845404171490775e-32 -3.818237857095795e-21 -1.055696387094555e-32 6.665662476727288e-21 2.880347599807906e-32
1.85790139813555e-17 2.657373835703672e-17 2.197967688208754e-17 1.067425806330101e-17 -1.240640099776515e-18 -2.341825964313213e-18 -1.256200344011724e-18 2.411571936417808e-18 0 0 0 0 -1.288808195943245e-19 2.388251367267209e-31 2.249928043500905e-19 -2.538334743745594e-31 0 0 0 0 0 0 0 0 -5.695781343755548e-21 5.170107271072308e-33 9.943371104570721e-21 3.090474116964572e-32 -5.695781343689281e-21 -5.809844765679623e-33 9.943371104617456e-21 2.643807852672868e-32 0 0 0 0 0 0 0 0 0 0 0 0 0 0 0 0 -2.517203507563592e-22 -4.139240409277883e-33 4.394390709975028e-22 -8.402149120224436e-33 -2.517203507941143e-22 -2.946086590499783e-32 4.394390709850221e-22 2.622045721527878e-32 -2.517203507879695e-22 -5.040714664180723e-32 4.394390710174698e-22 5.812342660001719e-32 -2.517203507483024e-22 -4.74446440802237e-32 4.394390709416157e-22 3.174853539882366e-32
2.127726677320364e-18 -1.922821120100705e-19 -6.007209412199755e-18 -9.653526105699172e-18 -4.044658991903956e-18 -2.610387156998719e-18 6.986242275596127e-18 2.395615460811757e-18 0 0 0 0 -3.260767758968467e-19 3.975579090430746e-31 5.692462887290049e-19 -1.678986128771114e-31 0 0 0 0 0 0 0 0 -1.441069371399578e-20 2.509653947367194e-32 2.515736943276282e-20 2.01920540943634e-32 -1.441069371396471e-20 4.240231004764672e-32 2.515736943269602e-20 4.177473920286002e-32 0 0 0 0 0 0 0 0 0 0 0 0 0 0 0 0 -6.368687029122908e-22 -6.97310429525633e-33 1.11180915766835e-21 -1.506473684547287e-32 -6.368687029412651e-22 -2.722274568077675e-32 1.111809157667135e-21 3.04499185654565e-32 -6.368687029387749e-22 -5.102758081801047e-32 1.111809157669334e-21 5.247179154873072e-32 -6.368687029039884e-22 -9.200085581562028e-33 1.111809157586307e-21 3.959340758264878e-32
2.057419044432703e-20 -9.479557001746075e-20 -1.400533077746929e-18 -4.588894856280817e-18 -7.642536248939363e-18 -6.747336846026039e-18 4.523334553090029e-18 3.773239361459082e-18 0 0 0 0 -2.351327699047717e-18 5.53271534202015e-32 4.104814157916758e-18 3.188365997641192e-32 0 0 0 0 0 0 0 0 -1.039149850493213e-19 -5.491451001709424e-32 1.814088704109251e-19 -1.124723151180148e-32 -1.03914985049322e-19 6.664960604705033e-32 1.814088704109111e-19 1.009142656542818e-32 0 0 0 0 0 0 0 0 0 0 0 0 0 0 0 0 -4.592436912207122e-21 -6.602640363624889e-33 8.017215152182503e-21 4.035113326600079e-34 -4.592436912205427e-21 5.883892618517778e-34 8.017215152193151e-21 -1.241817746718177e-33 -4.592436912205382e-21 7.032928208953461e-33 8.017215152190443e-21 -7.12183095890146e-33 -4.592436912207612e-21 1.150179605188191e-32 8.017215152184113e-21 -1.269096732249881e-33
-2.04025297537735e-18 -2.840176227716739e-18 -3.942133586747676e-18 -7.518094235161462e-18 -1.160140519656736e-17 -1.019663030328773e-17 6.681695162853476e-18 5.511904455661983e-18 0 0 0 0 -3.671984479803341e-18 1.171204315294262e-31 6.41034164929526e-18 -4.568896664958937e-33 0 0 0 0 0 0 0 0 -1.622803203801092e-19 -8.216778345936193e-32 2.832997531212942e-19 -1.226256634284919e-32 -1.622803203801048e-19 1.092314071620357e-31 2.832997531212602e-19 2.778170065046502e-32 0 0 0 0 0 0 0 0 0 0 0 0 0 0 0 0 -7.171844687119826e-21 -1.262208196461435e-32 1.252019853377794e-20 -3.728776690144651e-33 -7.171844687124336e-21 -6.808983959201128e-33 1.252019853379634e-20 8.276683184511213e-33 -7.171844687123981e-21 -3.733886019731069e-33 1.252019853379104e-20 1.426119554814416e-33 -7.171844687119008e-21 1.912056408108259e-32 1.252019853375946e-20 8.843634059861017e-33
1.161462672060493e-18 2.267929713259436e-18 3.585631965646261e-18 5.215548533017707e-18 6.214170531644938e-18 5.36616339064817e-18 -3.790504618915094e-18 -2.459355926731566e-18 0 0 0 0 2.207700792345168e-18 7.818692491366108e-32 -3.854078473422805e-18 -8.907954433526412e-32 0 0 0 0 0 0 0 0 9.756751256868593e-20 6.514182056173726e-32 -1.703278139865004e-19 2.277102699233282e-32 9.756751256869309e-20 -5.327035702039841e-32 -1.703278139864964e-19 7.064027956728398e-33 0 0 0 0 0 0 0 0 0 0 0 0 0 0 0 0 4.311915610057676e-21 5.08801553809446e-33 -7.527497018406062e-21 -3.89196263204178e-33 4.311915610045081e-21 -8.813777588133895e-33 -7.527497018417968e-21 1.094512093486652e-32 4.311915610045982e-21 -2.532251879202796e-32 -7.527497018411182e-21 3.188747079461445e-32 4.311915610064056e-21 -2.068567550304355e-32 -7.527497018433913e-21 1.714903785982601e-32
-3.378100886222907e-19 -4.687347001002727e-18 -9.34984597654493e-18 -6.231608472055667e-18 9.39526805982902e-18 9.823434091852133e-18 1.053438695953932e-18 -4.428375213269379e-18 0 0 0 0 4.087485051931631e-18 1.256331588594171e-31 -7.135698915228835e-18 8.405497929472154e-32 0 0 0 0 0 0 0 0 1.806430248888067e-19 1.22823055820975e-31 -3.153563182166027e-19 7.780786989351946e-33 1.80643024888779e-19 -7.667166995292557e-32 -3.153563182167011e-19 -2.259059938226986e-32 0 0 0 0 0 0 0 0 0 0 0 0 0 0 0 0 7.983369242056409e-21 1.366291205377429e-32 -1.393691194380536e-20 2.38729999374285e-35 7.983369242068446e-21 6.743572922260698e-33 -1.393691194381754e-20 -2.172640751044068e-33 7.983369242064962e-21 -2.514349690254105e-34 -1.393691194384401e-20 -1.543640221331846e-32 7.983369242053934e-21 1.706326992250841e-32 -1.393691194382101e-20 -6.145969694431784e-33
-3.368068084856357e-19 -1.721314156518036e-18 -3.009323841215476e-18 -2.088763923100722e-18 1.201246636498463e-18 1.345015489862055e-18 2.180138867570753e-19 -1.234936647858002e-18 0 0 0 0 1.676489410879731e-19 -4.707313243004817e-32 -2.926719857961221e-19 -2.978626864659944e-32 0 0 0 0 0 0 0 0 7.409106443878314e-21 -5.513828853153192e-33 -1.29343966137517e-20 -3.263974702615592e-33 7.409106443889082e-21 -1.210068273364659e-32 -1.293439661373234e-20 -2.564183076002354e-33 0 0 0 0 0 0 0 0 0 0 0 0 0 0 0 0 3.274393380635878e-22 -1.041263035809638e-33 -5.716249722597067e-22 -2.037273575201956e-33 3.274393380615736e-22 -2.152104000070939e-33 -5.71624972261845e-22 6.246686015284573e-35 3.274393380623398e-22 -6.095162233049121e-34 -5.716249722561873e-22 1.239085112193246e-34 3.27439338061296e-22 -4.306233911543491e-33 -5.716249722559581e-22 7.691388170217648e-34
-9.76387896580159e-18 -1.269952805470909e-17 -9.488674464635666e-18 -6.252240511755116e-18 -6.886540903518955e-18 -5.943109600429628e-18 2.799391532330429e-18 2.222664655290122e-18 0 0 0 0 -2.757560259028026e-18 -3.773572188114558e-32 4.813991855389175e-18 -2.244650632322339e-32 0 0 0 0 0 0 0 0 -1.218680974181332e-19 -7.900406739134526e-32 2.127503928452133e-19 -1.162909951896011e-32 -1.218680974181154e-19 6.859891833177628e-32 2.127503928452224e-19 2.072488769797534e-32 0 0 0 0 0 0 0 0 0 0 0 0 0 0 0 0 -5.385859880916772e-21 -1.032098560711441e-32 9.402327842553049e-21 -2.343563696378491e-33 -5.385859880920198e-21 -5.818596584864809e-33 9.402327842566158e-21 7.395826606520419e-33 -5.385859880918873e-21 1.508352055026783e-33 9.402327842569253e-21 -5.854382370568921e-33 -5.385859880921265e-21 1.509564712219179e-32 9.402327842551197e-21 6.901214948503293e-33
-1.173569665780996e-18 -3.327903720270704e-19 1.615501405171748e-18 1.932475871639078e-18 -8.155221001193947e-19 -9.986563200165099e-19 -7.884038648040998e-19 6.566891415919034e-19 0 0 0 0 -2.867622230942842e-19 -3.978936129848341e-32 5.006131785840586e-19 8.262929881612806e-32 0 0 0 0 0 0 0 0 -1.267321953362091e-20 7.083617732286692e-33 2.21241858330302e-20 -6.017486814054127e-33 -1.26732195336744e-20 2.273375126776346e-32 2.212418583298461e-20 2.17858666360288e-33 0 0 0 0 0 0 0 0 0 0 0 0 0 0 0 0 -5.6008246698556e-22 -1.831441638231955e-34 9.777601144193266e-22 6.022927471277925e-34 -5.600824669742254e-22 9.124649933077541e-33 9.777601144305241e-22 -5.383009969638127e-33 -5.600824669784795e-22 5.325019780383717e-33 9.77760114409488e-22 -1.667578995328771e-33 -5.600824669786338e-22 1.822275673802196e-32 9.777601144200639e-22 -3.528561455537897e-33
3.111119623790349e-18 3.242561201992238e-18 4.672026034344272e-19 -2.438746141765818e-18 -2.235480470778335e-18 -1.807890843076722e-18 2.576552686213826e-18 1.342827268538899e-18 0 0 0 0 -4.23091739201223e-19 3.208345934027377e-32 7.386094936381175e-19 7.992073729686407e-32 0 0 0 0 0 0 0 0 -1.869818986583846e-20 -9.438418876916717e-33 3.264223635005657e-20 -9.563770803588548e-33 -1.869818986583621e-20 1.905959186579639e-32 3.264223635000306e-20 -1.368062917042628e-32 0 0 0 0 0 0 0 0 0 0 0 0 0 0 0 0 -8.263510531321947e-22 1.26140129177857e-33 1.442596667266236e-21 4.564159947653531e-33 -8.263510531212777e-22 4.366937289814864e-33 1.442596667271344e-21 -2.306866817820765e-33 -8.263510531223069e-22 1.484167704179675e-32 1.442596667254748e-21 -3.819012518926333e-32 -8.263510531416124e-22 2.692459752931495e-32 1.442596667271297e-21 -1.783003468424128e-32
-2.091638024277399e-18 -5.843920515704712e-18 -1.018482820965623e-17 -1.14528035033367e-17 -3.973573417862472e-18 -2.3340572955657e-18 7.185599230710016e-18 2.182168361386292e-18 0 0 0 0 -2.665226376063531e-19 2.521317369891614e-31 4.652800614286289e-19 -2.606703475720388e-33 0 0 0 0 0 0 0 0 -1.17787477744582e-20 8.295703578229799e-33 2.056266791170092e-20 3.904301707616441e-33 -1.177874777443496e-20 2.386429536437611e-32 2.056266791167396e-20 1.087847469250847e-32 0 0 0 0 0 0 0 0 0 0 0 0 0 0 0 0 -5.205520265731101e-22 -1.976701529383622e-34 9.087501199817465e-22 -1.555054958128103e-33 -5.205520265795138e-22 -4.863338820087521e-33 9.0875011997586e-22 3.804534291291307e-33 -5.205520265774396e-22 -4.642443826899956e-33 9.087501199814003e-22 7.09702420136937e-33 -5.205520265741288e-22 -3.406079055698981e-33 9.087501199645348e-22 1.118657313382766e-32
8.057751791852952e-19 1.619966308714546e-18 1.628919762218045e-18 -1.465606082623536e-19 -3.781504200876541e-18 -3.624076459494499e-18 1.068377159030463e-18 1.721672433650615e-18 0 0 0 0 -1.453115192473027e-18 7.448338791068556e-32 2.536765852570444e-18 -1.470086223312631e-31 0 0 0 0 0 0 0 0 -6.421922540272627e-20 -5.429078063108427e-32 1.121102710396976e-19 8.552004198101526e-33 -6.42192254026445e-20 1.773642395019486e-32 1.121102710397563e-19 1.607574257810576e-32 0 0 0 0 0 0 0 0 0 0 0 0 0 0 0 0 -2.838115610293167e-21 -5.955288899439485e-33 4.954620805803936e-21 -1.654529497364005e-33 -2.838115610314568e-21 -1.932237518772488e-32 4.954620805797845e-21 1.720621403222374e-32 -2.838115610307966e-21 -1.505722788687817e-32 4.954620805827384e-21 6.192868054038708e-33 -2.838115610302109e-21 -1.715893462359141e-32 4.954620805789119e-21 1.392190184225191e-32
6.20283988850184e-18 1.130992583619125e-17 1.408962831278538e-17 1.251869629516219e-17 8.339500595285786e-19 -9.047340459579816e-19 -7.064024472540479e-18 -1.462203843760998e-18 0 0 0 0 -1.542639977910525e-18 -5.230357041172836e-31 2.693053130986408e-18 1.609890709733923e-31 0 0 0 0 0 0 0 0 -6.817569933187958e-20 -5.476673034466654e-32 1.19017258188589e-19 -4.021444189811613e-32 -6.81756993319945e-20 2.95036922318976e-32 1.190172581885619e-19 -2.351432277955884e-32 0 0 0 0 0 0 0 0 0 0 0 0 0 0 0 0 -3.012968706871446e-21 -5.933411725443351e-33 5.259869396447413e-21 1.841194955495002e-33 -3.012968706836933e-21 2.471010127276597e-32 5.259869396481015e-21 -2.294479993234073e-32 -3.012968706846974e-21 3.147771979853527e-32 5.259869396438354e-21 -3.688484763927277e-32 -3.012968706865824e-21 4.528200158187753e-32 5.259869396494972e-21 -3.448826029207394e-32
4.570494578148592e-18 7.408571672380605e-18 9.104005386863197e-18 1.06908895781687e-17 8.673439363210182e-18 6.937246238199364e-18 -7.656403168344501e-18 -4.507100516920237e-18 0 0 0 0 2.026092861094096e-18 -8.778196956301266e-32 -3.537037676560783e-18 -2.21191457628899e-31 0 0 0 0 0 0 0 0 8.954150008708661e-20 7.18574521871227e-33 -1.563164579006356e-19 2.389687139355885e-32 8.954150008720582e-20 -9.977836405761664e-32 -1.563164579005269e-19 -1.117941437727796e-32 0 0 0 0 0 0 0 0 0 0 0 0 0 0 0 0 3.957212619337049e-21 4.680453017006035e-33 -6.908276712029375e-21 1.322359880239761e-33 3.957212619312266e-21 -2.330654756167987e-32 -6.908276712055003e-21 2.10001473701057e-32 3.957212619321049e-21 -1.949974060735483e-32 -6.908276712013382e-21 -5.816657694699578e-33 3.957212619318489e-21 -3.376520351191657e-32 -6.908276712034954e-21 5.855659988475864e-33
-1.584962003472189e-18 -4.055486095405739e-18 -6.756001881882068e-18 2.157918643756097e-05 0.0001726334915006105 0.0001702189181587808 1.385371526140183e-17 -1.903105360296658e-05 0 0 0 0 -0.001953124999999938 0.001925807221061015 1.144755754479561e-17 -0.0002153117928926198 0 0 0 0 0 0 0 0 -0.02209708691207946 0.02178802152432446 -6.882554506906569e-18 -0.002435974861180994 1.710324255664063e-18 4.633917749796605e-32 -2.985786805523789e-18 5.159870292277478e-32 0 0 0 0 0 0 0 0 0 0 0 0 0 0 0 0 0.125 0.05634361698189808 -1.163504329183012e-17 -0.02755990949025642 3.550152496894229e-19 9.20323907534681e-32 -6.197654303107109e-19 -1.356663153899794e-31 7.558636745053762e-20 5.681815266604065e-32 -1.319543810852402e-19 1.637283902781565e-32 7.558636745053e-20 -4.539386474434809e-32 -1.319543810852585e-19 -6.836285330825427e-32
7.207943405836337e-18 -1.182120482602611e-18 -1.291641622715258e-17 -1.163444308786239e-17 -2.280432323480883e-17 -2.101051595205707e-17 -7.796078953114005e-18 -1.236425470522792e-17 0 0 0 0 4.724075812434012e-17 -5.847532361715699e-17 -3.208905312568052e-18 1.522282100926454e-18 0 0 0 0 0 0 0 0 -1.863983387952186e-17 7.33507542943257e-18 -8.233360765982751e-17 5.726882093393379e-17 -5.654421322868159e-19 6.249733474613736e-31 9.871167132669271e-19 -1.430960941721059e-32 0 0 0 0 0 0 0 0 0 0 0 0 0 0 0 0 0.05634361698190108 0.125 -0.02151657414559688 2.046748246987802e-18 -1.414503807709428e-18 -1.253099214587606e-30 2.469360293190457e-18 -6.470335772130595e-31 -2.498924788185903e-20 3.746403358154508e-32 4.362480761088952e-20 2.364134385893489e-32 -2.498924788182833e-20 6.839696819995764e-32 4.362480761080437e-20 2.662548071445292e-31
4.772186252102832e-18 2.83118151400737e-18 1.620053153381679e-18 -3.767171629933565e-05 -0.0003013737303947085 -0.0002971585055909038 -3.929033059002565e-19 3.322333092967465e-05 0 0 0 0 0.0034096545349373 -0.003361964710249386 3.645152836293847e-18 0.0003758790815036781 0 0 0 0 0 0 0 0 0.03857583749052285 -0.03803628871563593 4.697359986592508e-17 0.004252586358998679 -1.141277014948477e-19 8.519736854723012e-31 1.992376499037489e-19 -4.623905306435977e-32 0 0 0 0 0 0 0 0 0 0 0 0 0 0 0 0 -1.137435237269801e-17 -0.02151657414559292 0.125 0.02405626121623455 1.505903940444115e-18 -8.122451383429736e-32 -2.628921446253245e-18 7.958389763135587e-31 -5.043779478093215e-21 2.557908539153625e-32 8.805143332228453e-21 3.104354507425725e-33 -5.043779478039056e-21 1.062381220364745e-31 8.805143332100279e-21 3.413340011665969e-31
2.215002627412678e-17 6.380146424466763e-18 -2.991998383892711e-17 -2.487144329459808e-17 -1.095020008688891e-17 -1.35426050525797e-17 -1.285590212020719e-17 -2.469550849564961e-17 0 0 0 0 -4.832410568550773e-17 -1.57156974535441e-17 8.092627635626249e-18 8.390629335951752e-18 0 0 0 0 0 0 0 0 2.663072002309184e-18 -3.410580194911178e-17 1.52935009987273e-17 8.732692852259408e-24 -3.861552169496845e-18 1.216985936767164e-31 6.741278139710111e-18 -8.607176725903283e-32 0 0 0 0 0 0 0 0 0 0 0 0 0 0 0 0 -0.02755990949025904 -6.019831597119645e-19 0.02405626121623547 0.1249999999999999 -1.477771157791551e-18 -5.229977141937472e-32 2.579808834438669e-18 -1.575289653308576e-31 -1.70658107809885e-19 -1.097215071429449e-31 2.979252179034782e-19 -4.973633627528835e-33 -1.706581078099006e-19 1.029831738235405e-31 2.979252179034569e-19 5.778646299791272e-32
-2.341968248245268e-18 -3.726309203387999e-19 -4.216986179032315e-18 2.157918643756516e-05 0.0001726334915006095 0.0001702189181587746 9.214506230252286e-18 -1.903105360297274e-05 0 0 0 0 -0.001953124999999952 0.00192580722106099 -9.871296574399531e-19 -0.0002153117928925931 0 0 0 0 0 0 0 0 0.02209708691207946 0.02178802152432447 2.44322059477884e-17 -0.002435974861180981 -1.388455088966485e-18 3.38789563977e-31 2.423885921613806e-18 7.047277285872372e-32 0 0 0 0 0 0 0 0 0 0 0 0 0 0 0 0 -2.233924902168486e-18 -7.142904458674507e-32 3.899859032774348e-18 -8.537099847984803e-32 0.375 0.05634361698189807 -4.042946531060123e-17 -0.02755990949025642 -6.136162554887025e-20 1.027901576591015e-32 1.071216357497864e-19 1.175933490546583e-32 -6.136162554885524e-20 6.007175736185852e-32 1.071216357497364e-19 9.182608968032545e-32
-3.736029626942751e-18 -4.177487586973635e-18 -2.516100839926647e-18 -4.901105699470336e-18 2.051712087129976e-17 1.220848041366177e-17 -5.947668126156083e-18 -9.116523932810952e-18 0 0 0 0 -4.010962597222987e-17 2.374342049586973e-17 -1.080979490851861e-17 1.067368480940949e-17 0 0 0 0 0 0 0 0 -2.972325719677364e-18 -5.649652450524782e-17 -8.136821273799203e-17 -6.836052060607684e-17 -5.08412474763686e-19 5.813084127154462e-31 8.875575809024931e-19 5.906674851952772e-32 0 0 0 0 0 0 0 0 0 0 0 0 0 0 0 0 -2.374825809197797e-18 -8.298587195428129e-31 4.145835822087731e-18 4.994446307349407e-32 0.05634361698190114 0.3750000000000002 -0.0215165741455969 5.554525832305982e-18 -2.246886928415917e-20 8.602724812499678e-32 3.922487400936603e-20 5.871706983497646e-32 -2.246886928412458e-20 3.930740938017952e-32 3.922487400930207e-20 2.929292433474494e-31
6.628169924085776e-19 2.83041661321536e-18 -9.024519531773141e-18 -3.767171629934055e-05 -0.0003013737303946887 -0.0002971585055908874 9.666042679681352e-19 3.32233309296811e-05 0 0 0 0 0.003409654534937316 -0.003361964710249348 -1.221527304120857e-17 0.0003758790815036254 0 0 0 0 0 0 0 0 -0.03857583749052283 -0.03803628871563593 2.856254864052943e-17 0.004252586358998673 2.655636367413633e-18 -9.999190625862322e-31 -4.636058922649979e-18 -1.798670604682435e-31 0 0 0 0 0 0 0 0 0 0 0 0 0 0 0 0 2.067815537191675e-18 -1.602180173514763e-31 -3.609874751384597e-18 3.248045225338588e-31 -4.341214835591159e-17 -0.02151657414559291 0.3750000000000001 0.02405626121623463 1.173636552353883e-19 -9.514582487697322e-32 -2.048867938867153e-19 -5.358293672334499e-32 1.173636552353201e-19 -1.300347280093017e-31 -2.048867938865933e-19 -4.229183235473418e-31
1.937393305011273e-17 1.278820123595112e-17 -2.484401090058704e-17 -4.256167944362278e-17 1.905838928124544e-17 3.117686696160955e-17 2.182144641375293e-17 1.685816012461934e-18 0 0 0 0 9.309608181834414e-17 2.305662216562744e-17 -1.65042952777294e-18 3.040188649716749e-17 0 0 0 0 0 0 0 0 -2.676805794488593e-17 -5.042934918582341e-18 3.846862925870942e-17 -8.899782927646063e-18 6.668436393797165e-18 3.228547861883721e-31 -1.164137696821699e-17 8.539719324167526e-32 0 0 0 0 0 0 0 0 0 0 0 0 0 0 0 0 -1.519164658859098e-19 -6.354444779550408e-32 2.652071254218088e-19 2.687358062709617e-32 -0.02755990949025905 2.405464918256401e-17 0.02405626121623546 0.3749999999999998 2.947060371229152e-19 2.691646842209745e-31 -5.144810372861523e-19 1.05943365366895e-31 2.947060371229127e-19 -1.958762628558524e-31 -5.144810372861956e-19 4.949455389715474e-32
3.257833026696198e-18 -1.990506965954948e-18 6.309229626044005e-20 2.157918643757567e-05 0.0001726334915006223 0.0001702189181587775 3.390673913038378e-18 -1.903105360298263e-05 0 0 0 0 0.001953124999999965 0.001925807221061017 -8.182394509772382e-18 -0.0002153117928926431 0 0 0 0 0 0 0 0 6.185034129406248e-19 -7.204353454104982e-32 -1.079748079005315e-18 2.086589456106674e-33 -0.02209708691207941 0.02178802152432444 1.887726901473359e-18 -0.002435974861181001 0 0 0 0 0 0 0 0 0 0 0 0 0 0 0 0 2.733424734234289e-20 7.294333812118667e-33 -4.771857428988862e-20 4.481049008355336e-33 2.733424734236165e-20 -4.509540221365608e-33 -4.77185742898634e-20 -1.122008066960617e-31 0.625 0.05634361698189804 -9.615915782133149e-17 -0.02755990949025645 3.745257653615288e-19 1.230815485251718e-32 -6.538257788501546e-19 3.077413809743374e-31
1.292275536004676e-17 1.86172106011541e-17 7.579169782132973e-19 -2.489187587752694e-17 -2.714938622925565e-17 5.856262446467611e-19 1.878805419687678e-17 1.584206175930004e-17 0 0 0 0 -6.586700434174256e-17 -6.832069979927338e-17 -1.958835911387167e-17 -6.687007874537472e-18 0 0 0 0 0 0 0 0 6.792945733436149e-20 1.20567384116089e-31 -1.185873829146523e-19 -4.015025143025461e-32 -4.976813755331594e-17 1.080452238138725e-17 -8.331560563276838e-17 3.645213922220247e-17 0 0 0 0 0 0 0 0 0 0 0 0 0 0 0 0 3.002086245228651e-21 2.075969891574813e-32 -5.240871413875932e-21 -1.084607533973694e-32 3.002086245148434e-21 -6.073658374979328e-32 -5.240871413945918e-21 3.983470497234265e-31 0.05634361698190123 0.6250000000000002 -0.02151657414559692 3.681787903326197e-17 -1.410229396107201e-18 -2.033734330250551e-30 2.461898268535468e-18 -8.804340825850953e-32
-3.486047223798434e-19 4.477633314437477e-18 -1.11851220332097e-17 -3.767171629934227e-05 -0.0003013737303946993 -0.0002971585055909039 2.550476838535881e-17 3.322333092967275e-05 0 0 0 0 -0.003409654534937311 -0.003361964710249335 1.880475674264611e-17 0.0003758790815036386 0 0 0 0 0 0 0 0 4.552881156237782e-19 3.785678544303914e-31 -7.948160963269758e-19 -9.627219178882621e-33 0.03857583749052285 -0.03803628871563584 1.567444853534706e-16 0.004252586358998719 0 0 0 0 0 0 0 0 0 0 0 0 0 0 0 0 2.012108212197419e-20 5.216564291288001e-32 -3.512624071929948e-20 -1.200337299898389e-32 2.012108212186857e-20 -6.81852589005285e-32 -3.512624071943138e-20 5.744774811593239e-31 -1.06120216925562e-16 -0.0215165741455929 0.6249999999999999 0.02405626121623435 1.449753639108137e-18 2.555740481218021e-31 -2.530897443902071e-18 -1.551853935432964e-30
1.540156652768834e-17 2.312802012794211e-17 -2.366444844164848e-18 -3.559351361234968e-17 -3.048270485429217e-17 -1.841288891019614e-17 1.509632071751289e-17 1.51537545490865e-17 0 0 0 0 1.113379305147063e-17 9.076441287727135e-18 1.573474942060497e-17 -8.882517025085493e-18 0 0 0 0 0 0 0 0 -9.678700558415403e-19 -1.774724584230478e-32 1.689652492866636e-18 -1.843594564804053e-32 -3.026814870166754e-17 -6.533082451669422e-17 1.523631857695748e-17 8.732693912342351e-24 0 0 0 0 0 0 0 0 0 0 0 0 0 0 0 0 -4.27742174870764e-20 -2.358268688840778e-32 7.467279597221503e-20 -1.031969020672236e-32 -4.277421748706143e-20 1.265607181851549e-33 7.467279597218581e-20 7.048568490185397e-32 -0.02755990949025904 -2.935127489411496e-17 0.02405626121623551 0.6249999999999993 -1.553175174809903e-18 -1.892906353054277e-32 2.711444878510973e-18 -9.959401574999718e-32
7.911613205606953e-18 2.425631361608394e-17 -1.888500659016601e-18 2.157918643757591e-05 0.0001726334915006121 0.0001702189181587674 -1.259558254167748e-17 -1.9031053602982e-05 0 0 0 0 0.00195312499999993 0.001925807221060952 7.246693292076604e-18 -0.0002153117928926238 0 0 0 0 0 0 0 0 -6.141662498317341e-19 1.307546375597208e-31 1.072176506339427e-18 2.163104330037295e-32 0.02209708691207946 0.02178802152432442 2.26381482078996e-18 -0.00243597486118097 0 0 0 0 0 0 0 0 0 0 0 0 0 0 0 0 -2.714257000200366e-20 1.900648935908009e-34 4.738395489136874e-20 1.152574518755483e-33 -2.714257000203549e-20 1.145805671937963e-32 4.738395489133942e-20 1.142899823376676e-31 -2.199705846621601e-18 -8.809583145637837e-32 3.840121351915766e-18 -1.25287901550069e-32 0.8750000000000001 0.05634361698189821 -3.47736364216269e-17 -0.0275599094902565
-3.689778873209577e-18 4.398539685433586e-18 -1.261772987136416e-17 2.712824402190663e-17 1.364342404678139e-17 -1.246819996467121e-19 -3.470175813926023e-18 3.778525988720685e-18 0 0 0 0 8.069630832678674e-18 2.7881943732172e-17 2.386004990849546e-18 -2.096095159424717e-17 0 0 0 0 0 0 0 0 -5.978647654278461e-19 3.710660881500251e-31 1.043718302064995e-18 2.36274967284975e-32 -1.520484234217199e-17 -1.144200255702804e-16 -2.917034773751828e-17 -7.529941450998856e-17 0 0 0 0 0 0 0 0 0 0 0 0 0 0 0 0 -2.642213936665652e-20 2.838510890924406e-32 4.612626806495354e-20 -5.13516904051115e-33 -2.642213936675928e-20 -1.86349085121158e-32 4.612626806484979e-20 4.023766272794642e-31 -2.378779079279665e-18 -5.144785356924411e-30 4.152737216143137e-18 -2.551898849457382e-31 0.05634361698190092 0.8750000000000003 -0.02151657414559706 8.022429656604701e-17
-1.438116581782454e-17 -2.217783375382265e-17 -2.425968550308367e-18 -3.767171629936637e-05 -0.0003013737303946508 -0.0002971585055908445 1.420148536362328e-17 3.322333092966911e-05 0 0 0 0 -0.003409654534937384 -0.00336196471024937 1.260453114112282e-17 0.0003758790815036432 0 0 0 0 0 0 0 0 1.15812298880521e-18 -5.831214539861525e-31 -2.021785242007137e-18 -5.571312360900416e-32 -0.03857583749052299 -0.03803628871563591 -1.076010557569764e-16 0.004252586358998661 0 0 0 0 0 0 0 0 0 0 0 0 0 0 0 0 5.1182288677015e-20 -3.552794262178223e-32 -8.935112842043394e-20 5.695735269236417e-33 5.118228867717888e-20 2.825370503653873e-33 -8.935112842029501e-20 -5.739857147094845e-31 2.001634170633238e-18 -2.819535047422487e-32 -3.494339085917496e-18 -4.21741404948445e-32 1.795706886391927e-17 -0.02151657414559298 0.875 0.02405626121623493
2.711616448839066e-17 3.660200354718711e-17 2.317918553807816e-17 2.235088373966893e-17 -2.024488445818883e-17 -1.597262757105415e-17 5.193986287139109e-18 -3.441298447385412e-18 0 0 0 0 -1.409849104009389e-16 -1.215099616005643e-16 3.525087790098722e-17 4.662832690004066e-17 0 0 0 0 0 0 0 0 3.184670803864019e-18 -4.817938201021862e-32 -5.559617151322337e-18 -1.930604253210259e-32 -1.169879973336601e-16 -3.453323401018615e-17 6.386472604111243e-18 -1.583867683155294e-17 0 0 0 0 0 0 0 0 0 0 0 0 0 0 0 0 1.407438950787574e-19 8.406529509374232e-32 -2.457026867814118e-19 1.546354081652595e-32 1.407438950787259e-19 -1.049489818592931e-31 -2.457026867814122e-19 2.063392042355365e-32 -3.058786079300779e-19 -1.152762596542203e-31 5.339854759265684e-19 3.113168858502169e-33 -0.02755990949025912 5.775540258332813e-17 0.02405626121623552 0.8749999999999993
