# Created from matlab git hash 00e16b208fbf08652b67ace82ddc532522841f31
# name: foo
# type: matrix
# rows: 64
# columns: 64
0 0 0 0 0 0 0 0 0 0 0 0 0 0 0 0 0 0 0 0 0 0 0 0 0 0 0 0 0 0 0 0 0 0 0 0 0 0 0 0 0 0 0 0 0 0 0 0 0 0 0 0 0 0 0 0 0 0 0 0 0 0 0 0
-4.78752537918231e-27 -1.999999999999953 -2.80319135873358e-16 -3.996802888652185e-15 9.128145559593851e-14 1.977962135514518e-12 3.79234203617467e-14 1.912583178772037e-12 1.197010817351271e-12 1.779006879288567e-12 -7.73632476830406e-13 4.891689787464032e-13 -1.264312173114078e-12 2.060793023850761e-12 9.463678417109062e-13 4.533881789827448e-13 5.256730167363591e-13 5.585020929741822e-13 -3.618869295185722e-13 1.855395579180502e-13 6.761321761636429e-13 2.158188327620364e-12 -4.866338378232778e-13 -1.977067111237275e-14 -1.327565915992959e-12 2.586464196152069e-12 9.599243539696176e-13 -1.831359276414517e-13 -6.813155543608129e-13 8.507476431895734e-13 5.416617323816313e-13 1.128994589400214e-13 1.449626035536892e-13 -8.64016325690831e-14 -1.776203328107162e-13 -3.122163472629392e-14 7.3628382625758e-14 4.632547215733238e-13 -1.664223059375485e-13 -1.110088836384243e-13 -7.449518079242397e-13 9.613452559061387e-13 4.100099175304014e-13 -3.421968644732129e-13 2.008171396428219e-13 1.077289593686808e-12 -5.845663103688907e-13 -3.869747867455139e-13 -2.44557276431695e-12 2.549300662958124e-12 1.601283106396329e-12 -8.751997459227398e-13 -2.555523054457e-13 7.444550595048391e-13 4.541453134170622e-14 -2.466440629708391e-13 -8.467286542199042e-13 9.932329716883365e-13 5.876777964688611e-13 -2.738400282892659e-13 -3.846611628400286e-13 1.503630376364391e-13 2.477208463771288e-13 -7.32446722087784e-14
1.663083328698055e-16 2.742129756592169e-17 -5.999999999999842 -1.418197275157976e-15 7.63504159256758e-14 4.542805100944486e-13 -1.13853721348477e-13 4.069069105504522e-13 -4.19862116868545e-13 -1.503606046238647e-12 7.527373793171544e-14 -1.886794691044761e-12 -6.561198462916052e-13 2.126508988644886e-12 5.996590978807278e-13 1.79976674469744e-12 -1.413211235995253e-12 -9.675836377070669e-13 9.068649984935734e-13 -6.657446689741179e-13 9.964711395327876e-13 -1.6732099841942e-12 -8.727200268882897e-13 -2.45283276305879e-13 8.124922783247237e-14 1.845983569346006e-12 -1.028617060943215e-13 -6.269165671084682e-14 -1.649506083550859e-12 1.612238800961056e-12 1.302442962791976e-12 5.880286802574566e-13 -9.404349379119401e-13 3.696643062304765e-13 6.686487951840345e-13 -3.53811313409091e-13 -5.894148121338615e-14 -1.101901839617634e-12 2.205835324160831e-13 1.158024510213426e-13 1.399192438454701e-12 -1.763943472668497e-12 -9.933498620008396e-13 4.318703712752121e-13 4.861884650220293e-13 -5.556625749965674e-13 -4.229832086086977e-13 1.854390767260741e-13 -9.668151272513115e-13 1.081471587197568e-12 5.876196370378774e-13 -4.14847817458357e-13 1.535211648061126e-13 8.844140652959651e-13 -3.440855083532459e-13 -1.701115036248992e-13 -1.59854493498731e-12 2.09699972522528e-12 1.102849367767555e-12 -4.512459827752906e-13 -1.306370476347688e-12 2.384492115023593e-13 1.004549078348117e-12 2.65216609824387e-13
-1.13836451004709e-16 1.36721310609362e-14 2.327282625443252e-15 -11.99999999999973 9.215700874455443e-14 0.000206336490624967 4.312005857221181e-14 0.0001845529668755293 0.0001294751197063869 0.0004012303088990291 -8.476136218830493e-05 0.0002120603121873241 -0.0001294751197136033 0.0004012303099287565 8.476136239441894e-05 0.0002120603128041869 0.0001831054699176788 0.0005674253431957393 -0.0001198706677921256 0.0002998985698627871 6.864645646735832e-13 0.000722177708459222 -7.604165380045206e-13 0.0002306912050567087 -1.633060240447581e-12 0.0007221777091757087 7.101391396541902e-13 0.0002306912046890116 -0.0001831054702196843 0.0005674253442133262 0.0001198706684803794 0.0002998985698055607 0.0002589502382250462 0.0008024606140345974 -0.0001695227240439232 0.0004241206235717328 -3.061566680443186e-13 0.001021313510136199 1.501185844222375e-13 0.0003262466329816705 -8.092566700976803e-13 0.001021313509394531 7.300517805139539e-13 0.0003262466330487822 1.100272816122695e-12 0.001021313508344022 -1.578087106209532e-12 0.0003262466324240312 -3.299479445906841e-12 0.001021313510715701 2.001303263783394e-12 0.000326246631613073 9.355564457234113e-13 0.001021313508380638 -1.014802129984123e-12 0.0003262466330640482 -1.681423338573249e-12 0.001021313511058595 1.009080029172536e-12 0.0003262466325584646 -0.000258950238809362 0.0008024606150254776 0.0001695227245872556 0.0004241206234072237
3.787225602898288e-14 8.838674291871155e-14 -1.153873857317225e-13 9.677276836458986e-14 -96.00000000000053 -94.65892722149987 -36.66060555964511 -84.66551837778827 -0.001035800946713444 -0.003209842456155765 0.0006780908917554336 -0.001696482491771631 118.7949750402896 -100.3977441647758 -77.76956647178663 44.90236811570294 -0.001464843751327759 -0.004539402736067435 0.0009589653385309627 -0.002399188549848358 -8.896165141158008e-13 -0.005777421663064365 8.154280054899054e-13 -0.001845529654805919 168.0029296874999 -141.9826134105653 -109.9837346096133 63.50098431299771 -0.001464843754453046 0.004539402740191725 0.00095896534086974 0.002399188549532276 -0.002071601899404062 -0.006419684912893649 0.001356181787539967 -0.003392964985992521 -4.102699451817438e-13 -0.008170508071860112 7.475426703994604e-13 -0.002609973064993001 -2.030368819396635e-12 -0.008170508069780497 1.918507723311779e-12 -0.002609973065427962 2.599800869332681e-13 -0.008170508073790741 -7.906617179563517e-13 -0.002609973066820352 237.592021682476 -200.7937375064005 -155.5404891253581 89.80395323948274 -2.063949042729318e-12 0.008170508074131408 8.648556119934016e-13 0.002609973063971884 -6.378166027961416e-12 0.008170508076847877 3.750371860118864e-12 0.002609973062677614 -0.002071601900198092 0.006419684914315394 0.001356181788426941 0.003392964985846101
2.037800909983751e-12 1.913166875597048e-12 -2.407979537916633e-12 3.081137582829499e-12 -94.65727652960396 -2181.553927951379 -41.31182235954984 -1945.87458864631 -1160.167548813692 -961.6620574662024 832.5376188011595 455.3696558185334 1427.898757304588 -1206.792408277539 -934.7791628687941 539.6970600896909 0.001444355401982942 0.004475911471733634 -0.0009455525654722768 0.00236563180669686 -1262.097020394554 -1013.327636718542 1032.795558988585 524.7324384367355 2019.35523263126 -1706.660970051865 -1321.978315505396 763.2463560366934 -0.00144435542309165 0.004475911460453627 0.000945552579477898 0.002365631813124527 0.002042626997827703 0.006329894705908021 -0.001337213261899434 0.003345508584994219 4.335071278375949e-13 0.008056229603423308 -8.283805761633229e-13 0.002573468147329633 -4.885897015636249e-11 0.008056229644388926 3.115284063003441e-11 0.002573468128514152 -713.9498893091293 -452.5402837295192 1051.627310409876 404.7741139697445 2855.799557236222 -2413.583090220189 -1869.559662950874 1079.39334813894 -2.352784200282458e-12 0.008056229606127971 1.077682253570979e-12 0.002573468146243645 -6.3909885271739e-12 0.008056229608404407 3.752651726794725e-12 0.002573468145051842 -0.002042627023943607 0.006329894685636362 0.001337213279317388 0.003345508594471362
1.491118930874398e-14 3.774943413385363e-14 -2.010475781085054e-13 3.934110553672038e-14 -36.66060555964547 -41.31182235954678 -37.99999999999864 -36.95041722813551 5.151258593532795e-13 -1.025767583715298e-12 -1.468855594126658e-13 -2.519484925026825e-14 51.84592558726258 -43.8178046004079 -33.94112549695333 19.59591794226527 1.022354517768169e-12 -1.138485523108835e-13 -3.883263150401148e-13 1.494640445169956e-12 3.594359627854347e-14 -2.778667265787261e-12 -3.770163972841645e-13 -2.319570876434722e-12 73.32121111929325 -61.96773353930939 -47.99999999999839 27.71281292110487 6.518227139940556e-13 1.644684833348077e-14 -6.014199669278206e-13 -1.536466783652802e-12 1.745113216213055e-12 -9.735928542040557e-13 -1.187606794574843e-12 7.156531999700457e-13 -6.059842067967532e-13 8.074972624704689e-13 6.968596587375017e-13 1.299783972970017e-13 3.005161734772897e-14 -1.116406004059985e-12 3.318749267242863e-13 3.006583643291556e-13 1.075916706404519e-12 -3.190195140110547e-12 -1.511757997422344e-12 -9.460409093271618e-13 103.6918511745263 -87.63560920081605 -67.88225099390711 39.19183588453275 -1.969039689735558e-12 2.539527884335879e-12 1.485312632963461e-12 -5.021275187418759e-13 -4.840694028422736e-13 -1.249880911996127e-13 3.854572666379335e-13 -2.779205704938787e-13 2.063548258119721e-12 3.104104629763874e-13 -1.541619721970618e-12 -6.321870340693632e-13
1.82164651589841e-12 1.752080474033055e-12 -2.152546813094387e-12 1.569640268586319e-12 -84.66404195407262 -1945.87622639141 -36.95041722813822 -1800.44460720471 -1037.686429451539 -860.1398774174927 744.6449565585002 407.2933189438131 1277.152502205055 -1079.391128522497 -836.0925736224052 482.7180422703717 -0.0001614838578316562 -0.0005004221027150158 0.0001057160000383706 -0.0002644856828816347 -1128.853892720822 -906.3535237805627 923.7604307033133 469.3331298827999 1806.166228353288 -1526.489709540474 -1182.413351300245 682.6664632161072 0.0001614838416902132 -0.0005004221165607968 -0.0001057159897624346 -0.0002644856768586748 -0.0002283726626528579 -0.0007077037246491558 0.0001495050018008804 -0.0003740392389797586 4.590086392125303e-13 -0.0009007138519538336 -5.612790449179077e-13 -0.0002877224859628784 -4.650305075597131e-11 -0.0009007138115995426 3.003771423806695e-11 -0.0002877225034118702 -638.5761940094415 -404.772441215149 940.6040612286654 362.0383842450507 2554.304776037495 -2158.782450055122 -1672.184997739835 965.4361708574944 -1.246061067365787e-12 -0.0009007138495907145 9.49643585038009e-13 -0.000287722486134146 -4.63143908246166e-13 -0.0009007138514122906 4.426559755730635e-13 -0.0002877224859308827 0.0002283726399875176 -0.0007077037442905419 -0.000149504987193479 -0.0003740392303599081
1.306559394090568e-12 1.020487142899415e-12 -1.59983274921909e-12 1.665184831811248e-12 -1.676497747921725e-12 -1160.149894680174 -2.40294165095526e-12 -1037.669611437595 -991.9882812499461 -899.2606339500819 366.5983838737174 21.13795843776736 727.9882812499359 -615.2623932908291 -476.5802005526552 275.15370707953 -0.01657281518075467 -0.05135747929867412 0.01084945429165647 -0.02714371987815072 -435.5446315804876 -937.0218788239432 414.7457057894519 463.9989236152019 1029.530900592342 -870.112421010023 -673.9861831800562 389.1261042891065 2.579325641960395e-13 2.174510571606447e-13 -1.685318551380988e-13 -9.736655925962623e-14 -0.02343750000649508 -0.07263044375992739 0.01534344541130476 -0.03838701679200483 -4.856108098128445e-12 -0.09243874660455267 3.564093311212637e-12 -0.0295284744542506 504.0468749999843 -425.9049222421949 -329.9761369276176 190.541339955774 -448.0000000000172 -283.8793908419901 659.8909000735875 254.0216543366687 1455.976562499885 -1230.524786581671 -953.1604011053159 550.3074141590641 -2.450513933062489e-16 1.864848649581695e-16 6.829004944740872e-17 9.979671553517346e-17 4.050444327926891e-17 1.772412269748229e-16 3.312611912363215e-17 6.122300564030379e-17 3.649580637699046e-13 3.085587341189466e-13 -2.388367281724868e-13 -1.377786773559819e-13
3.174892218483875e-12 -1.545352375302177e-13 -3.392979568656333e-12 5.037828895076429e-12 -4.681856667450012e-12 -961.6468081744622 -1.10301317463956e-13 -860.1230533694873 -899.2325721877363 -3629.297526041571 271.101269813833 -2556.552129220229 603.4285830327185 -509.9902343748574 -395.0367368924771 228.0745663846704 -1338.639701438352 -1074.751668245836 1095.434417304073 556.5876322583758 1472.521646700038 -2347.53006370214 -854.4471897081149 1087.844102843074 853.3768860484525 -721.2351061307592 -558.6663109489546 322.5461450135645 2.605794195261995e-15 2.202298051072378e-15 -1.705892735037526e-15 -9.848976297826494e-16 0.02310968660602297 0.07161458337208627 -0.01512884116557722 0.03785010897592091 -757.2582122368023 -479.9088541663925 1115.419203707688 429.3541671484635 3029.032848946949 -2559.90885416639 -1982.967473258125 1144.895919948348 -378.6291061183574 -239.9088541664929 557.7096018537745 214.6916413084293 1206.857166065448 -1019.980468749725 -790.073473784959 456.149132769344 -9.317639522232142e-29 7.523264513323856e-29 3.861550276996204e-29 1.422918932190721e-29 2.266143323260876e-29 1.024558492836008e-28 4.342951361996124e-29 6.0912648586427e-29 3.685149491692727e-15 3.114519772214475e-15 -2.412496641843995e-15 -1.3928555855878e-15
-7.790463695066548e-13 -7.11454358827849e-13 7.587047251610346e-13 -5.666340730618769e-13 -2.046576301220612e-13 832.5382874077964 2.011669453173196e-12 744.6448818060053 366.6060555964218 271.1088342344325 -451.9999999999544 -308.305043747242 -522.4136292249092 441.5201014675587 341.9999999999583 -197.453792062834 5.673818968066427e-12 -4.35462883018976e-12 -3.214097866001654e-12 2.415699170673764e-12 673.9970326343728 284.8157299025958 -526.0874452027383 -156.767343538112 -738.8044396184181 624.4037155557691 483.6610383315405 -279.2418306772578 -4.484468352217164e-13 -3.792244296363378e-13 2.931543896522726e-13 1.691286000138348e-13 7.868044343667023e-12 -6.124901811704592e-12 -4.747598868726642e-12 3.646713077439928e-12 -2.629474348398625e-13 -9.63379331021447e-13 -1.665912684941457e-13 -9.610846243663558e-13 219.9636333578972 -185.9032006179497 -144.000000000007 83.13843876331568 293.284844477176 185.903200617837 -431.9999999999569 -166.276877526623 -1044.827258449828 883.0402029351268 683.9999999999203 -394.9075841256712 4.277967843734647e-16 -3.255546703369364e-16 -1.192168841161961e-16 -1.742194297325794e-16 -7.071035326069202e-17 -3.094176529062577e-16 -5.782969461489413e-17 -1.068796409978321e-16 -6.347700143294333e-13 -5.364597654988756e-13 4.151401444829617e-13 2.398081733190338e-13
1.459249743350879e-12 -1.228601933121589e-12 -1.583142227033465e-12 2.88831408817661e-12 -4.597638305384429e-13 455.3659242897212 2.878846546538094e-12 407.2916645395189 21.16471861773287 -2556.575057651631 -308.3041980193132 -2778.668782551892 -285.7398497242021 241.4942497398753 187.0606414894921 -107.9995117187458 -1197.332190748726 -961.3380703208846 979.7970931530867 497.8001816414663 2215.061172970039 -1378.760265544035 -1499.087722583188 599.6242486662776 -404.097170790418 341.524443217248 264.5436961806517 -152.7343742023228 2.39548035623839e-15 2.024550415193267e-15 -1.568210008320277e-15 -9.054064704495984e-16 -0.002583741552269979 -0.008006753794080359 0.001691455890920336 -0.004231770847859785 -677.3123356325593 -429.3352420936496 997.6612651595951 383.9967447916933 2709.249342529999 -2289.743799373422 -1773.620026950406 1023.996744791631 169.3280839081399 107.3210725059665 -249.4153162899005 -96.00325520834213 -571.4796994484097 482.9884994797554 374.1212829789864 -215.9990234374932 -1.778257367869143e-30 6.929731335031593e-30 -9.166656419891958e-30 1.358009278253106e-29 8.525766295119033e-31 6.465488289090839e-30 -3.476175458704484e-30 1.262239137915349e-29 3.387720808190691e-15 2.863146654874472e-15 -2.217783862415764e-15 -1.280438109970178e-15
-1.244155129647238e-12 -1.089899129494011e-12 1.75622410914163e-12 -1.69026100506532e-12 118.7939392393464 1427.899778618094 51.84592558726347 1277.152388018733 727.9999999999375 603.4401378760349 -522.4136292249091 -285.7411415949579 -1327.999999999923 627.0780459379422 540.7439320047341 -645.5869426793081 1.148947603724082e-11 -9.78772618509538e-12 -7.535305712735862e-12 4.351186078110914e-12 791.9595949288814 635.8616201657401 -648.0740698407221 -329.265850036096 -1504.739803180046 1271.671882852272 985.0834356121999 -568.7590665094913 356.3983905332269 -301.1742652434557 -233.3175145969876 134.7393375144682 1.63282720677671e-11 -1.378452907374594e-11 -1.06599173932409e-11 6.140865593806666e-12 1.452634499060718e-14 -2.918197758497653e-15 -9.340154107255402e-15 -3.418920008944536e-15 3.19175796903437e-11 -2.686562083908939e-11 -2.079758587569813e-11 1.20259358027397e-11 448.0000000000138 283.9718295886032 -659.8909000735857 -253.9921258622169 -2128.023437499854 1798.415623618228 1393.118354711861 -804.3467855803846 8.546556392972495e-12 -0.09243874661888711 -5.008391538073151e-12 -0.02952847445044772 504.046875000017 -425.9049222422211 -329.9761369276384 190.5413399557871 -0.02343750000076736 0.072630443785236 0.01534344540774916 0.03838701678417463
3.291461988056865e-12 3.824089397230167e-12 -4.132429642031087e-13 -1.01170929523922e-14 -100.3992031840821 -1206.79557322488 -43.81780460040681 -1079.390774670621 -615.2722974422534 -509.9999999998491 441.520101467559 241.4953415699411 627.1044570083907 -3889.307291666516 -673.8991022399982 -2453.688634934967 -9.517719945506542e-12 8.117950756059145e-12 6.245670647331281e-12 -3.598010778205207e-12 -669.3280212271582 -537.4011537015964 547.7225575050642 278.2804340947838 -50.18326057606691 -2163.696111272841 251.941678746256 1043.578391924248 2141.833326911027 -1810.142720679851 -1402.159049506961 809.5698450718488 -1.35003119794419e-11 1.140598726578901e-11 8.817835350782843e-12 -5.088374166462017e-12 -1.291795210821131e-14 2.912324802409631e-15 7.888360418650228e-15 2.80342384095947e-15 -2.69650968220958e-11 2.26982876938564e-11 1.757882728270488e-11 -1.015365569401183e-11 -378.6291061183538 -239.9999999998284 557.7096018537728 214.6625258399749 1822.175682881016 -1539.928385416255 -1192.89399947285 688.7467871788209 -757.2582122368156 -479.9088541663789 1115.419203707697 429.3541671484601 3029.032848946945 -2559.908854166387 -1982.967473258123 1144.895919948347 -0.02310968668352866 0.07161458332723383 0.01512884121624089 0.03785010899953615
8.952137704612633e-13 8.904779216703031e-13 -1.066089032093296e-12 7.797302326505563e-13 -77.76888838089837 -934.7798314754309 -33.94112549695365 -836.0924988699103 -476.5878722753601 -395.0443013130684 341.9999999999583 187.0614872174244 540.7439320047338 -673.8991022399971 -535.9999999999528 145.4922678357717 -7.794653811288299e-12 6.637357330419036e-12 5.10436137801662e-12 -2.953193245502916e-12 -518.4592558725877 -416.2691437038176 424.2640687118809 215.5550973649096 920.2651791738392 -777.7660316572021 -602.4549775708782 347.8275434751877 155.5377767617819 -131.4534138012255 -101.8233764908563 58.78775382679625 -1.106137403894536e-11 9.354295116281719e-12 7.23243687161812e-12 -4.168221323652688e-12 -8.68226239278593e-15 1.334628512379003e-15 6.121680280008861e-15 2.349351473767435e-15 -2.091127271341975e-11 1.758948542374128e-11 1.363353874239692e-11 -7.876366225900711e-12 -293.2848444771786 -185.9032006178365 431.999999999958 166.2768775266206 1301.451497367358 -1099.927270322722 -851.9999999999172 491.9024293495338 -9.146073367521641e-13 -1.116008842289837e-12 1.828185937472107e-14 -1.855970488458997e-12 219.9636333578759 -185.9032006179327 -143.9999999999933 83.13843876330732 -3.712633262560195e-12 -2.215632055043308e-12 2.192541864200508e-12 7.301766274674939e-14
1.426832885915271e-12 2.032190149248798e-12 1.593900111442932e-12 -1.924727549632735e-12 44.8998886412915 539.6953873353914 19.59591794226846 482.7182292899868 275.1581363506988 228.0789337049351 -197.4537920628342 -107.9999999999952 -645.5633198997522 -2453.714838856588 145.492267835767 -2818.669270833144 4.251266005894649e-12 -3.622879773956811e-12 -2.783551167340192e-12 1.608713162681852e-12 299.3325909419012 240.3331021727419 -244.9489742782981 -124.4507934888305 -1751.09748399124 -493.3209766160307 1342.321575084973 288.4965744102562 1915.730409009285 -1619.0918236359 -1254.139944344804 724.0743516211429 6.02629057766535e-12 -5.099032307498419e-12 -3.939515380579905e-12 2.273736754432321e-12 5.777083808810173e-15 -1.302431246149577e-15 -3.527782025424467e-15 -1.253729255625921e-15 1.20721210805641e-11 -1.014832662349363e-11 -7.855049943827908e-12 4.54125625992674e-12 169.328083908142 107.3312629199245 -249.4153162899021 -96.00000000000793 -783.1449718166344 661.8681145860528 512.6887304962444 -296.0042317708397 -677.3123356325578 -429.3352420936506 997.6612651595946 383.9967447916942 2709.249342529996 -2289.743799373422 -1773.620026950404 1023.99674479163 0.002583741510027891 -0.008006753830033514 -0.001691455863697108 -0.004231770831964209
1.372135120052107e-12 -8.472064745859901e-13 -1.015958178679388e-12 2.240638244651025e-12 -1.8584474267932e-12 1.396352983908276e-12 1.405252441246304e-12 -5.246383398024416e-13 -2.254865914622464e-12 -1338.357235302145 -2.317089048421439e-12 -1197.063102525662 1.278144257099711e-13 -9.717227023031683e-14 -8.348877145181177e-14 4.356237592872958e-14 -1439.812499999975 -1372.794620383638 293.162096913875 -275.6069691624392 839.8124999999407 -709.7711075490803 -549.7863358313962 317.4192889890449 1.713351682752773e-13 -1.446898156842735e-13 -1.123684478798737e-13 6.47953912746857e-14 9.008419010747559e-15 7.624977038656056e-15 -5.888518839203272e-15 -3.390517033796669e-15 -0.2651650429435514 -0.8217196688932159 0.1735912687054026 -0.4342995180965533 356.9121478039234 -1003.39441753601 155.1905942243115 584.2330748205836 1187.674227350378 -1003.767926476489 -777.5152925401724 448.8986634471343 3.956545230478143e-16 2.478688788603288e-16 4.349900012654326e-16 3.00155483561462e-16 2.419175970658216e-13 -2.042949143188366e-13 -1.578320807382738e-13 9.098277686803158e-14 -1.082984387162025e-17 8.241544537531753e-18 3.018022315733481e-18 4.410433393447219e-18 1.790060406946189e-18 7.833029593722925e-18 1.463981466664313e-18 2.705700153312856e-18 1.275021754842953e-14 1.077696959450591e-14 -8.337081025544535e-15 -4.815158688442622e-15
2.751681565305736e-12 -2.59435200656713e-12 -6.579835069855055e-15 2.741087807273586e-12 -3.872507707124958e-12 3.454154666390655e-12 2.391555369378125e-12 -1.290336043335964e-12 -5.748864059354307e-12 -1074.507679577883 -1.126743344972064e-13 -961.0688855526481 -3.249416768010961e-15 1.675991510854061e-15 2.12724261483837e-15 -7.49526189596534e-16 -1372.345632185855 -3857.64930555556 152.2163142211531 -2680.494252152866 674.2482177800009 -569.8437499998375 -441.3990707379828 254.8418723106332 -3.699919733504473e-15 3.127002904925321e-15 2.42216603486329e-15 -1.398438212250552e-15 -8.954495296193605e-16 -7.567929798523991e-16 5.862093214990714e-16 3.384481095689571e-16 -624.4446968872038 -395.169570944149 920.002733309429 354.6033230386998 2097.227799845502 -2365.419496981448 -1044.324342976626 1172.480323292038 953.5309739903714 -805.880759683319 -624.2325522565386 360.4008320822518 5.364148021193056e-28 2.848790306890013e-28 4.860430138330366e-28 3.913102956270759e-28 -5.23247666681471e-15 4.422249917725601e-15 3.425460056824492e-15 -1.977690285906007e-15 -1.115835685089274e-29 1.824858326145968e-29 3.250259686748388e-30 8.388441939986717e-30 6.234294910628464e-30 1.400333165234782e-29 7.335385312622782e-30 1.901919870944248e-29 -1.266356869208279e-15 -1.07026689601602e-15 8.290251728535009e-16 4.786379067119976e-16
-7.820874859863661e-13 3.87088589863997e-13 7.038723751808825e-13 -1.127940371601388e-12 3.89199937950923e-13 6.230110919559641e-14 -5.144772075146974e-13 1.644269947189277e-13 -1.496422826224623e-12 1095.44511501027 2.482341751246801e-12 979.7958971131729 -2.38670194718793e-13 1.735833699001432e-13 1.558336792939485e-13 -7.7562956057875e-14 293.2848444771351 152.3373449507142 -703.9999999999442 -518.4605417322651 -687.3863542433085 580.9475019310047 449.9999999999492 -259.8076211353107 -3.139433157883786e-13 2.640387908314779e-13 2.056826930996181e-13 -1.185995746055823e-13 -2.37327518748387e-14 -2.004472976491201e-14 1.549975425785277e-14 8.949872093433342e-15 1.617253986136702e-11 -1.274090955497109e-11 -9.812522861862896e-12 7.491822944959322e-12 673.997032634416 -109.5445115011212 -695.7930726875078 -39.19183588453799 -972.1111047610896 821.5838362576023 636.3961030678232 -367.4234614174488 -6.907111622545173e-16 -4.32715390400613e-16 -7.593808027993196e-16 -5.239943709243741e-16 -4.422295862838155e-13 3.735900477863652e-13 2.886302308269251e-13 -1.66269775725425e-13 1.890612545000385e-17 -1.438761969012637e-17 -5.268691699395272e-18 -7.69948376115481e-18 -3.124985643157271e-18 -1.367445753678689e-17 -2.555735576000625e-18 -4.723457432500207e-18 -3.355822564277133e-14 -2.840262747216826e-14 2.196506865281833e-14 1.267735916243851e-14
1.124988698961935e-12 -1.53354811248275e-12 1.01396635026132e-12 4.410658375618458e-13 -1.871335706334477e-12 1.732283168685176e-12 1.0522247065202e-12 -1.071846710442704e-12 3.639951200937532e-14 556.5279277973477 3.299079076014103e-12 497.7737111727649 -8.427721151693416e-15 3.334181422164942e-15 5.517238587659322e-15 -1.491091261855727e-15 -275.1788062828716 -2680.861107055399 -518.4470100853355 -3177.81163194431 -349.2185031283984 295.1435037488639 228.6171749521479 -131.9921874999986 -8.748875093449922e-15 7.39414900931695e-15 5.727483194492517e-15 -3.30676396411945e-15 -3.169722459173545e-15 -2.678904422678825e-15 2.075070443023432e-15 1.198042478867048e-15 -558.7834014565756 -354.2656840174597 823.0476902136857 316.7359609499608 2414.616233598062 -1775.207151280723 -1727.706765242983 742.8966962884637 -493.8695433558152 417.3959458479606 323.3135094087513 -186.6651416897913 -2.610779867072434e-30 -3.167807977171159e-29 7.950401454537983e-29 -7.051568487381597e-30 -1.237277781266526e-14 1.045690581118372e-14 8.099884411915454e-15 -4.676470445624443e-15 2.758022230588677e-30 3.157586172162856e-30 1.592961783323183e-30 -5.524845789784596e-30 7.754078594414816e-30 5.258990342045166e-30 4.583420944873362e-30 1.903074885252162e-29 -4.482664490721817e-15 -3.788542966853699e-15 2.934592763403324e-15 1.694287921912897e-15
4.761466408803898e-13 1.747164100548396e-12 -6.708866949674423e-13 -1.150635264933894e-12 -4.152877429887107e-13 -1261.885731830878 -5.480084840899722e-12 -1128.664910484317 -435.4451946893714 1472.633699382152 673.9102370000221 2215.01106148718 791.8270124074128 -669.2159685450363 -518.3724602382366 299.2824794590441 839.9999999999482 674.4330952731915 -687.3863542433107 -349.2391730605156 -4239.812499999897 -769.3544825077066 1255.502992854532 -1513.818582740676 1119.812499999936 -946.4142988730403 -733.089363629624 423.2493414316286 1.510076785837811e-14 1.275628908059545e-14 -9.857566152238206e-15 -5.690326682072921e-15 3.420552729949122e-11 -2.879829708035686e-11 -2.234301632597635e-11 1.287325801513362e-11 475.1757569573757 301.197609552079 -699.9199954279929 -269.399331847742 -2613.731828308302 2207.960750380743 1711.089135648267 -988.2318496263891 1148.871742732911 -1906.987246192703 -233.6538476802033 1033.231961233494 1583.654024814841 -1338.431937090086 -1036.74492047648 598.5649589180928 -1.082984387162145e-17 8.241544537524287e-18 3.018022315743018e-18 4.410433393434816e-18 1.79006040692236e-18 7.83302959372888e-18 1.463981466677612e-18 2.705700153280353e-18 2.133536403103875e-14 1.805500193796661e-14 -1.395758508770939e-14 -8.06819888676813e-15
6.388915986060457e-12 -8.695112803620079e-13 -6.703998328505421e-12 6.3153409921059e-12 -1.297837077280756e-12 -1013.124999999809 -3.134303484417661e-12 -906.166547881577 -936.9285015888511 -2347.484028104397 284.7301482529929 -1378.802470421658 635.730892036606 -537.2906682670457 -416.183562054215 240.283691584306 -709.9295739718478 -569.9999999998113 580.9475019310065 295.1609730299377 -768.9054943099181 -9148.760416666479 -937.3830005117853 -5387.130312917699 899.0592495377167 -759.8437499997621 -588.5724378938169 339.8124554556006 2.361519126804935e-16 1.995847937641373e-16 -1.54597716480999e-16 -8.925703322638503e-17 -2.867395210159884e-11 2.41264785927342e-11 1.869082666416944e-11 -1.078070965832012e-11 -401.5968127363348 -254.5584412269758 591.5403621054804 227.6839915321187 920.5874854454007 -2756.906220106537 492.779138455565 1613.189831785674 4819.161752836405 -4863.863457173654 -2716.703885225753 2327.76576180692 1271.461784073224 -1074.581336534102 -832.3671241084351 480.5673831686159 1.374408953584839e-29 -9.863545825181226e-30 -1.393825505458055e-29 2.501895514854046e-29 1.652737811937717e-29 -2.68640539399943e-29 -1.031427095454866e-29 -5.951164986761508e-30 3.339692376930886e-16 2.822555221847826e-16 -2.186341873592781e-16 -1.262285069259265e-16
-6.68031104744734e-14 -1.29581768512743e-12 5.452052068135842e-15 7.028267619688464e-13 1.11543406776937e-12 1032.795558988587 3.342020392305328e-12 923.760430703313 414.7674046980322 -854.4471897081063 -526.087445202739 -1499.087722583186 -648.0740698407241 547.7225575050659 424.2640687118821 -244.9489742782989 -549.9090833946591 -441.520101467531 449.9999999999508 228.6307065990815 1255.625740417789 -937.2619697822091 -1843.999999999869 -464.1896164284476 -916.5151389910835 774.5966692413443 599.999999999936 -346.4101615137498 -2.489675132721914e-14 -2.101790963493499e-14 1.623180756471498e-14 9.372277259833695e-15 -2.27018404075352e-11 1.91349158740195e-11 1.482369782479509e-11 -8.546940932774305e-12 -311.0755535235833 -197.1801207017339 458.2051942088394 176.3632614803981 1516.493323427376 -1281.670784561919 -992.7779207858513 573.1805998112509 1192.456288507036 -394.3602414038054 -1120.057141399408 58.78775382678549 -1296.148139681461 1095.445115010143 848.5281374237695 -489.8979485566015 1.890612545004169e-17 -1.438761969014908e-17 -5.268691699428046e-18 -7.699483761129217e-18 -3.124985643149635e-18 -1.367445753682138e-17 -2.555735576029036e-18 -4.723457432499665e-18 -3.51836615397616e-14 -2.980254931728155e-14 2.301284163230832e-14 1.327930820860246e-14
2.238536257707016e-12 -1.140958470576967e-12 -2.262094616104849e-12 6.07165810035685e-13 4.490910798549897e-12 524.7073263451894 -9.858041428062439e-13 469.3124999999926 463.9509001108027 1087.811162450779 -156.7577752188004 599.6320747178914 -329.2512341869315 278.268081447676 215.5455290456035 -124.4452692171035 317.4901573277368 254.9117494349184 -259.8076211353115 -131.9999999999984 -1513.390419861119 -5387.49716782024 -464.1760847815259 -6954.700520833053 -465.6315608152399 393.5304947588457 304.8274104851772 -175.9921874999993 -2.426417904160945e-15 -2.050697415450925e-15 1.588463387630549e-15 9.170997644463947e-16 1.2759571177412e-11 -1.075584066256852e-11 -8.337330825725076e-12 4.799716180059477e-12 179.5995545651585 113.8419957659926 -264.5448922205668 -101.8233764908715 -2140.257256933005 37.85674584355888 2380.923166623672 322.3928151994911 5028.787527824069 -3896.041368700102 -3488.073393723087 1674.392029371534 -658.5024683738691 556.5361628953575 431.0910580912094 -248.8905384342087 -2.000015044986418e-29 1.897318600439095e-29 -7.042678400649515e-31 2.176346087654006e-29 -4.445492872724197e-30 -3.893473140325496e-30 -1.048001137630911e-29 -1.274354730931498e-29 -3.431473108049342e-15 -2.9001240972541e-15 2.246426466120175e-15 1.296974924929234e-15
-4.221227541211903e-13 -5.629093635857017e-14 2.581490401923586e-12 -3.677705408778411e-12 168.0000000000114 2019.355232631257 73.32121111929651 1806.166228353284 1029.547473407528 853.3932270645819 -738.8044396184182 -404.0989977715618 -1504.723230364855 -49.90079443988502 920.265179173834 -1750.828395768197 1.595168441781425e-11 -1.360156431928772e-11 -1.044853092935227e-11 6.047606859738153e-12 1119.99999999993 899.244127030922 -916.5151389910807 -465.652230747354 -4575.812499999831 -0.264110704913314 1429.640869262816 -1841.891745312659 839.8124999999765 -709.7711075490834 -549.7863358314197 317.4192889890462 2.263433884763799e-11 -1.91704430108075e-11 -1.478284161748888e-11 8.538947326997004e-12 2.158235223818941e-14 -4.84992972275905e-15 -1.320003982869446e-14 -4.695527133920724e-15 4.517630713962717e-11 -3.802114179052296e-11 -2.945199639725615e-11 1.70032876667392e-11 633.5676759431678 401.5968127361054 -933.2266605706568 -359.1991091303224 -3484.887382730016 2944.221573730551 2281.394317108073 -1317.497699662463 1307.263661718711 -1806.58804300867 -466.9605128228734 943.4321839509225 1187.674227350406 -1003.767926476512 -777.5152925401906 448.8986634471448 2.286171252308122e-11 1.934452598106873e-11 -1.493916101935611e-11 -8.611777957412414e-12
6.492375820156467e-12 4.795523757732037e-12 -4.85763430887697e-12 -2.757772387838306e-12 -141.9859147943787 -1706.666666666442 -61.96773353931088 -1526.489072639603 -870.1264275952905 -721.2489168100675 624.4037155557689 341.525987298135 1271.723240331572 -2163.452122604856 -777.7660316571972 -493.051791847752 -1.34594557721357e-11 1.146460704148922e-11 8.803624496067641e-12 -5.086597809622617e-12 -946.5727652957971 -759.9999999997482 774.5966692413421 393.5479640399168 0.1848774928953745 -9408.76041666638 -1386.649068671745 -5284.271185952725 674.2482177799534 -569.8437499998201 -441.3990707379517 254.8418723106255 -1.909228330987389e-11 1.612932010175427e-11 1.247002501258976e-11 -7.196021556410415e-12 -1.8268743069519e-14 4.118649233603672e-15 1.11558262889423e-14 3.96464001696494e-15 -3.823430461125099e-11 3.213429522475053e-11 2.48441267558519e-11 -1.437072683074803e-11 -535.4624169817795 -339.4112549693009 788.7204828073072 303.5786553761585 1673.581509325921 -3393.30232317423 -0.1711632989772625 1897.794821200782 4953.027357081839 -4779.010643431304 -2913.884005927573 2251.87109796288 953.5309739903237 -805.8807596832785 -624.2325522565072 360.4008320822337 -1.91811011518439e-11 -1.619149259113328e-11 1.250199943569896e-11 7.212008767965017e-12
5.233339729149371e-13 2.471453368573582e-13 -1.976898893982284e-12 1.736680454959415e-12 -109.9818166789443 -1321.978315505393 -48.00000000000031 -1182.413351300243 -673.9970326343521 -558.6770086551469 483.6610383315406 264.5448922205638 985.072586157902 251.952376452456 -602.4549775708739 1342.320379045063 -1.041478014940367e-11 8.869349699125451e-12 6.815881192778761e-12 -3.937294934530655e-12 -733.2121111928783 -588.6934686233755 599.9999999999343 304.840942132109 1429.763616826069 -1386.52803794216 -1927.999999999847 -232.0948082142415 -687.3863542433255 580.9475019310009 449.9999999999604 -259.807621135309 -1.475619626489788e-11 1.247890679678676e-11 9.649170351622161e-12 -5.564437799421285e-12 -1.409239708585017e-14 3.149578158274065e-15 8.641768929503378e-15 3.078855944542172e-15 -2.959410494440817e-11 2.486899575160351e-11 1.923794457070471e-11 -1.112887559884257e-11 -414.767404698111 -262.9068276023119 610.9402589451194 235.1510153071974 2021.991097903107 -1708.894379415841 -1323.703894381096 764.2407997483102 1088.764437332507 -460.0869483043842 -967.3220766631283 117.5755076535831 -972.1111047610984 821.5838362576097 636.3961030678289 -367.4234614174521 -1.527666881884215e-11 -1.290878515192162e-11 9.977796366911207e-12 5.756284338076512e-12
2.210035717602092e-12 7.813842598093419e-13 -1.856183811115843e-12 -4.265809210402818e-12 63.49803146555899 763.2445363199162 27.71281292110433 682.666666666623 389.1323682244647 322.5523213371142 -279.2418306772579 -152.735064736288 -568.7319227896045 1043.518687463224 347.8275434751924 288.4701039415633 6.018296971888049e-12 -5.130118552187923e-12 -3.941291737419306e-12 2.278177646530821e-12 423.3202097703157 339.8823325798912 -346.4101615137487 -175.999999999998 -1841.463582433101 -5284.638040855279 -232.0812765673205 -6994.70052083305 -349.2185031283968 295.1435037488727 228.6171749521468 -131.9921875000026 8.548717289613705e-12 -7.226219622680219e-12 -5.582201367815287e-12 3.219646771412954e-12 8.170030273385358e-15 -1.841915932363208e-15 -4.989037185451331e-15 -1.77304091685011e-15 1.711164543394261e-11 -1.436895047390863e-11 -1.111111203044857e-11 6.433076293888007e-12 239.4660727535448 151.7893276879902 -352.7265229607556 -135.7645019878286 -2454.556477421982 303.4880692976478 2586.680305017433 203.5988759601623 4968.921009635687 -3933.988700622108 -3399.891762982902 1708.333154868492 -493.8695433558213 417.3959458479658 323.3135094087552 -186.6651416897936 8.551381824872806e-12 7.23154869319842e-12 -5.580425010975887e-12 -3.216982236153854e-12
-1.333617400414298e-12 -1.62678024354164e-12 -3.527370315934322e-13 1.252200595889972e-12 -2.07883754106761e-12 -2.376198105234731e-12 -2.225819792668978e-12 -1.207444281298527e-12 2.435551760271437e-15 -2.144118216307334e-15 -1.6080886622305e-15 9.378348791999613e-16 356.3818177180383 2141.849667927185 155.537776761787 1915.728582028137 3.492865718879301e-15 -2.988928549108039e-15 -2.270319349184646e-15 1.334869714764153e-15 7.348166762593218e-19 1.217255923545142e-17 -1.226786803462929e-17 -1.36463090796815e-17 839.9999999999482 674.4330952731916 -687.3863542433106 -349.2391730605156 -2447.999999999918 934.3180286021259 815.698473702075 -1259.755588539762 4.947431353485854e-15 -4.220582217051572e-15 -3.262147496574386e-15 1.877404481875899e-15 -3.351606905681153e-17 2.332177016141704e-17 -2.881543368205253e-19 -4.501803593464299e-18 9.316206750095701e-18 7.894782871697172e-18 -6.650973487503537e-19 -1.237784899083014e-18 3.017471075717864e-17 3.398973915713961e-17 1.807140276321525e-17 5.908801668300034e-18 3.410605131648481e-11 -2.871303195206565e-11 -2.227196205240034e-11 1.284483630570321e-11 475.1757569573757 301.197609552079 -699.9199954279929 -269.399331847742 -2613.731828308303 2207.960750380713 1711.089135648267 -988.2318496264014 831.8227397184007 -702.4209133481377 -544.555809935005 314.933965938579
3.056952120782032e-12 4.20674150933225e-12 2.478184223999451e-12 -3.479086829557747e-13 4.226414847675864e-13 6.53205606402781e-13 2.058470127232911e-12 1.630422940407945e-12 -8.232095157719228e-16 6.957390247876409e-16 5.389171312618171e-16 -3.111439508049291e-16 -301.1976095522513 -1810.193359837357 -131.4534138012234 -1619.086162005965 -1.164194061879283e-15 9.839235647268575e-16 7.621439160256528e-16 -4.400239950786728e-16 -2.263581246779775e-30 -1.382479295265014e-30 1.325657411508291e-29 1.0121211743583e-29 -709.9295739718477 -569.9999999998113 580.9475019310065 295.1609730299377 934.7406057294662 -4637.805555555406 -1195.460859529225 -2371.846994133587 -1.646419031543855e-15 1.39147804957525e-15 1.077834262523666e-15 -6.222879016098565e-16 1.916188063470013e-29 1.423869088677982e-30 1.223750804092938e-29 1.075826816787342e-29 -1.429494281652776e-30 4.84889713874914e-31 -7.785768337891781e-30 -3.995897267486309e-30 -2.417563374581498e-29 -2.358581202881186e-29 -2.083354784953192e-29 -1.578616986290203e-29 -2.861710868273803e-11 2.41264785927342e-11 1.866240495473903e-11 -1.075228794888972e-11 -401.5968127363348 -254.5584412269758 591.5403621054804 227.6839915321187 1634.53737475454 -2304.357880147384 -558.8481719543199 1208.418291284092 2498.563156323469 -2111.082026623549 -1635.693541782837 944.8951529368181
9.855396126666579e-13 1.306555499772434e-12 5.168510206155834e-13 -6.962950439208829e-13 7.717623871204546e-13 9.840069914638699e-13 1.416796907108357e-12 9.028819018866279e-13 -1.537485416758244e-14 1.313619352183437e-14 1.007267186325933e-14 -5.823900389723136e-15 -233.3066651426932 -1402.169747213175 -101.823376490859 -1254.138748304889 -2.178986158174467e-14 1.848347863653288e-14 1.425335544036344e-14 -8.264222639553509e-15 -1.282801158412366e-18 -2.125016156109063e-17 2.1416546241673e-17 2.382295021501399e-17 -549.909083394659 -441.5201014675312 449.9999999999508 228.6307065990815 815.6984737020749 -1195.460859529228 -955.999999999939 177.8238829103937 -3.081389310377602e-14 2.614054805949451e-14 2.019391598384601e-14 -1.164346397075633e-14 5.851044702868432e-17 -4.07138198495624e-17 5.030434515288676e-19 7.858992659400759e-18 -1.626370385600335e-17 -1.378226289709544e-17 1.16108912193182e-18 2.160854473970474e-18 -5.267729375930908e-17 -5.933735334836249e-17 -3.154802707674767e-17 -1.031524987104357e-17 -2.258815356981358e-11 1.900701818158268e-11 1.473843269650388e-11 -8.490097513913497e-12 -311.0755535235833 -197.1801207017339 458.2051942088394 176.3632614803981 1516.493323427355 -1281.670784561902 -992.7779207858379 573.1805998112408 362.9214791108245 -306.7246322028622 -237.5878784786644 137.1714255958587
1.03239816119225e-12 1.622636580525548e-12 1.569972597372498e-12 1.039928746156438e-12 -1.909325795037223e-12 -2.052297580262888e-12 -7.442512650844827e-13 -1.203623786352698e-14 -1.729500643128828e-15 1.461694827095873e-15 1.132223944516103e-15 -6.536897991493096e-16 134.6996659238714 809.5430810031021 58.787753826799 724.0773439349931 -2.445883265645762e-15 2.067148648529601e-15 1.601206457978197e-15 -9.244569795419035e-16 9.958736773987084e-31 -2.576062756495451e-30 2.519504654130632e-30 -3.146044975365536e-30 317.4901573277368 254.9117494349184 -259.8076211353115 -131.9999999999984 -1259.377624066762 -2372.266256879393 177.8238829103874 -3297.819444444317 -3.459001286257663e-15 2.923389654191775e-15 2.264447889032126e-15 -1.30737959829864e-15 -2.055897045031914e-31 2.83313211571174e-30 -3.818854539512645e-30 -3.658340658226397e-30 9.202955388442473e-30 -3.928923715503062e-30 -3.286754212350076e-30 2.649998997058819e-30 -8.103549576290041e-31 -6.802897598738495e-30 6.751904221732138e-30 -4.759312761004469e-30 1.27950983142e-11 -1.077005151728372e-11 -8.355094394119078e-12 4.810374321095878e-12 179.5995545651585 113.8419957659926 -264.5448922205668 -101.8233764908715 -1501.681062923587 442.6282863448773 1440.319105395021 -39.64585676805666 2235.045910731248 -1889.024441752523 -1463.18100966104 844.7090242358834
1.140690797110464e-12 -1.563951197705416e-12 1.144672775510225e-12 -2.758471569368826e-13 -1.002155927520133e-12 9.873739076342555e-13 1.717019976483961e-13 -3.791429558051793e-13 -2.262428328518676e-12 1.854826969094295e-12 1.242644742446747e-12 -8.595766288978917e-13 1.010216216235094e-14 -6.621005826934478e-15 -6.606043836954179e-15 2.960088771319924e-15 -4.907859757817279e-12 -619.9252387081011 -3.372589720969021e-13 -554.4779898876193 1.231237334309299e-13 -1.038266694841639e-13 -8.068545831463325e-14 4.664324482206439e-14 1.267822652417649e-14 -1.069847335721796e-14 -8.305856002976952e-15 4.789571517171964e-15 1.610961797987587e-15 1.361893453913354e-15 -1.053790301547286e-15 -6.080205783298709e-16 -1661.000000000072 -1755.385387071209 -295.2488054893092 -1128.979880878624 388.9999999999856 -328.7650050893523 -254.6602779053893 147.0281800005863 1.732780585683713e-13 -1.465355614627128e-13 -1.135688765252496e-13 6.548928066507642e-14 1.748562476585442e-17 1.095436031796393e-17 1.922402372769444e-17 1.326512361477944e-17 1.789974418686668e-14 -1.513459496615965e-14 -1.170591401589149e-14 6.750676406763745e-15 -4.786160025407723e-19 3.642282518729436e-19 1.33379002822424e-19 1.949154600321835e-19 7.911024077939818e-20 3.461742714342538e-19 6.469945141659627e-20 1.195761829013416e-19 2.278776126130033e-15 1.926139369529123e-15 -1.491564033742621e-15 -8.612359957138604e-16
1.761044677914527e-12 -2.613384508645701e-12 2.310881096436626e-12 -1.427436889933489e-12 -3.256932508314013e-13 4.953730103792588e-13 -5.051900567077512e-13 -8.596034623374063e-14 -1.790417078219908e-12 1.699109351283376e-12 8.935310279923452e-13 -6.234813907001559e-13 2.621818510191985e-15 1.115380090607615e-16 -1.716383111627194e-15 -4.988131406700207e-17 -4.086135400254357e-12 -391.2657522564198 -3.220389051314641e-13 -349.9587277251659 -7.233868144277127e-15 6.113734440280319e-15 4.73567833406815e-15 -2.734145160969563e-15 1.760586253976844e-15 -1.487966963364888e-15 -1.152574253763891e-15 6.654390556716301e-16 1.947225041217511e-15 1.645705528498731e-15 -1.274758020927543e-15 -7.359818865341868e-16 -1748.201575906086 -2973.500000000261 -458.9485265256708 -2375.822226093782 245.5173109985415 -207.4999999999039 -160.7288088675444 92.79682106620776 -1.023023443805604e-14 8.646126162193106e-15 6.697260527076442e-15 -3.866665168141121e-15 1.006047873036149e-29 5.964622201564685e-30 5.27302508552151e-29 2.148964738838509e-29 2.489844958101654e-15 -2.10430305995376e-15 -1.629986141314915e-15 9.410729374635546e-16 1.13501217456316e-29 1.260319554383295e-29 -2.28380955815605e-30 -1.918509353250776e-30 3.326942874024557e-30 1.377951941547732e-29 1.543922837174888e-29 3.758771009960121e-29 2.753792062282392e-15 2.327379078075279e-15 -1.80278008193952e-15 -1.040835565597486e-15
-5.782041504313152e-13 6.773444745533029e-13 -3.702858170848416e-13 -1.513934006260674e-13 4.641286609031311e-13 -4.141363299464067e-13 -3.1019298155764e-13 2.531159811572921e-13 1.009696196049042e-15 3.633450391459833e-13 -2.813459047976733e-13 8.463537027525086e-14 -9.19837123136702e-15 6.727257639838058e-15 6.016021014687567e-15 -2.992831676928986e-15 -2.949805870986278e-12 920.1738966086432 2.88100960302572e-12 823.0285535750767 -2.067235271852041e-13 1.749156375296934e-13 1.355582313067316e-13 -7.840256222024777e-14 -1.213872752314771e-14 1.019670459179167e-14 7.958911307781591e-15 -4.575333167888829e-15 -9.034656703321708e-16 -7.634951698642922e-16 5.902396627011086e-16 3.397076456940207e-16 -293.2848444771681 -457.0120348525812 -919.9999999999561 -772.4946601757147 -577.4045375643901 487.9959016220535 377.9999999999636 -218.2384017536648 -2.909339436030223e-13 2.468858451010192e-13 1.908473379330644e-13 -1.102035129818546e-13 -3.052540916685343e-17 -1.912349917970436e-17 -3.356020719758901e-17 -2.315749831143196e-17 -1.710610819660729e-14 1.44207562557952e-14 1.116294556791075e-14 -6.415874775900221e-15 8.355405944714713e-19 -6.358489654948035e-19 -2.328454767830736e-19 -3.402723236965193e-19 -1.381061587090838e-19 -6.043313533209827e-19 -1.129486222890504e-19 -2.08749298818781e-19 -1.277190159187924e-15 -1.078455900971331e-15 8.354861941173297e-16 4.817652353439339e-16
8.725625192256889e-13 -1.492451877422008e-12 1.541955266434064e-12 -1.435016988364898e-12 5.296525896677602e-13 -3.281226766406238e-13 -7.928957295475128e-13 2.396230182690875e-13 -8.640546203609389e-14 8.267397749876123e-14 8.573138124912695e-14 -3.252739234943708e-13 4.352006357395443e-15 -2.201615085514321e-15 -2.849056936813301e-15 9.845921982999242e-16 6.5616483544596e-12 353.6480516621962 2.108734919511052e-12 316.3124334508044 1.292738770517917e-14 -1.092563672155627e-14 -8.462961813860715e-15 4.886093281374065e-15 4.919336542945652e-15 -4.157598209711674e-15 -3.220461725287251e-15 1.859334444009533e-15 1.235329871216885e-15 1.044044296652101e-15 -8.087132347273238e-16 -4.669108037670599e-16 -1122.129274805334 -2381.691904534675 -772.2781538247751 -3197.875000000032 -221.912391215559 187.5502016127925 145.2757614848479 -83.87500000000765 1.828208701871936e-14 -1.545118362918642e-14 -1.196843537500701e-14 6.909979385539034e-15 1.306510876593143e-29 3.680038555354883e-29 -1.312473679307003e-29 2.599147294013058e-29 6.956992456911415e-15 -5.879731775072372e-15 -4.554420649004664e-15 2.629495987705759e-15 -3.320059739851313e-30 7.206940082102468e-30 4.928523440868754e-30 -2.054533067877777e-30 -2.123722717851568e-31 1.405459699391408e-29 9.227128169270315e-30 9.49869600095398e-30 1.747020257879563e-15 1.476501604043672e-15 -1.143693224622022e-15 -6.603115911058942e-16
8.203769195127062e-13 -2.97667798666145e-13 -1.147258231498472e-12 1.693803424173727e-12 6.027751727278881e-13 -8.081405499662122e-13 1.029440913990814e-12 4.920727547726498e-14 2.478696770649464e-12 -753.8775952178805 -5.350599463663124e-12 -674.2886198484662 7.441963711940502e-15 2.33884092648573e-15 -4.854623647521095e-15 -1.050808745572951e-15 358.5031380616345 2099.020642759493 672.6083024847561 2413.814449872328 473.0544366138074 -399.8039698223257 -309.6868233739185 178.7977708394178 3.282096816548119e-15 -2.7599450502791e-15 -2.154960238032189e-15 1.239026242716434e-15 7.224743806683032e-15 6.10557611413487e-15 -4.728991720784337e-15 -2.729885545046939e-15 392.0000000000157 248.4753508900299 -577.4045375643932 -222.2431101294418 -6701.000000000159 -1861.874823167419 483.7890626531653 -4018.140312561279 669.0000000000142 -565.4081964133405 -437.9633057036384 252.8582324431823 1.748562476599308e-17 1.095436031793081e-17 1.922402372753505e-17 1.326512361482023e-17 4.599619296552504e-15 -3.903127820947816e-15 -2.998903209094905e-15 1.726483539465917e-15 -4.786160025433711e-19 3.642282518565666e-19 1.333790028117216e-19 1.949154600509044e-19 7.911024077293264e-20 3.461742714156887e-19 6.469945139922852e-20 1.19576182861135e-19 1.021643707133091e-14 8.635345043195297e-15 -6.687413209999216e-15 -3.861629982795933e-15
5.639023560193098e-12 -6.016387833909693e-12 1.033744614579468e-12 4.766485779997058e-12 -5.909758672129967e-12 5.085602141152478e-12 5.205408392061101e-12 -3.189686963468505e-12 -1.103151278418302e-12 -476.6666666664413 2.134214621829688e-13 -426.3436277097366 -4.582520456565497e-15 -4.75461764879816e-15 2.999963837985104e-15 2.12632965394673e-15 -1001.900381774378 -2364.682927417702 -110.9138178948673 -1775.882429322739 299.1059594857791 -252.7906742740394 -195.8108143079937 113.0514263509637 7.376672384397362e-16 -6.234426051410823e-16 -4.829165654055339e-16 2.788120090329992e-16 -7.218329817966728e-15 -6.100602157687873e-15 4.725506111712597e-15 2.72827222565458e-15 -331.3004678535628 -209.9999999998519 487.9959016220561 187.8297101099801 -1854.691012002295 -9580.166666667004 -2581.343400247315 -5454.142475118895 422.999704491409 -357.4999999997886 -276.9183092536855 159.8788603911567 1.053350482415539e-28 1.504738366027539e-28 -1.830111736253958e-30 8.785911636681048e-29 1.043219013119725e-15 -8.816809875515591e-16 -6.829471562911258e-16 3.94299724526914e-16 6.790460663311872e-29 -2.061496041882126e-29 -4.612350700831822e-29 4.935352254964273e-29 3.633256441884755e-29 -8.154784565871566e-29 -3.630873775702252e-29 1.894648758257072e-29 -1.020825992625069e-14 -8.627554310044558e-15 6.682874832261176e-15 3.858359583366717e-15
-1.208212412108055e-13 -3.855018622777528e-13 1.02187359840218e-12 -6.845533672948263e-13 -5.156754983267339e-13 5.927113748705674e-13 1.171293059159688e-13 -6.208547359022242e-13 1.224047926174958e-12 1115.419203707699 4.019157785446976e-12 997.6612651595991 -2.438067109311604e-14 1.955380302121057e-14 1.594731291465479e-14 -8.742572638054114e-15 155.5377767617138 -1044.324342976605 -695.7930726875102 -1727.706765242987 -699.9199954279985 591.5403621054852 458.2051942088432 -264.544892220569 -3.359638955924282e-14 2.835839202353085e-14 2.199542631364793e-14 -1.268906854590135e-14 -8.885578904604952e-16 -7.504305336858419e-16 5.797229016279992e-16 3.33852953962599e-16 -256.6242389175332 -162.6653005406078 377.9999999999657 145.4922678357937 485.7530236653072 -2579.406908574194 -3019.999999999885 -1184.7227523771 -989.8363501103962 836.5644027806743 647.9999999999462 -374.1229744348589 -3.052540916705349e-17 -1.912349917988894e-17 -3.356020719761018e-17 -2.315749831160434e-17 -4.747070792010533e-14 4.010160259415585e-14 3.102552936784519e-14 -1.790147891034266e-14 8.355405944804356e-19 -6.358489654962876e-19 -2.328454767838545e-19 -3.402723237069672e-19 -1.381061587108127e-19 -6.043313533154311e-19 -1.129486222824373e-19 -2.087492988038802e-19 -1.254747174217474e-15 -1.062951809904789e-15 8.225841882647522e-16 4.748534464943388e-16
2.042225781783574e-12 -2.495738503295124e-12 8.255269743638436e-13 1.245842389704308e-12 -1.238252700999744e-12 1.004207450299188e-12 1.961811499934169e-12 -1.37475739862607e-12 6.588949142706821e-12 428.9523736837585 5.185226976186591e-13 383.6666666667033 4.923425851109958e-15 -4.070007543279721e-15 -3.223138805887554e-15 1.820162707142228e-15 583.4646987500943 1171.953277015333 -39.03874277561644 743.021913114296 -269.1654782610742 227.486349178363 176.210168371478 -101.7349881432254 6.886600425143562e-15 -5.820239649924749e-15 -4.508338247019304e-15 2.60289030051458e-15 7.617518683442471e-17 6.437978325783827e-17 -4.986836567803113e-17 -2.879151434826791e-17 148.1620734196254 93.91485505493462 -218.238401753666 -84.0000000000076 -4011.289706488 -5460.012153559792 -1184.50624602618 -8603.208333333447 -380.6574698794539 321.7142802627847 249.1988099389918 -143.8750000000162 -3.148204878584259e-29 7.372479001384098e-29 8.965796701030024e-29 1.341569807008197e-29 9.739123719882294e-15 -8.231061849185312e-15 -6.375753092699911e-15 3.681042764356934e-15 8.175174901323891e-30 -4.260923831549625e-30 -2.219607218988441e-30 4.222581687866893e-31 6.038964766238832e-30 -8.2212627440618e-30 -4.236555421887338e-30 2.568147681224331e-30 1.077279823375552e-16 9.104676262587061e-17 -7.052451907525877e-17 -4.071735007256897e-17
5.025556276635339e-13 -2.174480357559019e-13 -9.719441236219772e-14 -1.489172879647316e-12 5.448575828819415e-12 -4.342224955607259e-11 -1.73710216725942e-12 -3.197435855255957e-11 504.0000000000107 3029.032848946941 219.9636333578986 2709.249342529994 2.400568632765498e-11 -2.033218038377527e-11 -1.573496888340742e-11 9.090506125630782e-12 1187.939392393333 953.7924302486194 -972.1111047610924 -493.8987750541486 -2613.466663265372 925.1069436244597 1516.493323427371 -2135.951845364079 3.397104819669039e-11 -2.872724280678085e-11 -2.225775119768514e-11 1.285727080357901e-11 -9.066098566323788e-15 -7.661026760891199e-15 5.935844264032264e-15 3.427054647009431e-15 4.795452923644916e-11 -4.033751110910089e-11 -3.130651293759001e-11 1.802646920623374e-11 672.0000000000267 425.957744382909 -989.8363501103885 -380.9881887933288 -10173.00000000006 -1802.714025336846 1061.193600217487 -5997.162293237619 837.0000000000343 -707.3941112077359 -547.9451223825897 316.3562639087411 4.797584551852196e-11 -4.055777935718652e-11 -3.136690907012962e-11 1.811173433452495e-11 -4.786160025229901e-19 3.642282518400275e-19 1.333790028239226e-19 1.949154600433327e-19 7.911024082706495e-20 3.461742713819586e-19 6.46994513918133e-20 1.195761828752181e-19 -1.28202570087721e-14 -1.083454072986489e-14 8.392917437427538e-15 4.846031345304147e-15
8.271610869910729e-12 -5.028256076778293e-12 -5.977817682925621e-12 1.045966376201381e-11 2.406708768817674e-12 2.84598074501634e-11 6.298401693472371e-12 2.996344487172031e-11 -425.9577443831333 -2559.999999999713 -185.9032006179536 -2289.733608959471 -2.018296640926565e-11 1.705835472876061e-11 1.320543674410146e-11 -7.631228982063476e-12 -1003.992031840747 -806.1017305524025 821.5838362576048 417.42065114218 2208.782470049657 -2753.002401418789 -1281.670784561917 42.16370213588414 -2.850342184501642e-11 2.41051623106614e-11 1.867306309577543e-11 -1.080380229723232e-11 7.09712323644431e-15 5.99816389961282e-15 -4.64615777820507e-15 -2.682460443944181e-15 -4.051514679304091e-11 3.4066971466018e-11 2.642508434291813e-11 -1.522160175682075e-11 -567.9436591775366 -359.9999999997463 836.5644027806677 321.9937887599654 -1795.530214171716 -14071.27777777804 -4063.405027395915 -7472.069598814025 529.4891405871228 -447.4999999997141 -346.632009485366 200.1280839861235 -4.020961341666407e-11 3.399591719244199e-11 2.633271378726931e-11 -1.519673276106914e-11 1.82084098206339e-29 -3.60132026545125e-30 -4.325297968720287e-29 1.003200302045164e-28 1.55823560878542e-29 -8.597759581137819e-29 -4.361013567035709e-29 -5.756166082398095e-29 1.003684793481279e-14 8.482684736169741e-15 -6.570659342862737e-15 -3.793571940355231e-15
2.525246298714022e-13 -2.731230601025684e-13 -3.82884334490696e-13 1.929663785081798e-12 -2.108500796034106e-12 2.69975592930082e-11 2.145371406611581e-12 2.086789001908137e-11 -329.945450036816 -1982.967473258115 -144.0000000000072 -1773.620026950404 -1.583444486641383e-11 1.338662514172029e-11 1.035438401686406e-11 -5.985434370359144e-12 -777.6888838088862 -624.4037155557301 636.396103067825 323.3326460473663 1710.915544379567 492.9503017548013 -992.7779207858412 2380.904029985078 -2.238209617644316e-11 1.890398948489747e-11 1.467626020712487e-11 -8.479439372877096e-12 2.200659359602453e-15 1.860111457224756e-15 -1.442964671360958e-15 -8.326672684688674e-16 -3.143796334370563e-11 2.649258590281534e-11 2.051336878139409e-11 -1.184474740512087e-11 -439.9272667157706 -278.8548009267566 647.9999999999409 249.4153162899322 1063.157561229628 -4061.468535722768 -4447.999999999773 -1419.12696166812 -1237.295437638 1045.705503475847 809.999999999936 -467.6537180435756 -3.158717731821525e-11 2.668798515514936e-11 2.070521532004932e-11 -1.194067067444848e-11 8.355405944714902e-19 -6.358489654875897e-19 -2.328454767900527e-19 -3.402723237024841e-19 -1.381061587263133e-19 -6.043313533127171e-19 -1.129486222885566e-19 -2.087492988068114e-19 3.113394958509375e-15 2.629949209798088e-15 -2.038679555033118e-15 -1.177009878450264e-15
2.813376407872909e-12 -2.253159705676354e-12 -1.090089454646417e-12 2.829469307771502e-12 4.035767922266417e-12 -1.906818910844016e-11 2.545297342677589e-12 -1.284557447020674e-11 190.4940943966556 1144.866804479885 83.13843876331057 1023.999999999956 9.116263299802085e-12 -7.696066006701585e-12 -5.966782623545441e-12 3.443911822387236e-12 448.9988864128552 360.4996532591154 -367.4234614174499 -186.6761902332472 -987.7975501082691 1612.234560409173 573.1805998112521 321.9692877003582 1.287681072881242e-11 -1.088729106868414e-11 -8.447464949767891e-12 4.873434988894587e-12 6.311241657613507e-15 5.333972739551487e-15 -4.131677517881734e-15 -2.385425127153823e-15 1.808864169561275e-11 -1.522515447049955e-11 -1.181454933885107e-11 6.801670338063559e-12 253.9921258622152 160.9968943798881 -374.1229744348558 -144.0000000000128 -5990.311687164346 -7477.939277254926 -1418.910455317215 -12220.09722222237 -475.9045170777913 402.2127274527805 311.5526390114784 -179.8750000000214 1.817923589442216e-11 -1.536726301765157e-11 -1.190514353766048e-11 6.866507362701668e-12 -1.997138055556365e-29 2.048737349375487e-29 1.307928607792341e-29 -7.222142928451748e-30 -3.357642748291153e-29 2.125304838160948e-29 1.434428611074033e-29 -1.911381489214269e-29 8.925443547611139e-15 7.543376589602111e-15 -5.843074381140375e-15 -3.373500566846515e-15
1.840994614212911e-13 1.180088545494929e-12 -4.444540400719666e-13 -6.782896763093985e-13 -5.666292417643502e-12 -711.5594320904653 -4.636609726052509e-12 -636.4381040741478 -446.5000000000268 -377.3613747362746 292.3028639711139 168.7611371986284 446.5000000000207 -377.3613747362672 -292.3028639711214 168.7611371986309 1.180045644533223e-14 -1.004838573459566e-14 -7.723422595917739e-15 4.468213993247261e-15 1150.462732990607 4820.954595750389 1191.067558357395 5027.985744098332 631.4463555996185 -533.6695740677869 -413.3786745484588 238.6642890278111 -7.106836820425233e-15 -6.005992144592076e-15 4.653260199036224e-15 2.686896928907889e-15 1.67314079257963e-14 -1.416141509613666e-14 -1.095694715513851e-14 6.310056643865636e-15 1.93542963145086e-17 4.632075617608296e-18 -9.434071635161944e-18 -4.350462816054776e-18 840.0000000000335 532.4471804786365 -1237.295437637985 -476.2352359916611 -12077.00000000024 -1577.902993579099 1436.96480720396 -7066.045822907812 893.0000000000501 -754.7227494725422 -584.6057279422459 337.522274397264 -4.786160025512776e-19 3.642282518848148e-19 1.333790028825956e-19 1.949154599614333e-19 7.911024074996497e-20 3.461742714515966e-19 6.469945146703512e-20 1.195761828698479e-19 -1.004990361763713e-14 -8.493206138382448e-15 6.579724829217093e-15 3.798529416357277e-15
9.661464454401889e-12 -1.922026298913488e-12 -1.008173963255714e-11 5.587859195355304e-12 1.17194929435616e-12 -450.1913173551872 -9.353662419255606e-12 -402.6633553945206 -282.4928096428367 -238.7499999998344 184.9349547812992 106.7722459255582 282.4928096428392 -238.7499999998377 -184.934954781292 106.7722459255537 1.812863442897374e-14 -1.532149252006384e-14 -1.186797707385022e-14 6.851979758324138e-15 -1905.493210431074 -4863.126887609915 -395.7295477975723 -3896.71664674212 399.5051626697858 -337.6434880163483 -261.5375212085587 150.998758272954 5.52548474606613e-15 4.669886942574834e-15 -3.617278871453089e-15 -2.0884369301675e-15 2.563776067675844e-14 -2.16678625176722e-14 -1.678385413577248e-14 9.690162703327633e-15 8.27514977864866e-30 3.125848825352121e-29 -6.406292756215154e-29 -7.861343851682549e-29 -709.9295739719201 -449.9999999996827 1045.705503475834 402.4922359499571 -1570.719182413955 -16446.8333333337 -4905.133407971722 -8429.603597179019 564.9856192856846 -477.4999999996805 -369.8699095625863 213.5444918511089 5.198430403123554e-29 -5.468960727239481e-29 1.086392276433234e-29 2.703865095055989e-29 2.31038646488104e-29 -9.633006154865359e-29 1.73444586590282e-29 -1.093210784615218e-28 7.814215466572652e-15 6.604217448938605e-15 -5.115604838894772e-15 -2.953495830803653e-15
5.438619386921848e-13 -1.379530397762576e-12 -5.186990071808113e-13 -2.417105936095307e-15 4.163933492533735e-12 1051.627310409887 1.797682604858478e-12 940.6040612286782 659.8909000735953 557.7096018537815 -431.9999999999586 -249.4153162899026 -659.8909000735961 557.7096018537814 431.9999999999646 -249.4153162899059 1.410937339185736e-14 -1.182907938268585e-14 -9.233933062624544e-15 5.319529539082879e-15 -233.3066651427981 -2716.703885225734 -1120.057141399418 -3488.073393723086 -933.2266605706716 788.7204828073192 610.9402589451287 -352.7265229607611 5.059917328881225e-15 4.277611251324309e-15 -3.315056562591678e-15 -1.915107612424083e-15 1.990074771640593e-14 -1.67765107361717e-14 -1.30442531776076e-14 7.550383929189053e-15 -3.378762967064783e-17 -8.086414149433585e-18 1.646946566871024e-17 7.59479053816287e-18 -549.9090833947135 -348.5685011584457 809.9999999999261 311.7691453624151 1438.928768216099 -4903.196916298559 -5203.999999999814 -1475.707288048663 -1319.781800147204 1115.419203707574 863.9999999999345 -498.8306325798155 8.355405944291103e-19 -6.358489654577151e-19 -2.328454767888063e-19 -3.402723236742035e-19 -1.381061587504304e-19 -6.043313533044839e-19 -1.129486222987956e-19 -2.087492988386323e-19 7.158770104487289e-15 6.047029196820652e-15 -4.686030209699599e-15 -2.705680731546201e-15
3.184825772030947e-12 -1.228149880641139e-12 -3.233238001061327e-12 1.142774613466649e-12 1.028872703054569e-12 404.5080173632608 -3.177179880613189e-12 361.8029697071585 253.826766405273 214.5227715913779 -166.1686243511513 -95.93750000000847 -253.8267664052839 214.5227715913883 166.168624351153 -95.93750000001104 2.697511591054716e-14 -2.279813398359242e-14 -1.76593586486128e-14 1.019563546949294e-14 1032.463585162999 2327.238715530209 58.94084693570528 1674.51724619736 -358.9652555436609 303.3810130224077 234.9979221982814 -135.6761136401848 8.404144607202555e-15 7.102798572130414e-15 -5.501804116265725e-15 -3.176468087554665e-15 3.814857476728253e-14 -3.224143027639493e-14 -2.497410450367873e-14 1.441880595796913e-14 1.934057777499667e-28 -6.775534352631221e-30 -1.015470989601975e-28 -5.246418493993863e-29 317.4901573277685 201.24611797486 -467.6537180435698 -180.0000000000163 -7059.195216834549 -8435.473275619928 -1475.490781697766 -14048.54166666686 -507.6535328105722 429.0455431827806 332.337248702308 -191.8750000000238 -5.110503963024201e-29 3.757657860897266e-29 1.819283431295592e-29 -7.579752337869541e-30 -4.287398787233833e-29 3.765212106969366e-29 1.554006393753861e-29 -1.90076898734158e-29 1.188525528365064e-14 1.004487407151112e-14 -7.7807259987431e-15 -4.492204249865205e-15
-1.334363471535022e-13 -1.37861795403214e-12 9.554845663794517e-13 -5.603185308741751e-12 237.5878784786983 2855.799557236219 103.6918511745281 2554.304776037487 1455.999999999889 1206.880275752082 -1044.827258449828 -571.4822831899213 -2127.999999999851 1822.152573194366 1301.451497367358 -783.1423880751393 2.255617914670438e-11 -1.91811011518439e-11 -1.476152533541608e-11 8.531841899639403e-12 1583.919189857778 1271.723240331493 -1296.148139681457 -658.5317000721982 -3484.622217687086 1678.100967504941 2021.991097903114 -2450.251065853076 6.770051186322235e-11 -1.91491267287347e-11 -4.442313183972146e-11 8.535394613318203e-12 3.197797582288331e-11 -2.701483481359901e-11 -2.088285100398934e-11 1.20490284416519e-11 3.056797290759699e-14 -6.890787667779364e-15 -1.866728057257643e-14 -6.634310597075175e-15 6.372147254296578e-11 -5.364597654988756e-11 -4.155253918725066e-11 2.398792275926098e-11 896.0000000000355 567.9436591772114 -1319.781800147185 -507.9842517244384 -12412.99999999993 -1187.441727894825 1611.102683612082 -7224.790901571576 837.0000000000567 -707.3941112077547 -547.9451223826042 316.3562639087496 6.3842264808045e-11 -5.398703706305241e-11 -4.175859658062109e-11 2.415490030216461e-11 3.203126652806532e-11 2.709299451453262e-11 -2.092548356813495e-11 -1.20596865826883e-11
9.807267320862344e-12 3.687147353135253e-12 -1.069787349325154e-11 -7.690722472060316e-13 -200.7984063681734 -2413.591146449794 -87.63560920082911 -2158.781549341281 -1230.544594884519 -1019.999999999709 883.0402029351271 482.9906831398873 1798.488254061989 -1539.999999999588 -1099.92727032272 661.876121339893 -1.903899260469188e-11 1.620037437533028e-11 1.246114322839276e-11 -7.196909734830115e-12 -1338.65604245433 -1074.802307403204 1095.44511501014 556.5608681895736 2945.043293399484 -3389.398504486449 -1708.89437941585 307.795025590011 -5.709210881832405e-11 1.610445110600267e-11 3.748468202502409e-11 -7.187139772213413e-12 -2.6979307676811e-11 2.280842181789922e-11 1.762145984685048e-11 -1.016786654872703e-11 -2.583590421642357e-14 5.824649604819855e-15 1.57767208373006e-14 5.606847681918977e-15 -5.397282620833721e-11 4.546052423393121e-11 3.517186542012496e-11 -2.033218038377527e-11 -757.2582122367153 -479.9999999996616 1115.419203707557 429.3250516799541 -1180.257916729665 -16706.83333333344 -5106.528541974312 -8326.744470214126 529.4891405870909 -447.499999999687 -346.6320094853449 200.1280839861115 -5.38662447979732e-11 4.550315679807682e-11 3.516831270644616e-11 -2.037481294792087e-11 -2.702549295463541e-11 -2.288302880515403e-11 1.765165791312029e-11 1.017497197608463e-11
7.521758799782534e-13 1.032808557283894e-12 -1.483511074941382e-12 3.14723158833903e-12 -155.5377767617956 -1869.559662950872 -67.88225099390891 -1672.18499773983 -953.1757445507253 -790.0886026261421 683.9999999999203 374.1229744348512 1393.103011266447 -1192.87887063165 -851.999999999916 512.6870390403897 -1.476152533541608e-11 1.258548820715077e-11 9.672262990534364e-12 -5.591971330431988e-12 -1036.918511745181 -832.53828740764 848.5281374237668 431.1101947298217 2281.220725839376 2.677325028344058e-10 -1323.703894381093 2586.66116837884 -4.454037139112188e-11 1.27364785384998e-11 2.923883357652812e-11 -5.686118242920202e-12 -2.096456341860176e-11 1.77102776888205e-11 1.368505309073953e-11 -7.887912545356812e-12 -2.000981953201841e-14 4.509954869761008e-15 1.222061764371627e-14 4.343392861046788e-15 -4.18580725636275e-11 3.516475999276736e-11 2.724931391639984e-11 -1.576339059283782e-11 -586.5696889543603 -371.8064012356755 863.999999999921 332.5537550532432 1613.066644624217 -5104.592050301142 -5287.999999999683 -1354.463731518917 -1237.295437638007 1045.705503475853 809.9999999999404 -467.6537180435781 -4.210676252114354e-11 3.559108563422342e-11 2.755129457909788e-11 -1.593569720625965e-11 -2.095745799124415e-11 -1.77209358298569e-11 1.367439494970313e-11 7.888800723776512e-12
3.157162851344926e-12 -3.123201160634673e-13 -3.271964961663845e-12 -2.89759740332237e-12 89.79977728257985 1079.390774670785 39.19183588452652 965.4364585799692 550.3162727014017 456.1578674098737 -394.9075841256713 -215.9999999999921 -804.3083985635898 688.708937069825 491.9024293495301 -296.0000000000127 8.516742866504501e-12 -7.247535904753022e-12 -5.573319583618286e-12 3.222755395881904e-12 598.6651818838067 480.6662043454871 -489.8979485565998 -248.9015869776629 -1317.063400144336 1896.839549824279 764.2407997483166 203.1753484610414 2.55599985621302e-11 -7.187139772213413e-12 -1.677591399129597e-11 3.215205879314453e-12 1.20898846489581e-11 -1.021227546971204e-11 -7.887024366937112e-12 4.552802579382842e-12 1.15541676176204e-14 -2.604862492299166e-15 -7.055564050849012e-15 -2.507458511251889e-15 2.415134758848581e-11 -2.030020596066606e-11 -1.573141616972862e-11 9.07895980617468e-12 338.6561678162863 214.6625258398502 -498.8306325798078 -192.0000000000171 -7217.940295498311 -8332.614148655046 -1354.247225168022 -14088.54166666682 -475.9045170777963 402.2127274527845 311.5526390114812 -179.8750000000232 2.40802933149098e-11 -2.036060209320567e-11 -1.574385066760442e-11 9.118039656641486e-12 1.212008271522791e-11 1.025135532017885e-11 -7.918998790046317e-12 -4.562572541999543e-12
-4.463517433136062e-13 4.730909109300133e-13 1.642261145501709e-12 4.593129514370497e-13 -3.177133528844919e-12 -3.177162341719403e-12 9.380787935884398e-13 1.99238727194984e-12 -1.786195974115556e-15 1.506254973179799e-15 1.168919019738091e-15 -6.746448018291051e-16 6.477580551052783e-12 -753.8775952179337 -8.47378162043823e-12 -674.2886198485089 -2.525432120370485e-15 2.13202936208412e-15 1.652920422062776e-15 -9.534338379565965e-16 3.247461591405899e-20 5.379561987395146e-19 -5.421682923549828e-19 -6.03087355516706e-19 1308.854651976385 4954.820199995821 1087.375707182875 4968.119225909952 473.0544366138387 -399.8039698223521 -309.6868233739391 178.7977708394296 -3.571145115732755e-15 3.014786770921818e-15 2.33604910589158e-15 -1.349858809798765e-15 -1.481214981768771e-18 1.030686364411884e-18 -1.273474285610787e-20 -1.989534905335261e-19 4.117220605315547e-19 3.489034065294427e-19 -2.939342785734249e-20 -5.470288097768741e-20 1.333546412247114e-18 1.50214844048887e-18 7.986507149756559e-19 2.611346079905676e-19 840.0000000000335 532.4471804786363 -1237.295437637985 -476.2352359916611 -11181.0000000002 -631.3302282831178 1583.607229442555 -6473.397529229309 669.0000000000585 -565.4081964133782 -437.9633057036673 252.8582324431989 6.294444132581845e-15 5.320396900820867e-15 -4.082238019842421e-15 -2.356621842114492e-15
8.705882854812871e-12 5.546498307937472e-12 -5.563635069895432e-12 -9.288092592607784e-12 9.766681482660405e-12 1.086104724289306e-11 5.842538330658881e-12 -2.257563918978461e-12 3.198447289992246e-15 -2.703181335661204e-15 -2.093875258959474e-15 1.20889944440968e-15 -2.681542410591225e-12 -476.666666666369 2.51543895376885e-12 -426.343627709672 4.523287536042241e-15 -3.822875706446217e-15 -2.961186789137854e-15 1.709641989829495e-15 -5.417754921224582e-30 9.073073580905142e-29 8.785358495396226e-29 8.212190083203426e-29 -1805.094007247025 -4778.274073867572 -461.4562546981666 -3934.663978664125 299.1059594857344 -252.7906742740017 -195.8108143079647 113.0514263509469 6.396894579984365e-15 -5.406362671322862e-15 -4.187750517918531e-15 2.417798888819379e-15 5.784531272852355e-29 4.390114067562804e-29 7.580575061375206e-29 4.090107764918708e-29 -5.306669297200517e-29 5.829018421779763e-29 -1.933727294054123e-29 -4.461212689505153e-29 -1.320116624920324e-28 -3.519077982660609e-29 -7.705246048153338e-29 -8.381547233565921e-29 -709.9295739719201 -449.9999999996825 1045.705503475834 402.4922359499571 -624.1464171179377 -14851.277777778 -4667.590429404281 -7163.492217919 422.9997044913461 -357.4999999997355 -276.9183092536442 159.878860391133 -3.006974016320365e-14 -2.541356883751038e-14 1.968526577507621e-14 1.13652934943098e-14
8.75056460484491e-13 -3.085995870994013e-14 -1.685504896698982e-12 -1.474428335621593e-12 2.226862929590252e-12 2.373268693524857e-12 2.814842880850881e-13 -1.115705369895347e-12 2.465096269471667e-15 -2.076789261395984e-15 -1.612642311354939e-15 9.305300670628402e-16 -1.185307590729281e-13 1115.419203707715 5.578004343849066e-12 997.6612651596124 3.481915276937197e-15 -2.93986840080307e-15 -2.28051084960601e-15 1.31492039479042e-15 -5.669233736887716e-20 -9.391333337965453e-19 9.464865673078904e-19 1.052835602822511e-18 -466.6133302854632 -2913.884005927563 -967.3220766631403 -3399.891762982898 -699.9199954280081 591.5403621054932 458.2051942088495 -264.5448922205725 4.926723091991381e-15 -4.158023751699158e-15 -3.222357276844168e-15 1.862171441352478e-15 2.585820866502612e-18 -1.7993136314917e-18 2.223158974094243e-20 3.473216876718481e-19 -7.187609552762193e-19 -6.090957221483446e-19 5.131337449700515e-20 9.54971782210227e-20 -2.328029476970879e-18 -2.622365308088304e-18 -1.394238992443048e-18 -4.558739458168761e-19 -549.9090833947133 -348.5685011584459 809.9999999999261 311.7691453624153 1585.571190454684 -4665.653937731111 -4699.99999999984 -1055.396292078616 -989.8363501104097 836.5644027806857 647.9999999999551 -374.122974434864 -3.331883380308653e-14 -2.816497035595944e-14 2.17881268582687e-14 1.257023998779694e-14
2.731790382453791e-12 1.508868654408968e-12 -1.96969568991741e-12 -3.176916532831632e-12 1.270191691453366e-12 1.589685536433434e-12 1.666351500947356e-12 -7.820069249534588e-13 -5.227762240756302e-17 4.418265500489979e-17 3.422373740486309e-17 -1.975908400345284e-17 9.478021597905473e-12 428.9523736837672 -4.504962473438901e-13 383.6666666667148 -7.39317226174457e-17 6.24837099295353e-17 4.8399673593236e-17 -2.794356457778702e-17 8.505706901198355e-30 2.260968104497264e-29 -1.045996946316862e-29 3.208081835885672e-29 942.6638078804224 2251.344051686173 117.7286007625033 1708.458371694317 -269.1654782610808 227.4863491783688 176.2101683714825 -101.734988143228 -1.045552448151828e-16 8.836531000976171e-17 6.844747481004172e-17 -3.951816800692146e-17 2.111082519403881e-29 -1.725462115289879e-29 -4.613174728555965e-30 -1.209314016395703e-30 -5.96474033274945e-30 7.994854426261054e-31 -3.616654133449612e-30 -1.059387267118575e-30 -2.823794942411273e-29 3.569767593294274e-31 -3.470069327709185e-30 4.421426863405635e-30 317.4901573277687 201.2461179748599 -467.6537180435699 -180.0000000000163 -6466.546923156046 -7169.361896359933 -1055.179785727718 -12340.0972222224 -380.6574698794635 321.7142802627928 249.1988099389984 -143.8750000000199 2.168114165469107e-15 1.832390911683464e-15 -1.419363896938323e-15 -8.19470127975416e-16
-7.71748757113176e-13 -9.198152760866355e-13 1.508903677547134e-13 1.218126887172878e-12 -4.444533430604513e-12 -4.752351671789721e-12 -2.308340701211404e-12 -1.006612166669468e-12 3.822083708554525e-15 -3.233687189546641e-15 -2.50259611211251e-15 1.445187285814553e-15 504.0000000000323 3029.032848946958 219.9636333578818 2709.249342529987 5.406970444293835e-15 -4.571619775448066e-15 -3.538537735395253e-15 2.04422253863995e-15 3.247461591577413e-20 5.379561987243487e-19 -5.421682923823964e-19 -6.030873555290504e-19 1187.939392393333 953.7924302486194 -972.1111047610924 -493.8987750541486 -2613.466663265333 1639.056832933559 1516.493323427349 -1497.375651354702 7.645414249607407e-15 -6.465097554531063e-15 -5.00698115780962e-15 2.889805365488551e-15 -1.481214981804986e-18 1.030686364383694e-18 -1.273474286227928e-20 -1.989534905664172e-19 4.117220604715886e-19 3.489034065241084e-19 -2.939342782219388e-20 -5.470288098623628e-20 1.333546412295471e-18 1.502148440520837e-18 7.986507149732771e-19 2.611346080323351e-19 4.795452923644916e-11 -4.036593281853129e-11 -3.126388037344441e-11 1.802646920623374e-11 672.0000000000267 425.957744382909 -989.8363501103885 -380.9881887933288 -8380.999999999985 90.43150525511328 1354.478444694676 -4811.865705880613 389.0000000001006 -328.7650050893676 -254.6602779054643 147.0281800005932
6.371755875118168e-12 7.185284597633037e-12 1.599961742363037e-12 -4.956541728409899e-12 -8.770051298947661e-13 1.920060011175474e-13 6.769812708259484e-12 3.829132705906067e-12 2.428775581164294e-15 -2.052690016201597e-15 -1.590006849535127e-15 9.179908825925105e-16 -425.9577443831555 -2559.999999999732 -185.9032006179405 -2289.733608959462 3.434807366843132e-15 -2.902942060260232e-15 -2.248609250878658e-15 1.298235156297185e-15 -1.034832597043863e-29 1.26059298360249e-28 4.471260159909812e-29 1.383983668228329e-29 -1003.992031840747 -806.1017305524025 821.5838362576048 417.42065114218 2208.782470049632 -2300.454061459577 -1281.670784561898 446.9352426372945 4.857551162328765e-15 -4.105380032403332e-15 -3.18001369907033e-15 1.835981765184911e-15 -6.95623211122497e-29 1.254627428824398e-28 3.87018785358216e-29 -1.541885453320633e-29 1.222771044737093e-30 7.43889299014043e-29 -7.672722862794586e-30 -3.121199661234886e-29 -2.792733117105817e-29 5.059691621105926e-29 4.402789063038241e-29 -5.950245822901695e-29 -4.051514679304091e-11 3.410960403016361e-11 2.643929519763333e-11 -1.525002346625115e-11 -567.9436591775366 -359.9999999997463 836.5644027806677 321.9937887599654 97.61531642032287 -10880.16666666665 -3588.319070261035 -4939.846840293986 245.5173109984057 -207.4999999998577 -160.7288088674554 92.79682106618694
9.237112505809518e-13 1.076395893942954e-12 3.651098576329831e-14 -1.313823048403259e-12 1.799891733185829e-12 2.143446377565018e-12 2.108738291012632e-12 1.146159049072199e-12 -4.309432585086759e-15 3.647852419436104e-15 2.82131089324178e-15 -1.629921783478927e-15 -329.9454500368318 -1982.967473258129 -143.9999999999963 -1773.620026950398 -6.098040909036095e-15 5.156628162666932e-15 3.990135045289778e-15 -2.305583024844737e-15 -5.669233737730758e-20 -9.391333338249154e-19 9.46486567326971e-19 1.052835602803136e-18 -777.6888838088862 -624.4037155557301 636.3961030678249 323.3326460473663 1710.915544379547 -558.677008655096 -992.77792078583 1440.299968756426 -8.622334617125471e-15 7.291259609965017e-15 5.647283855825247e-15 -3.258732259731056e-15 2.585820866522303e-18 -1.799313631467058e-18 2.223158974668238e-20 3.473216876967295e-19 -7.187609552189721e-19 -6.0909572216018e-19 5.131337446805708e-20 9.549717823256951e-20 -2.328029476984974e-18 -2.622365308136199e-18 -1.39423899244826e-18 -4.558739458500929e-19 -3.135269821541442e-11 2.644995333866973e-11 2.048494707196369e-11 -1.181632569569047e-11 -439.9272667157706 -278.8548009267566 647.9999999999409 249.4153162899322 1356.442405706795 -3586.382578587872 -3439.999999999822 -578.5049697280299 -577.4045375644424 487.9959016220442 377.9999999999978 -218.2384017536607
1.902248445976717e-12 1.723762273461387e-12 -8.063535812429607e-14 -1.971182149433956e-12 -3.281792987570738e-12 -2.935133958736069e-12 1.575397726529647e-12 8.228991166948005e-13 -1.255819672894748e-15 1.061361339718679e-15 8.221269586078668e-16 -4.746552208602869e-16 190.4940943966645 1144.866804479893 83.13843876330546 1023.999999999954 -1.775997213302695e-15 1.500991601208628e-15 1.162663094855731e-15 -6.71263850791823e-16 -5.25252478412831e-31 -7.856239073906812e-30 9.654161251051987e-30 1.155814568768562e-30 448.9988864128551 360.4996532591155 -367.4234614174499 -186.6761902332472 -987.7975501082636 1207.463019907596 573.1805998112414 -40.0693842671817 -2.511639345789512e-15 2.122722679437348e-15 1.644253917215648e-15 -9.49310441720588e-16 1.442328289348415e-29 -7.410990113527601e-30 -4.211270832733285e-30 -5.051370599569017e-32 4.889346771404703e-30 -5.528451287393868e-30 -1.174286177281167e-30 3.800922787150043e-30 -1.307873040547324e-29 -1.936436352944113e-29 4.488717060147417e-31 -6.271911441692708e-30 1.806732541353995e-11 -1.522515447049955e-11 -1.180033848413586e-11 6.798117624384759e-12 253.9921258622152 160.9968943798881 -374.1229744348558 -144.0000000000128 -4805.015099807344 -4945.716518734937 -578.2884633771189 -8803.208333333447 -221.9123912155554 187.5502016128203 145.2757614848458 -83.87500000002009
-1.058991961101381e-12 -1.480479176189813e-12 -8.255124882429101e-13 2.687759767529047e-13 1.502493352571762e-12 1.412604036303632e-12 -6.3397928460431e-13 -6.811791827105215e-13 2.206947732202869e-15 -1.868974809984825e-15 -1.445214390868865e-15 8.347272525965899e-16 -3.407422001484137e-12 -3.841978262695493e-12 -2.9110198901147e-12 -1.030804148927783e-12 3.123803299365235e-15 -2.640791231522943e-15 -2.044263196221419e-15 1.181184056814333e-15 3.247461591332204e-20 5.379561987126038e-19 -5.421682923626187e-19 -6.030873555302754e-19 8.360499792470222e-15 -7.108896804552955e-15 -5.460475821505995e-15 3.163701939312702e-15 831.5575746754337 2498.824612581812 362.9214791108367 2235.016679032911 4.416009658642084e-15 -3.734805433669441e-15 -2.892217715322332e-15 1.669318979921619e-15 -1.481214981777702e-18 1.030686364378196e-18 -1.273474285044704e-20 -1.989534905211705e-19 4.117220604841772e-19 3.489034065315415e-19 -2.939342783107685e-20 -5.470288098330908e-20 1.333546412290095e-18 1.502148440531366e-18 7.986507149498802e-19 2.611346080265119e-19 1.185856968177745e-14 -1.003103849983589e-14 -7.762453874127218e-15 4.467346631509272e-15 2.035689529408225e-17 3.965617505104682e-18 -9.287957889659191e-18 -3.956593865460196e-18 392.0000000000155 248.4753508900302 -577.4045375643931 -222.2431101294418 -4016.000000000003 975.3080099563663 925.6802903810442 -2239.061538106759
2.772479525313098e-12 4.04559287833202e-12 3.502354225863525e-12 1.705321334012779e-12 -1.24486654697911e-12 -1.385712714575867e-12 -3.738698257948591e-13 4.241506280807463e-13 -1.574186298090633e-15 1.330430247566464e-15 1.030546838423279e-15 -5.949864945761613e-16 1.246840781159472e-12 1.724301396260316e-12 3.30598102569175e-12 1.85061762268699e-12 -2.226235612461695e-15 1.881512499899923e-15 1.45741331555885e-15 -8.414379700584429e-16 8.538918622513622e-31 7.864032518884424e-30 1.472381203805352e-29 -1.238549006329557e-29 -6.043810844181097e-15 5.107952449733341e-15 3.956602954207761e-15 -2.284345780688395e-15 -702.7944222886049 -2111.892253143668 -306.7246322028614 -1888.9338556737 -3.148372596181308e-15 2.660860495132862e-15 2.061093676846375e-15 -1.189972989152381e-15 -2.652883912099373e-29 2.540973866542216e-29 -2.656430209548129e-30 -2.991699305771912e-29 2.369768033151044e-30 -1.12344300901965e-30 1.027089666538954e-30 -3.563945705673926e-30 4.830496213609369e-30 -1.091970332012013e-29 2.403080763028356e-29 -1.881486480478278e-29 -8.547239264258284e-15 7.223735630369926e-15 5.595481558766056e-15 -3.230552784199221e-15 7.149158770916417e-29 -8.332746583544383e-29 -1.684978549179999e-29 -2.11092535755855e-29 -331.3004678535628 -209.9999999998518 487.9959016220562 187.8297101099801 982.0692439941521 -4795.999999999972 -1866.777972871856 -1654.69030335007
8.665632397637323e-13 1.278181356278608e-12 1.029416755374032e-12 3.592207992451582e-13 -7.452173581184738e-13 -7.442358115014613e-13 3.853812760093764e-14 2.697820761545991e-13 -5.770666063054097e-16 4.925530469601647e-16 3.777631419482619e-16 -2.183583175385806e-16 1.042876546919311e-12 1.297538079835118e-12 1.760366620697605e-12 9.468717697421799e-13 -8.181389593575616e-16 6.945941218028384e-16 5.342948306008566e-16 -3.105968173627849e-16 -5.669233737848693e-20 -9.391333337999354e-19 9.464865673144466e-19 1.052835602803074e-18 -7.724723638524722e-15 6.642256189515194e-15 5.060188379424346e-15 -2.94469310047063e-15 -544.3822186662886 -1635.864705082094 -237.5878784786707 -1463.16187302242 -1.154133212610819e-15 9.806608650131388e-16 7.583994196536104e-16 -4.364726895883519e-16 2.585820866493876e-18 -1.799313631448554e-18 2.223158974325904e-20 3.473216876746789e-19 -7.187609552248129e-19 -6.090957221506573e-19 5.131337447483963e-20 9.549717822851856e-20 -2.328029476976508e-18 -2.622365308120465e-18 -1.394238992426209e-18 -4.558739458451771e-19 -1.098079960293319e-14 9.317199789471431e-15 7.214714936587541e-15 -4.13991757541865e-15 -3.553790994266639e-17 -6.922949483610433e-18 1.621438860226744e-17 6.907196526715322e-18 -256.6242389175331 -162.6653005406079 377.9999999999657 145.4922678357937 925.6802903810456 -1866.777972871861 -1507.999999999951 76.21023553304053
6.915137500989294e-13 9.971002559156425e-13 1.179926987252602e-12 9.494313382217735e-13 3.094269846573777e-13 1.754988857293417e-13 -5.613681548333622e-13 -2.328479661514848e-13 1.978080422814989e-15 -1.671783085537096e-15 -1.294957609751402e-15 7.476441245791481e-16 -2.57161360991295e-12 -2.622093157367893e-12 -4.101622359180882e-13 2.324669367660357e-13 2.797428161409652e-15 -2.364258312912507e-15 -1.831346614408659e-15 1.057328460808385e-15 -1.166847935081001e-30 5.384757298187069e-30 4.895827807324201e-30 2.222176632867465e-30 4.173868337537874e-15 -3.527562584146504e-15 -2.732438228220867e-15 1.577573946607434e-15 314.2992204890305 944.4669278369798 137.1714255958587 844.75690125752 3.956160845629975e-15 -3.343566171074254e-15 -2.589915219502796e-15 1.495288249158301e-15 -1.528227279641825e-30 -4.96114114207051e-30 -1.702811492540121e-30 -7.034621421711128e-30 -1.50942269898308e-29 4.496551323665336e-30 1.000563677482794e-29 -2.197068782432687e-30 -2.562050761350603e-30 3.075939981859259e-30 3.586776622604525e-30 3.58954066460822e-30 5.902741210505754e-15 -4.988726848619859e-15 -3.864251200696781e-15 2.231026470938691e-15 1.781379255425577e-30 -8.376341534538025e-30 4.566920487412508e-30 -8.864879377571101e-30 148.1620734196254 93.91485505493462 -218.2384017536659 -84.0000000000076 -2233.014106538622 -1661.39850728263 76.2102355330245 -3478.000000000059
