# Created from matlab git hash e3d28e3d9936e8692f581d15f2e77c245ebc3f89
# name: foo
# type: matrix
# rows: 64
# columns: 64
-0.4392951755292277 3.351321484516108 -4.317689211399303 5.122623177112248 2.663827388019466 -4.61388437864321 5.956499119937238 -7.04782480430227 0 0 0 0 0 0 0 0 0 0 0 0 0 0 0 0 0 0 0 0 0 0 0 0 0 0 0 0 0 0 0 0 0 0 0 0 0 0 0 0 0 0 0 0 0 0 0 0 0 0 0 0 0 0 0 0
-4.647469118316321 -5.082048086998252 7.436796988461271 -8.91949994181881 4.641534255397142 -8.039373155419225 10.37878611496188 -12.2803453415682 0 0 0 0 0 0 0 0 0 0 0 0 0 0 0 0 0 0 0 0 0 0 0 0 0 0 0 0 0 0 0 0 0 0 0 0 0 0 0 0 0 0 0 0 0 0 0 0 0 0 0 0 0 0 0 0
-5.759877668272628 -9.982877207439877 -9.189112595203014 11.95816717245838 5.759636507655582 -9.975983064388039 12.87893875680737 -15.23856584138524 0 0 0 0 0 0 0 0 0 0 0 0 0 0 0 0 0 0 0 0 0 0 0 0 0 0 0 0 0 0 0 0 0 0 0 0 0 0 0 0 0 0 0 0 0 0 0 0 0 0 0 0 0 0 0 0
-8.669617300632567 -15.01648683334361 -19.3902535450582 -18.36274399984526 8.669617622176588 -15.01621820380432 19.38585434211694 -22.93765219030238 0 0 0 0 0 0 0 0 0 0 0 0 0 0 0 0 0 0 0 0 0 0 0 0 0 0 0 0 0 0 0 0 0 0 0 0 0 0 0 0 0 0 0 0 0 0 0 0 0 0 0 0 0 0 0 0
0 0 0 0 -1.183448329010101 4.617211740954662 -5.960286235508015 7.057634025114906 3.384222341986029 -5.861645040429537 7.567351207654299 -8.953810698243613 0 0 0 0 0 0 0 0 0 0 0 0 0 0 0 0 0 0 0 0 0 0 0 0 0 0 0 0 0 0 0 0 0 0 0 0 0 0 0 0 0 0 0 0 0 0 0 0 0 0 0 0
0 0 0 0 -5.882975326700319 -7.256776154134679 10.30037672611896 -12.25000597221224 5.875201529603138 -10.17614755397902 13.13735000170336 -15.54432214971619 0 0 0 0 0 0 0 0 0 0 0 0 0 0 0 0 0 0 0 0 0 0 0 0 0 0 0 0 0 0 0 0 0 0 0 0 0 0 0 0 0 0 0 0 0 0 0 0 0 0 0 0
0 0 0 0 -7.43181659602373 -12.88090749924985 -12.97951246326726 16.13423426642069 7.431583299776335 -12.87187985589298 16.61752543875208 -19.66212125866896 0 0 0 0 0 0 0 0 0 0 0 0 0 0 0 0 0 0 0 0 0 0 0 0 0 0 0 0 0 0 0 0 0 0 0 0 0 0 0 0 0 0 0 0 0 0 0 0 0 0 0 0
0 0 0 0 -10.41983901977291 -18.04794506518754 -23.30882106958239 -23.12808551457992 10.41983967278655 -18.04769171998818 23.2994698229999 -27.56830447535786 0 0 0 0 0 0 0 0 0 0 0 0 0 0 0 0 0 0 0 0 0 0 0 0 0 0 0 0 0 0 0 0 0 0 0 0 0 0 0 0 0 0 0 0 0 0 0 0 0 0 0 0
0 0 0 0 0 0 0 0 -1.914846200703376 5.8604559547947 -7.56864372997388 8.957873030871577 4.085607502141182 -7.076479773493097 9.135696104170803 -10.80950140528536 0 0 0 0 0 0 0 0 0 0 0 0 0 0 0 0 0 0 0 0 0 0 0 0 0 0 0 0 0 0 0 0 0 0 0 0 0 0 0 0 0 0 0 0 0 0 0 0
0 0 0 0 0 0 0 0 -7.093974128065237 -9.399124591414672 13.09432528623811 -15.5317276423025 7.084430282690328 -12.27059319229919 15.84126769395363 -18.74364070857363 0 0 0 0 0 0 0 0 0 0 0 0 0 0 0 0 0 0 0 0 0 0 0 0 0 0 0 0 0 0 0 0 0 0 0 0 0 0 0 0 0 0 0 0 0 0 0 0
0 0 0 0 0 0 0 0 -9.033247280457287 -15.65673318599386 -16.62615224928375 20.29981162807989 9.033023858101151 -15.64565626821303 20.19845538909159 -23.89913471544885 0 0 0 0 0 0 0 0 0 0 0 0 0 0 0 0 0 0 0 0 0 0 0 0 0 0 0 0 0 0 0 0 0 0 0 0 0 0 0 0 0 0 0 0 0 0 0 0
0 0 0 0 0 0 0 0 -12.18413459455568 -21.10378120217693 -27.2572011729661 -27.91107615734835 12.18413546449555 -21.10354167080812 27.24455514567803 -32.23619237937768 0 0 0 0 0 0 0 0 0 0 0 0 0 0 0 0 0 0 0 0 0 0 0 0 0 0 0 0 0 0 0 0 0 0 0 0 0 0 0 0 0 0 0 0 0 0 0 0
0 0 0 0 0 0 0 0 0 0 0 0 -2.630517918667074 7.073269446713454 -9.136286022492545 10.81156325557939 4.765276679909959 -8.253701321727181 10.65548258787317 -12.60773702345729 0 0 0 0 0 0 0 0 0 0 0 0 0 0 0 0 0 0 0 0 0 0 0 0 0 0 0 0 0 0 0 0 0 0 0 0 0 0 0 0 0 0 0 0
0 0 0 0 0 0 0 0 0 0 0 0 -8.270114622242074 -11.4907381077137 15.81382824919102 -18.73726380389695 8.258884504744735 -14.3048075760612 18.46742717092892 -21.85095450635941 0 0 0 0 0 0 0 0 0 0 0 0 0 0 0 0 0 0 0 0 0 0 0 0 0 0 0 0 0 0 0 0 0 0 0 0 0 0 0 0 0 0 0 0
0 0 0 0 0 0 0 0 0 0 0 0 -10.57372338722979 -18.32688391692617 -20.14956113470285 24.39194300260811 10.57351168987968 -18.31385946129506 23.64309089945963 -27.97488241605593 0 0 0 0 0 0 0 0 0 0 0 0 0 0 0 0 0 0 0 0 0 0 0 0 0 0 0 0 0 0 0 0 0 0 0 0 0 0 0 0 0 0 0 0
0 0 0 0 0 0 0 0 0 0 0 0 -13.91870540115672 -24.10813186579862 -31.13851661267425 -32.61754614186282 13.91870644329625 -24.10790673542541 31.12317376607474 -36.82543582067423 0 0 0 0 0 0 0 0 0 0 0 0 0 0 0 0 0 0 0 0 0 0 0 0 0 0 0 0 0 0 0 0 0 0 0 0 0 0 0 0 0 0 0 0
0 0 0 0 0 0 0 0 0 0 0 0 0 0 0 0 -3.327062536950939 8.249238104640455 -10.65581232095382 12.60892128559002 5.420143105804188 -9.387963243547027 12.119808432355 -14.34035072833913 0 0 0 0 0 0 0 0 0 0 0 0 0 0 0 0 0 0 0 0 0 0 0 0 0 0 0 0 0 0 0 0 0 0 0 0 0 0 0 0
0 0 0 0 0 0 0 0 0 0 0 0 0 0 0 0 -9.404404256417637 -13.51899204991034 18.44817905753552 -21.84730250661672 9.3915853033602 -16.26670290903703 21.00022315480139 -24.84779912934019 0 0 0 0 0 0 0 0 0 0 0 0 0 0 0 0 0 0 0 0 0 0 0 0 0 0 0 0 0 0 0 0 0 0 0 0 0 0 0 0
0 0 0 0 0 0 0 0 0 0 0 0 0 0 0 0 -12.05221358442375 -20.88955673078305 -23.54663212791993 28.37450535394008 12.05201528948879 -20.87470281499151 26.94912545316374 -31.88663525313545 0 0 0 0 0 0 0 0 0 0 0 0 0 0 0 0 0 0 0 0 0 0 0 0 0 0 0 0 0 0 0 0 0 0 0 0 0 0 0 0
0 0 0 0 0 0 0 0 0 0 0 0 0 0 0 0 -15.60165726285601 -27.02307470048299 -34.90408133062213 -37.19619718417359 15.60165844982449 -27.02286511743231 34.88636885554155 -41.2781082984051 0 0 0 0 0 0 0 0 0 0 0 0 0 0 0 0 0 0 0 0 0 0 0 0 0 0 0 0 0 0 0 0 0 0 0 0 0 0 0 0
0 0 0 0 0 0 0 0 0 0 0 0 0 0 0 0 0 0 0 0 -4.001154755065921 9.382564209075952 -12.1200222737698 14.34109006199084 6.047240570139487 -10.47412791307338 13.52204099112648 -15.99949466676953 0 0 0 0 0 0 0 0 0 0 0 0 0 0 0 0 0 0 0 0 0 0 0 0 0 0 0 0 0 0 0 0 0 0 0 0
0 0 0 0 0 0 0 0 0 0 0 0 0 0 0 0 0 0 0 0 -10.49108373666058 -15.47331939215567 20.98576634191553 -24.84552509965627 10.47678563327582 -18.14632501684138 23.42680486169791 -27.71896932498216 0 0 0 0 0 0 0 0 0 0 0 0 0 0 0 0 0 0 0 0 0 0 0 0 0 0 0 0 0 0 0 0 0 0 0 0
0 0 0 0 0 0 0 0 0 0 0 0 0 0 0 0 0 0 0 0 -13.46476612441949 -23.33789198747401 -26.80765007252879 32.22105005680169 13.46458271567184 -23.32134136625736 30.10772224091098 -35.62393737292641 0 0 0 0 0 0 0 0 0 0 0 0 0 0 0 0 0 0 0 0 0 0 0 0 0 0 0 0 0 0 0 0 0 0 0 0
0 0 0 0 0 0 0 0 0 0 0 0 0 0 0 0 0 0 0 0 -17.21886956045304 -29.82415198722111 -38.52240285320691 -41.61171184571754 17.21887086984327 -29.82395919553625 38.50256576076048 -45.55685017893973 0 0 0 0 0 0 0 0 0 0 0 0 0 0 0 0 0 0 0 0 0 0 0 0 0 0 0 0 0 0 0 0 0 0 0 0
0 0 0 0 0 0 0 0 0 0 0 0 0 0 0 0 0 0 0 0 0 0 0 0 -4.649671174305525 10.46795750825988 -13.52219530878942 15.99998478346948 6.643844515154975 -11.50747625783623 14.85608796782566 -17.57796033648057 0 0 0 0 0 0 0 0 0 0 0 0 0 0 0 0 0 0 0 0 0 0 0 0 0 0 0 0 0 0 0 0
0 0 0 0 0 0 0 0 0 0 0 0 0 0 0 0 0 0 0 0 0 0 0 0 -11.52515472907414 -17.34440155788461 23.41535311089106 -27.71746534770242 11.50949784319746 -19.93503503402241 25.73601956427673 -30.45126900833475 0 0 0 0 0 0 0 0 0 0 0 0 0 0 0 0 0 0 0 0 0 0 0 0 0 0 0 0 0 0 0 0
0 0 0 0 0 0 0 0 0 0 0 0 0 0 0 0 0 0 0 0 0 0 0 0 -14.80668090505672 -25.66373574143428 -29.92114003036992 35.90999941358795 14.80651365515766 -25.64563393369543 33.10837104271141 -39.17435291542915 0 0 0 0 0 0 0 0 0 0 0 0 0 0 0 0 0 0 0 0 0 0 0 0 0 0 0 0 0 0 0 0
0 0 0 0 0 0 0 0 0 0 0 0 0 0 0 0 0 0 0 0 0 0 0 0 -18.75989027775381 -32.49326038974335 -41.97013476445176 -45.83670376126261 18.75989168850289 -32.4930855489761 41.94839306602579 -49.63400803028625 0 0 0 0 0 0 0 0 0 0 0 0 0 0 0 0 0 0 0 0 0 0 0 0 0 0 0 0 0 0 0 0
0 0 0 0 0 0 0 0 0 0 0 0 0 0 0 0 0 0 0 0 0 0 0 0 0 0 0 0 -5.269744006709219 11.50063837635707 -14.85620775350923 17.57830028196666 7.207520098283468 -12.48379100680079 16.1165048889578 -19.06930574955787 0 0 0 0 0 0 0 0 0 0 0 0 0 0 0 0 0 0 0 0 0 0 0 0 0 0 0 0
0 0 0 0 0 0 0 0 0 0 0 0 0 0 0 0 0 0 0 0 0 0 0 0 0 0 0 0 -12.50225789398415 -19.12396693680223 25.72654248658106 -30.45022830971562 12.48537158683901 -21.62529793978202 27.91813959251645 -33.0331882450079 0 0 0 0 0 0 0 0 0 0 0 0 0 0 0 0 0 0 0 0 0 0 0 0 0 0 0 0
0 0 0 0 0 0 0 0 0 0 0 0 0 0 0 0 0 0 0 0 0 0 0 0 0 0 0 0 -16.07330606298665 -27.85901965593429 -32.87565765425133 39.42300597038459 16.07315601985217 -27.83952286436552 35.94066947334942 -42.52557361246961 0 0 0 0 0 0 0 0 0 0 0 0 0 0 0 0 0 0 0 0 0 0 0 0 0 0 0 0
0 0 0 0 0 0 0 0 0 0 0 0 0 0 0 0 0 0 0 0 0 0 0 0 0 0 0 0 -20.216458695633 -35.01609209286129 -45.22881101195722 -49.84876781820146 20.21646018691735 -35.01593619293425 45.2053792423653 -53.48772604462167 0 0 0 0 0 0 0 0 0 0 0 0 0 0 0 0 0 0 0 0 0 0 0 0 0 0 0 0
0 0 0 0 0 0 0 0 0 0 0 0 0 0 0 0 0 0 0 0 0 0 0 0 0 0 0 0 0 0 0 0 -5.858793558937614 12.47636288367852 -16.11660231042525 19.06955000459022 7.736148660761825 -13.39940253534541 17.29855428950741 -20.46792546180118 0 0 0 0 0 0 0 0 0 0 0 0 0 0 0 0 0 0 0 0 0 0 0 0
0 0 0 0 0 0 0 0 0 0 0 0 0 0 0 0 0 0 0 0 0 0 0 0 0 0 0 0 0 0 0 0 -13.41864443528724 -20.80475207089504 27.91000001697087 -33.03244250198393 13.40066528228087 -23.21063312413479 29.96479851490144 -35.45482773973235 0 0 0 0 0 0 0 0 0 0 0 0 0 0 0 0 0 0 0 0 0 0 0 0
0 0 0 0 0 0 0 0 0 0 0 0 0 0 0 0 0 0 0 0 0 0 0 0 0 0 0 0 0 0 0 0 -17.26038771228643 -29.91636689030136 -35.66058493212642 42.74432851365737 17.26025568972027 -29.89563980622531 38.59510503124206 -45.66634412038748 0 0 0 0 0 0 0 0 0 0 0 0 0 0 0 0 0 0 0 0 0 0 0 0
0 0 0 0 0 0 0 0 0 0 0 0 0 0 0 0 0 0 0 0 0 0 0 0 0 0 0 0 0 0 0 0 -21.58189460348028 -37.38107684588729 -48.28349310100366 -53.62925455967579 21.58189615447315 -37.38094066322287 48.25858688474329 -57.10033004595719 0 0 0 0 0 0 0 0 0 0 0 0 0 0 0 0 0 0 0 0 0 0 0 0
0 0 0 0 0 0 0 0 0 0 0 0 0 0 0 0 0 0 0 0 0 0 0 0 0 0 0 0 0 0 0 0 0 0 0 0 -6.414551035287182 13.3914488178534 -17.29863571671745 20.46810598938875 8.227944262712313 -14.25121750486257 18.39824268650412 -21.76909432043748 0 0 0 0 0 0 0 0 0 0 0 0 0 0 0 0 0 0 0 0
0 0 0 0 0 0 0 0 0 0 0 0 0 0 0 0 0 0 0 0 0 0 0 0 0 0 0 0 0 0 0 0 0 0 0 0 -14.27117399525816 -22.38050895761937 29.95758073336268 -35.45427836308183 14.25224395097905 -24.68561064496192 31.86898630629935 -37.70789311891522 0 0 0 0 0 0 0 0 0 0 0 0 0 0 0 0 0 0 0 0
0 0 0 0 0 0 0 0 0 0 0 0 0 0 0 0 0 0 0 0 0 0 0 0 0 0 0 0 0 0 0 0 0 0 0 0 -18.36424378120604 -31.82939327000256 -38.26653421049708 45.86058206233699 18.36413035394317 -31.80760680984739 41.06344381908419 -48.58692196050618 0 0 0 0 0 0 0 0 0 0 0 0 0 0 0 0 0 0 0 0
0 0 0 0 0 0 0 0 0 0 0 0 0 0 0 0 0 0 0 0 0 0 0 0 0 0 0 0 0 0 0 0 0 0 0 0 -22.85081831052059 -39.5788969875421 -51.12214910844864 -57.16271401448931 22.85081990048351 -39.57878106224344 51.09598663908611 -60.4575867106051 0 0 0 0 0 0 0 0 0 0 0 0 0 0 0 0 0 0 0 0
0 0 0 0 0 0 0 0 0 0 0 0 0 0 0 0 0 0 0 0 0 0 0 0 0 0 0 0 0 0 0 0 0 0 0 0 0 0 0 0 -6.935074802179876 14.24279657288202 -18.39831166010518 21.76923086234446 8.681463545985336 -15.03673594570367 19.41234263300959 -22.96899355875016 0 0 0 0 0 0 0 0 0 0 0 0 0 0 0 0
0 0 0 0 0 0 0 0 0 0 0 0 0 0 0 0 0 0 0 0 0 0 0 0 0 0 0 0 0 0 0 0 0 0 0 0 0 0 0 0 -15.05731764235063 -23.84602144539941 31.86240743197389 -37.70747925093349 15.03758218413562 -26.04585636591546 33.625055980967 -39.78570277891835 0 0 0 0 0 0 0 0 0 0 0 0 0 0 0 0
0 0 0 0 0 0 0 0 0 0 0 0 0 0 0 0 0 0 0 0 0 0 0 0 0 0 0 0 0 0 0 0 0 0 0 0 0 0 0 0 -19.38185625739801 -33.59286709170946 -40.68557038622841 48.76063359586034 19.38176176054835 -33.57019610946535 43.33893682029211 -51.27932158871234 0 0 0 0 0 0 0 0 0 0 0 0 0 0 0 0
0 0 0 0 0 0 0 0 0 0 0 0 0 0 0 0 0 0 0 0 0 0 0 0 0 0 0 0 0 0 0 0 0 0 0 0 0 0 0 0 -24.01900876300597 -41.60224168526102 -53.73533861221784 -60.43662062676996 24.019010371516 -41.60214631098952 53.70813994298225 -63.54832818091246 0 0 0 0 0 0 0 0 0 0 0 0 0 0 0 0
0 0 0 0 0 0 0 0 0 0 0 0 0 0 0 0 0 0 0 0 0 0 0 0 0 0 0 0 0 0 0 0 0 0 0 0 0 0 0 0 0 0 0 0 -7.418761111082347 15.02790286959838 -19.41240123133105 22.96909883142861 9.095610039834501 -15.75405871482693 20.33840234589952 -24.06472218782439 0 0 0 0 0 0 0 0 0 0 0 0
0 0 0 0 0 0 0 0 0 0 0 0 0 0 0 0 0 0 0 0 0 0 0 0 0 0 0 0 0 0 0 0 0 0 0 0 0 0 0 0 0 0 0 0 -15.77515830764038 -25.19711726724224 33.61891702069898 -39.78538519380433 15.75476459142795 -27.28805273364033 35.2287245959396 -41.68318907328449 0 0 0 0 0 0 0 0 0 0 0 0
0 0 0 0 0 0 0 0 0 0 0 0 0 0 0 0 0 0 0 0 0 0 0 0 0 0 0 0 0 0 0 0 0 0 0 0 0 0 0 0 0 0 0 0 -20.31091932656401 -35.20279249059181 -42.91133457150676 51.43555175494632 20.31084385932777 -35.17941350895403 45.41642754984107 -53.73744176964463 0 0 0 0 0 0 0 0 0 0 0 0
0 0 0 0 0 0 0 0 0 0 0 0 0 0 0 0 0 0 0 0 0 0 0 0 0 0 0 0 0 0 0 0 0 0 0 0 0 0 0 0 0 0 0 0 -25.08332147512943 -43.44566477866054 -56.11603016453953 -63.44121826235433 25.08332308235738 -43.44559000130817 56.08801551374068 -66.36423493100376 0 0 0 0 0 0 0 0 0 0 0 0
0 0 0 0 0 0 0 0 0 0 0 0 0 0 0 0 0 0 0 0 0 0 0 0 0 0 0 0 0 0 0 0 0 0 0 0 0 0 0 0 0 0 0 0 0 0 0 0 -7.864349679853088 15.74486663262616 -20.33845185963773 24.06480467384402 9.469633423917145 -16.40188621927692 21.17474405788283 -25.05429504662986 0 0 0 0 0 0 0 0
0 0 0 0 0 0 0 0 0 0 0 0 0 0 0 0 0 0 0 0 0 0 0 0 0 0 0 0 0 0 0 0 0 0 0 0 0 0 0 0 0 0 0 0 0 0 0 0 -16.42338575078388 -26.43067044836411 35.22288194002357 -41.68294155434422 16.40248081153985 -28.40993013576061 36.67706209423902 -43.39688511184335 0 0 0 0 0 0 0 0
0 0 0 0 0 0 0 0 0 0 0 0 0 0 0 0 0 0 0 0 0 0 0 0 0 0 0 0 0 0 0 0 0 0 0 0 0 0 0 0 0 0 0 0 0 0 0 0 -21.14986004628784 -36.65644519621279 -44.93910607668639 53.87857019107806 21.14980347971341 -36.63253419696068 47.2923982914008 -55.95712028521022 0 0 0 0 0 0 0 0
0 0 0 0 0 0 0 0 0 0 0 0 0 0 0 0 0 0 0 0 0 0 0 0 0 0 0 0 0 0 0 0 0 0 0 0 0 0 0 0 0 0 0 0 0 0 0 0 -26.04163148234489 -45.1054859650958 -58.25947415960713 -66.16941246293862 26.04163306934326 -45.10543158816836 58.23086178815802 -68.89968483547793 0 0 0 0 0 0 0 0
0 0 0 0 0 0 0 0 0 0 0 0 0 0 0 0 0 0 0 0 0 0 0 0 0 0 0 0 0 0 0 0 0 0 0 0 0 0 0 0 0 0 0 0 0 0 0 0 0 0 0 0 -8.270924383095769 16.39238692420979 -21.17478534235014 25.05436057396885 9.803124107481681 -16.97950902706157 21.92045189619599 -25.93662845989855 0 0 0 0
0 0 0 0 0 0 0 0 0 0 0 0 0 0 0 0 0 0 0 0 0 0 0 0 0 0 0 0 0 0 0 0 0 0 0 0 0 0 0 0 0 0 0 0 0 0 0 0 0 0 0 0 -17.00128502089954 -27.54459209838536 36.67141014263853 -43.39668958720871 16.98001404775626 -29.41024704394711 37.96846566968437 -44.92489442874629 0 0 0 0
0 0 0 0 0 0 0 0 0 0 0 0 0 0 0 0 0 0 0 0 0 0 0 0 0 0 0 0 0 0 0 0 0 0 0 0 0 0 0 0 0 0 0 0 0 0 0 0 0 0 0 0 -21.89783976634964 -37.95237490213593 -46.76582076603844 56.08504586204827 21.89780175481551 -37.92810521341138 48.96497328158167 -57.93613770223563 0 0 0 0
0 0 0 0 0 0 0 0 0 0 0 0 0 0 0 0 0 0 0 0 0 0 0 0 0 0 0 0 0 0 0 0 0 0 0 0 0 0 0 0 0 0 0 0 0 0 0 0 0 0 0 0 -26.89278487765083 -46.57970685261149 -60.16309460705962 -68.61667503981793 26.89278642662891 -46.57967244801995 60.13409855432592 -71.15162494643349 0 0 0 0
0 0 0 0 0 0 0 0 0 0 0 0 0 0 0 0 0 0 0 0 0 0 0 0 0 0 0 0 0 0 0 0 0 0 0 0 0 0 0 0 0 0 0 0 0 0 0 0 0 0 0 0 0 0 0 0 -8.637909295988473 16.96975314384012 -21.9204855637086 25.93668113520798 10.09600346895342 -17.48679096161895 22.57535005765353 -26.71151441449617
0 0 0 0 0 0 0 0 0 0 0 0 0 0 0 0 0 0 0 0 0 0 0 0 0 0 0 0 0 0 0 0 0 0 0 0 0 0 0 0 0 0 0 0 0 0 0 0 0 0 0 0 0 0 0 0 -17.50871823544269 -28.53780909909252 37.96292583470692 -44.92473810469729 17.48722294891872 -30.28875863081167 39.10261925147658 -46.26684304398051
0 0 0 0 0 0 0 0 0 0 0 0 0 0 0 0 0 0 0 0 0 0 0 0 0 0 0 0 0 0 0 0 0 0 0 0 0 0 0 0 0 0 0 0 0 0 0 0 0 0 0 0 0 0 0 0 -22.5547408408734 -39.09038212550669 -48.39005568335224 58.05240355605882 22.55472083690002 -39.06592244004326 50.4338890048394 -59.67418222492407
0 0 0 0 0 0 0 0 0 0 0 0 0 0 0 0 0 0 0 0 0 0 0 0 0 0 0 0 0 0 0 0 0 0 0 0 0 0 0 0 0 0 0 0 0 0 0 0 0 0 0 0 0 0 0 0 -27.63655092987904 -47.86792802188862 -61.82638204467163 -70.78094386882566 27.63655242445146 -47.86791294519075 61.79720988481009 -73.11944481029774
0 0 0 0 0 0 0 0 0 0 0 0 0 0 0 0 0 0 0 0 0 0 0 0 0 0 0 0 0 0 0 0 0 0 0 0 0 0 0 0 0 0 0 0 0 0 0 0 0 0 0 0 0 0 0 0 0 0 0 0 -8.965060376952474 17.47682790452273 -22.57537658630996 26.7115571954861
0 0 0 0 0 0 0 0 0 0 0 0 0 0 0 0 0 0 0 0 0 0 0 0 0 0 0 0 0 0 0 0 0 0 0 0 0 0 0 0 0 0 0 0 0 0 0 0 0 0 0 0 0 0 0 0 0 0 0 0 -17.94609994337521 -29.41023098518757 39.09713276164071 -46.26671665122966
0 0 0 0 0 0 0 0 0 0 0 0 0 0 0 0 0 0 0 0 0 0 0 0 0 0 0 0 0 0 0 0 0 0 0 0 0 0 0 0 0 0 0 0 0 0 0 0 0 0 0 0 0 0 0 0 0 0 0 0 -23.12114149917179 -40.07147452629995 -49.81198612599488 59.78006294729541
0 0 0 0 0 0 0 0 0 0 0 0 0 0 0 0 0 0 0 0 0 0 0 0 0 0 0 0 0 0 0 0 0 0 0 0 0 0 0 0 0 0 0 0 0 0 0 0 0 0 0 0 0 0 0 0 0 0 0 0 -28.27357096032147 -48.97126047426014 -63.25077910241492 -72.66250972227085
