# Created from matlab git hash 44e5d814ece930399b58c9298dbb19a28bd9b520
# name: foo
# type: matrix
# rows: 24
# columns: 24
-0.6369394190589999 0.8260833076076753 -0.8875835239646408 0.7616373327815897 -0.5614751174026495 -0.3787465332656731 0.9017637749679777 -0.6582171649510621 -0.4572079928293624 0.0003586622061434979 -7.106365677494195e-05 -0.0003121073260271706 1.027296784498004 -0.738768965034288 -0.5356880613717103 0.0005072908713477777 -0.0001005826661337905 -0.0004415126760190125 6.008494945038323e-05 -7.118232588518798e-06 -5.324702053447568e-05 1.527115021337027e-05 -1.291307488645789e-06 -1.360051418721618e-05
0.9647150689049331 -1.430935515616618 1.537491137595419 -1.31934594105178 0.9726206875209684 0.6560759296593787 -1.562114791721647 1.14023140160971 0.7920031720566398 -0.000621219250367267 0.0001230827941892411 0.0005405786188476026 -1.77963319562076 1.279819918398611 0.9279741015219629 -0.0008786425711768839 0.0001741967134030393 0.0007646817559382676 -0.0001040689507066731 1.232592187454664e-05 9.22132046128907e-05 -2.645009875103645e-05 2.235487660192464e-06 2.355013352645781e-05
-0.8878457185730847 1.847632559703245 -1.985283380260836 1.703659156977837 -1.255950664570441 -0.8471651601696668 2.017234372251474 -1.472460579682447 -1.022718791873275 0.0008019856608450765 -0.0001588912766718195 -0.0006978655931248354 2.298278842588102 -1.652845979134258 -1.198358400982356 0.00113429430049189 -0.0002248416119956903 -0.0009870949929558011 0.0001343492491414716 -1.590438399921281e-05 -0.0001190122892779775 3.414613202909119e-05 -2.883103838205052e-06 -3.038592648116144e-05
0.9410471775072244 -1.320102841143 2.104245458939277 -1.365360203574525 1.575839492063784 1.112123634336105 -2.018063644027662 1.473102834577199 1.023089431923262 -0.555259778833585 0.4361125459798401 0.2439098649533889 -2.299452241972572 1.653754332784536 1.198881882001877 -0.001134251728382625 0.0002247735453173634 0.0009869376295408481 -0.7982537363404605 0.6194707313540475 0.356223493647325 0.0004439080390099698 -3.751081948343842e-05 -0.0003951972144212698
-0.561948999237296 1.213324233840197 -1.256556162181368 1.266152226651645 -1.10197216489425 -1.134773978609654 1.563399494034105 -1.14122637861421 -0.7925773651528515 0.01056046126419991 -0.002092192044499082 -0.009189679961041303 1.781451018130048 -1.281227133822543 -0.9287850748307535 0.0008785766176474248 -0.0001740912642829884 -0.0007644379692682244 0.001768804991548285 -0.0002092426260059078 -0.001567383517733901 0.000449649767102185 -3.799658813790031e-05 -0.0004003123248562524
-0.4588637719109621 0.6562113079249867 -1.026050586404631 1.111861462151843 -0.16455474703124 -0.2078992680777842 0.9021346365805668 -0.658504390071784 -0.4573737480992559 -0.5041711668297658 0.3915630837566731 0.2247136675684943 1.027821544655631 -0.7391751931362066 -0.5359221692007645 0.0005072718326544779 -0.0001005522259835447 -0.0004414423009926153 -0.7152413993501439 0.5542207264124539 0.3197338189358956 7.635520725215074e-05 -6.454597958670747e-06 -6.799104793290521e-05
1.029738255014373 -1.783558976188407 2.302564737243329 -2.86825038255796 1.783558976182608 0.5237736322983004 -2.178547920548643 2.723968018410378 1.977307864822504 0.4000001558072954 -0.3098387883962451 -0.1788855078815788 -3.255235421273329 2.341331018359885 1.696955645125876 -1.110520607554444 0.8722250942570622 0.4878182766690318 0.5656856453114211 -0.4381782166894954 -0.2529823113601193 -6.195071862373548e-12 -3.66046288170667e-12 6.304605483964884e-12
-0.7575371149936042 1.312092771791394 -1.693904484602567 1.255726204027883 -1.31209277178755 -1.149455683653861 2.104896595533418 -1.872875158380375 -2.078404931154065 0.3098388335751005 -0.2400001284799302 -0.1385641387867924 2.522351444664244 -1.814250576125816 -1.314838487048574 0.02111941886743889 -0.00418405289934176 -0.01838068273992179 0.4381782805781785 -0.3394114366744199 -0.1959592843293514 4.77428785667511e-12 2.820839573448731e-12 -4.857899504092268e-12
-0.5141080033385652 0.8904611823610078 -1.14958044324039 1.402562570348783 -0.8904611823593752 -0.2878339100196464 1.976259426341466 -0.1374250591789996 -0.3051295797069341 -0.178885377591096 0.138564017663431 0.07999997289589782 1.454301291082678 -1.045926076394213 -0.7582394785270178 -1.008342610071111 0.7831261912747606 0.4494269276296803 -0.2529821271073775 0.1959591130324559 0.1131370466598484 2.811365988472467e-12 1.661353436701488e-12 -2.861497049095469e-12
0.1268498092442208 0.2184678948505091 0.2836447964029583 0.2932685379466803 0.2296496720686168 -0.124697875215255 7.022608536508398e-18 -7.216511832365429e-18 -4.026053706185646e-18 1.088402804531576 0.3258358310728834 0.5390746541304858 8.531975620189604e-18 -8.193404435934711e-18 -4.383000100101786e-18 -1.824780575711497e-17 -7.394907346893713e-18 -2.622779418990338e-18 0.5586565699327369 -0.4373464690839639 -0.2467540845041107 -1.127846514872552 0.8760588714768451 0.502826222486483
0.0979085814870061 0.1698287806316555 0.2189302437855215 0.2170236283124252 0.1676134936391749 -0.09833491366748436 -3.027286784921784e-17 2.207140974521402e-17 1.534825387859026e-17 -0.2938417766473774 0.1300376093134164 -0.9755659502585809 -3.388780505509463e-17 2.493923870108083e-17 1.76648943442144e-17 5.291017240748543e-18 1.98396189184968e-18 6.657015812880661e-19 -0.4315563141009036 0.3386278417356512 0.1900918173313935 0.003478309996428094 -0.0002936465033642258 -0.003097033424644188
-0.05688063178784945 -0.09743901637380196 -0.1271889592807663 -0.1355633395922354 -0.1071691670181372 0.05500806342326128 -1.7479415569593e-16 1.272024682389692e-16 8.775676716404372e-17 0.539074392678803 0.9643313077657956 0.6116285786975134 -1.977219482574591e-16 1.439333913211231e-16 1.03105135380455e-16 1.775134859307699e-17 4.257322795287939e-18 1.20674452521917e-18 -0.2523875428128517 0.1958888325679138 0.1126100919396353 -1.011691318306356 0.7838166574889396 0.4523368111148072
1.210379475681518 -2.09643874831739 2.706490786191026 -2.706490786188505 2.096438748317367 1.210379475688799 -4.95893042676946 2.9648121105551 0.6998029984001281 -1.854449801681838e-11 -1.058255609910021e-12 5.256762426193007e-12 -3.257442950944286 4.596148677396299 3.462830195957693 0.8000025460020114 -0.619679307524457 -0.3577720150084047 -3.21799195960442e-12 1.048621093523799e-11 4.634597798363873e-12 -8.503558979789371e-12 -5.03081264780586e-12 8.650497711461119e-12
-0.8811242229736254 1.526151921977264 -1.970253659188241 1.970253659196291 -1.52615192196967 -0.8811242229827534 1.90999952329606 -2.15830474629603 -2.029937970371222 1.121183261990158e-11 3.397478408877643e-12 -2.632218856723349e-12 3.359222578659984 -3.08689353348288 -3.776416300817533 0.6196800442141314 -0.4800020982389797 -0.277129340631356 -2.755914338008606e-12 -4.34430325458297e-12 -1.84072882016263e-12 6.537147505778817e-12 3.85942077503636e-12 -6.646626997682092e-12
-0.6166239870531788 1.068024074746815 -1.378813151607287 1.37881315161193 -1.068024074741794 -0.6166239870578014 2.455899292663827 -1.510414131443993 -0.4194909104163436 5.811353281155262e-12 2.449831968032736e-12 -1.292378834569243e-12 3.458640454932925 0.1077069623995971 -0.389391442567277 -0.3577698921401882 0.277127366809442 0.1599995598263452 -2.664951356707497e-12 -1.926203256055947e-12 -5.265891813530616e-13 3.914283572969193e-12 2.311609140627659e-12 -3.982668576897278e-12
0.0005072157148304357 -0.0008785233884843504 0.001134168817616625 -0.8011365768031971 0.0008785233884848975 -0.7150366908528828 0.5865385676627995 0.4593004996566885 -0.2493964175705619 0.5656871276521706 -0.4381793649121448 -0.2529829742853699 -2.37672580066581e-17 1.457575986093952e-17 9.909571601138161e-18 2.176812431437972 0.6516732962957884 1.078152579939072 0.800002407985581 -0.6196792006107854 -0.3577719532838546 -8.645088640124818e-18 2.232045881026273e-19 1.672740196295231e-17
-0.0001004874585945898 0.0001740493838081666 -0.0002246967883032985 -0.6194550450973836 -0.0001740493838104755 -0.5543588983129656 0.4340487474605725 0.3352281420749682 -0.1966704940563644 0.4381797476513004 -0.3394125730597645 -0.1959599404224017 6.165197890458049e-17 -4.332929799491216e-17 -3.09527992842262e-17 -0.5876857888720717 0.2600768517587432 -1.951136728735902 0.6196797418856903 -0.4800018640610689 -0.2771292054271846 3.894669890744349e-18 5.84982599567441e-19 -5.249284091005434e-18
-0.0004413685962753633 0.0007644728336155373 -0.0009869301844070816 0.3587575295884903 -0.0007644728336136592 0.3195583836510765 -0.27112650762253 -0.2143382011449394 0.1100160501217652 -0.2529820169478046 0.1959590277057583 0.1131369973960586 6.76399277549855e-16 -4.78262295670187e-16 -3.458603291750819e-16 1.078148341111034 1.928662803468665 1.223256434533486 -0.357770599404086 0.2771279146509289 0.159999876123676 4.754324270077854e-18 1.467493232125782e-18 -1.301773451650939e-17
6.008021769689905e-05 -0.0001040619895810303 0.0001343434508723125 0.001746464861350551 0.001769053822872631 0.0003004010884849559 -1.604234398597074e-17 1.122904255641031e-17 7.776666541782982e-18 -1.138403144280756 0.006622464464670681 -1.011336459610036 -1.833092592264041e-17 1.275073173137381e-17 9.559475266649232e-18 -3.714745652839873e-18 -1.681288841154812e-18 -6.065440141304916e-19 2.269995045526676 0.630683131271042 1.07430014053132 0.8000018753627022 -0.6196787880428779 -0.3577717150876621
-7.10878902532764e-06 1.231278377149152e-05 -1.589573549947684e-05 -0.0002066445614791772 -0.0002093173241270026 -3.554394512560864e-05 -3.097703301640291e-17 2.26541226142813e-17 1.578004908440999e-17 -0.875526951272834 -0.0007835807610593719 -0.7839094326856749 -3.523954910445975e-17 2.541432843334368e-17 1.83733357125078e-17 5.963991303505227e-19 2.678028213504457e-19 1.049958639616108e-19 -0.6086751459884132 0.3506485777125712 -1.943714317405378 0.6196791865700494 -0.4800014339154232 -0.27712895708248
-5.322121311225437e-05 9.218184515253131e-05 -0.0001190062503649072 -0.001547081254748547 -0.001567091367581907 -0.0002661060655641007 9.524292705932755e-18 -6.750313037645458e-18 -4.69229187531711e-18 0.5121913545342085 -0.005866416702822204 0.4520213154178797 1.098498764524194e-17 -7.516254028754659e-18 -5.732982403856728e-18 3.424518383702435e-18 1.284421996421937e-18 4.046929915611653e-19 1.074296988223933 1.936084000445643 1.311298823054112 -0.3577707487927498 0.2771280303668905 0.1599999429323174
0.1789010462161236 0.309812803645426 0.4000349005850831 0.4004446461744605 0.3102888849985714 -0.17880942431699 1.873609822292991e-16 -1.366531406366154e-16 -9.487264636445985e-17 0.5692115884477162 0.4416574901790469 -0.2527451400168493 2.133617798312608e-16 -1.535029067761661e-16 -1.112501443424031e-16 -6.103621566150674e-19 -7.026945545733237e-20 -9.032159239882509e-20 1.790172014384172e-17 -1.751585359624488e-17 -6.083709136897137e-18 2.307854400339679 0.6252260965468791 1.073668210844759
0.1385631071365699 0.240002806914953 0.3098365267309544 0.3098019386673936 0.2399626192167031 -0.1385708412627013 4.552231388591224e-17 -3.325047152652084e-17 -2.309914227224489e-17 0.437881528769993 0.3391184248321578 -0.1959797007692314 5.189454771252465e-17 -3.731667486729195e-17 -2.705297570108926e-17 1.271591980896041e-19 -6.633256315016447e-21 -2.790832652335523e-20 1.563182677017674e-17 -1.20139126787046e-17 -7.274459359467818e-18 -0.6141314520469714 0.3880861395054049 -1.941815840969575
-0.08001357520191435 -0.1385404950931552 -0.1789157932742711 -0.1792804923776594 -0.1389642371592922 0.0799320260032627 -5.591796380941162e-17 4.078209000525316e-17 2.830632386083951e-17 -0.2561197158803996 -0.1990553252667874 0.11292562725904 -6.366849945538013e-17 4.583962802020573e-17 3.320018445338588e-17 5.445723663470832e-19 4.709553357358253e-20 2.099193026702066e-20 -6.459470278498773e-17 5.186683890705545e-17 2.583534923643667e-17 1.073665786469432 1.937981541535391 1.348319132301622
