# Created from matlab git hash e3d28e3d9936e8692f581d15f2e77c245ebc3f89
# name: foo
# type: matrix
# rows: 24
# columns: 24
-5.996901278882903e-16 0.05692342545839884 -0.2046372850079771 0.3792006611991004 -0.3385899840865668 -0.09792032123795766 0.9248902242876058 -0.8161800299858779 -0.2671592863691222 1.516998898659432e-06 5.422470306814565e-05 1.069883658404472e-05 2.060298373975775 -1.87686775322021 -0.7158900939669246 0.000671181962457989 -0.0004132614365806758 -9.876039920180175e-05 -2.762677738544154e-05 3.656049652675317e-05 2.19569611647421e-05 5.44364830704226e-05 4.864742266787178e-05 -2.294757744735914e-05
1.031603573223444e-15 -0.0949620667538828 0.3443043252332511 -0.6426738259839687 0.5746726836181448 0.1638811211831969 -1.586461505430834 1.403129064942021 0.4507132393969512 4.849620660612018e-05 -2.877876038710512e-05 -3.501891989601222e-05 -3.58418429843005 3.26272652830577 1.219719215539978 -0.001058829189283347 0.0006962974837006618 0.0002103380911282885 3.560609999223175e-05 -4.454697535907928e-05 -2.590776898175648e-05 2.460170445516657e-06 -4.820910825019142e-06 -2.253866038792603e-06
-1.312112019633606e-15 0.1128550931824977 -0.4172458269257731 0.7916041778048211 -0.7100919243967637 -0.196214132934768 2.005625709440136 -1.782285814011975 -0.5495260234275356 -0.000198611329490851 -0.0001362115936841743 8.905645122232549e-05 4.665955285029288 -4.241239320942299 -1.519830885097093 0.001090178977209251 -0.0008464964031642781 -0.0003759041545762626 -1.335524490193901e-05 7.506932158056434e-06 1.167272394414e-06 -0.0002606197508575979 -0.000205168638396782 0.0001146714704901487
1.254760160910947e-15 -0.09868780870468583 0.3737694416410738 -0.7888793752788426 0.6539348577742654 0.1198969459528796 -1.909653340418624 1.755907547318405 0.4831080639331447 0.04407243714166131 -0.03499500908348313 -0.01952927344492253 -4.721750599428193 4.282397911987463 1.433755866303585 0.01950785636598941 0.01118013397546827 -0.01750315834963215 0.0634536607858637 -0.0489292211723936 -0.0282548122782959 -0.000696364371895566 -0.0004569951068173329 0.0003222072239118201
-9.893755373401408e-16 0.07265621664833596 -0.2785983496450338 0.5481643526339114 -0.5028475427362432 -0.1283813819686776 1.483649627397216 -1.332562813323368 -0.3733984748788394 0.006056420871032859 -0.005501131740942869 -0.002522134495643294 3.671858575536868 -3.327758261503539 -1.088358044256722 0.0002314675901291052 -0.0006591516788828798 -0.0003051405084421648 0.009658742671083121 -0.007251850837580573 -0.004191734427983461 -0.0006519103004234568 -0.0004190082021627288 0.0003031661435700629
-6.111913590064109e-16 0.05040216227766155 -0.1866655211963971 0.3037740489572103 -0.3241079910111258 -0.1362687361428406 0.9236962450094822 -0.7797217851771419 -0.2606755152747276 0.04051737640642242 -0.03128904349368499 -0.01807407751633112 2.087392560619887 -1.897472611787992 -0.6808354643494605 0.01862516708745679 0.008984643313457382 -0.01638596701016537 0.05729779833652186 -0.04432297494412791 -0.02558785742114504 0.0001046118259414527 0.0001056449078292253 -4.19913444073469e-05
1.500965803510895e-15 -0.1037162729830688 0.4122109995397829 -0.8146514915964576 0.7667561524765477 0.20719889726297 -3.266205004151258 2.133722489715974 -0.149165592808074 -0.02178575527356159 0.01687517347182049 0.009742885946571885 -6.623401382851265 6.261205410776112 1.584947241245313 0.6203536383860633 -0.4986755609336311 -0.2685554962728954 -0.03080971057442164 0.0238650991912404 0.0137785214422987 7.059995078756069e-15 5.384051875564768e-15 -4.230430346067346e-15
-1.286213572487778e-15 0.07085939651923526 -0.2881870861664795 0.6258157822112133 -0.5492686131609412 -0.1031065867878059 1.810894728569243 -1.870398287848742 -0.3898240485638158 -0.0155153107081588 0.01201810799677884 0.00693865788709445 5.312673577502054 -4.801520585232579 -1.288873730687338 0.1435235531017658 -0.1250349077262218 -0.05659180408060376 -0.02194196282790336 0.01699617132311431 0.009812744088594212 -5.204714017206316e-15 -4.019764445774473e-15 3.140739569719344e-15
-1.011788161958025e-15 0.06040994376838726 -0.2325035691741779 0.4449007275065579 -0.4172029011982806 -0.1199994734504801 0.5642893449719312 -1.265534258870617 -1.001627137656631 0.01214819128218639 -0.009409948504494654 -0.005432836302127936 3.172408280688348 -2.618549365825552 -1.076122560561501 0.6062649295963645 -0.4608106708102376 -0.2730158880137761 0.0171801368695753 -0.01330767679628547 -0.007683190780623436 -3.357931996194433e-15 -2.573143716751894e-15 2.073442930388791e-15
1.263078956383345e-17 -6.815806735345741e-05 -0.0002984769198522238 0.04075457906811709 0.006519092779065072 0.03716570746148094 -0.01952582822002336 -0.01386425471146001 0.01091526980423876 -0.0732229100304489 0.02296026766618615 -0.01412426740805656 -1.234811011783247e-16 1.005142558832763e-16 5.60156641921248e-17 -0.01380684554266251 -0.007129824380051264 0.01234921807529265 -0.04762510429353106 0.04804587476392434 0.01679489278336495 0.02642809010592338 -0.02345910630922645 -0.01169296100003761
-1.984982602644509e-17 -5.789440479547788e-05 -0.0002128825527853482 -0.03222510224866123 -0.005838942194659815 -0.02836220406089134 0.01500104416824865 0.01065144561054691 -0.008385838623420018 0.02342186948664306 -0.03288582432826004 -0.01646008110596746 1.088399806376803e-16 -8.728466604017086e-17 -4.827557548656302e-17 0.01060734005624779 0.005477606851386966 -0.009487493370490065 0.04532801128864671 -0.03453563676225314 -0.01988313810637438 0.007283148138425393 -0.008363658411954206 -0.003130886725757869
-1.83006681477857e-17 2.812246538146898e-05 0.0001376222700334812 -0.01874455276121832 -0.002975779930011271 -0.01711188145776197 0.008993081228451548 0.006385509868628392 -0.005027285238498639 -0.01370433745988381 -0.01926943127001456 -0.0382189822447916 5.870031492623276e-17 -4.720689430460687e-17 -2.752801168378009e-17 0.006359068720399692 0.00328380896686586 -0.005687723972962208 0.03158435049939034 -0.01354249025261669 -0.01780995300801493 0.02643929624300011 -0.01982335883223955 -0.01180848165717044
1.36912109351225e-15 -0.0876468969273726 0.3691963980080874 -0.797875647739284 0.7287163255461151 0.1518088786040847 -2.393194799040532 2.386922018155529 0.6082873866185412 -8.195454791045656e-14 7.325283112954828e-14 3.695500822790556e-14 -15.12393097826624 6.300654866981159 -4.010792134003161 -0.1414384312699788 0.1095577377644003 0.06325318939014497 -1.251681370571562e-13 9.69255511744273e-14 5.452976684381087e-14 6.87124295060824e-15 5.262522860696475e-15 -4.155689763722894e-15
-2.069180986888013e-15 0.05420408504672954 -0.2339949826295111 0.5161168931531764 -0.4726259904463677 -0.09388422927880578 1.813468617459655 -1.600390211549582 -0.1927181304923434 5.93082849277088e-14 -5.254541416041177e-14 -2.672193668475325e-14 6.683720424244279 -8.711398731092222 -0.7472871651312002 -0.05757445899108767 0.04459698416792045 0.02574808081435122 9.039311341695024e-14 -6.981744430408734e-14 -3.937586456883602e-14 -4.657511749486931e-15 -3.545940771324211e-15 2.854644338500365e-15
-2.037893887683699e-15 0.05398385408987783 -0.2233239687946031 0.4751387394699771 -0.4330591792314327 -0.09350277807211918 1.265109226053752 -1.380926877873994 -0.4790875215091967 4.473636415573392e-14 -4.087824003553582e-14 -2.018073717737473e-14 -1.072208672028802 -7.079586739746863 -7.556151021457824 0.1696733737792784 -0.1314284301883558 -0.07588023954845306 6.936600367786816e-14 -5.376169960153053e-14 -3.013676985845565e-14 -4.531889408078981e-15 -3.452784182594876e-15 2.668928749626996e-15
1.004747401017546e-16 3.820950255966241e-05 -0.0001643234559503748 0.02152552668229698 -0.0003307459878091162 0.0188636572960525 0.4804444553961247 0.1571084592569361 0.4521904450722198 -0.0149653510302523 0.01159211106206281 0.00669270844215811 -0.1174482899390977 -0.06065003612994897 0.105048944057965 -0.9236041792571676 0.2942297023165283 -0.08008996405858783 -0.02116420239265698 0.01639372068050442 0.00946491904790891 -9.031397967667037e-18 -6.887380042507656e-18 3.975365266242252e-18
-1.610524540230883e-16 -1.024462513364116e-05 4.807259269958295e-05 0.01049524274709472 0.0001042273498641375 0.009505987591647112 -0.3741252367986332 -0.1314730834150996 -0.325285962606528 -0.007501115019028383 0.005810338709336536 0.003354600617918407 0.0866176183633306 0.04472914578790584 -0.07747315308381218 0.2921526503839298 -0.5528703008740663 -0.2740667270725805 -0.01060817859283046 0.008217059804725129 0.004744121690205379 2.006202445062497e-18 1.538716643635047e-18 -8.918929448191231e-19
-1.327251193429511e-16 -3.302191042102984e-05 0.0001400995312945679 -0.02019001490272313 0.0002784278681463545 -0.01772884987458134 -0.2452426051640056 -0.07680421408739514 -0.2402431513735662 0.01406110358779083 -0.01089168400496204 -0.006288316692193271 0.06169514336981591 0.03185923504175337 -0.05518181378259845 -0.07525670577005591 -0.3835196438187922 -0.5363345062594754 0.01988540339578681 -0.01540316723689945 -0.008893022750596863 2.640898248014979e-18 1.953572728130641e-18 -1.132806021840053e-18
1.978740261173004e-17 1.063729930490327e-06 -4.254526036577909e-06 0.05379688277645864 0.00923955706553567 0.04813814350424253 -0.0253720003490377 -0.01801531138216118 0.01418337937639888 -0.04106517977915918 0.04082961673152384 0.02840157022522349 -1.646774184676106e-16 1.333018203869487e-16 7.28800000046513e-17 -0.01794071349907245 -0.009264544613463854 0.01604666197950875 -0.1766700023914052 0.02772004941056499 -0.03770858898692746 -0.006759408255849179 0.00523581512102429 0.0030228992695504
-3.658469357530318e-17 -2.108593350172673e-07 8.391702960738728e-07 -0.04045763618680481 -0.006959999802907526 -0.03619050785322734 0.01907426490309194 0.01354362355698386 -0.01066283823603778 0.04293118395769721 -0.03075840252764283 -0.01062808902173582 1.226772308400264e-16 -1.004436488459258e-16 -5.370585875906713e-17 0.01348754205912521 0.006964936770167808 -0.01206362435743591 0.02821306253239853 -0.1060432345357319 -0.05619967748836907 -0.003398540526112626 0.002632498171808807 0.001519873528135145
-2.933126865169271e-17 -9.293078973651993e-07 3.71752452954565e-06 -0.02673604129458353 -0.004584110450972774 -0.02393157135914396 0.01261389391845482 0.008956456864116809 -0.007051381065658892 0.01622660760247298 -0.02025573754271999 -0.0178248331365366 8.470870255003387e-17 -6.818892474589501e-17 -3.737615995658234e-17 0.008919369926907368 0.004605942824742922 -0.007977726989212439 -0.04043914684574474 -0.06994285502966519 -0.11674695135313 0.006290918413940698 -0.004872924449908391 -0.002813384242895302
-5.83350650230441e-19 -0.0001093834714073184 -0.0004244037797952095 -0.0008503343929590508 -0.0007686409999557843 0.0001894577299857271 2.019427920037383e-17 -1.750262493543143e-18 -9.671949137405034e-18 0.02334871651866896 0.006686711073015363 0.02357851430903632 1.560720994626225e-17 -1.161834448188925e-17 -6.899609404830305e-18 6.066641072502968e-18 3.338644460674413e-18 -5.966416784699841e-18 -0.006072270633915276 -0.003135707071842172 0.005431203966083838 -0.07035511557089873 0.002034675197606201 -0.01751096476950487
-1.416999019731826e-17 -8.660007034554888e-05 -0.0003352914724818243 -0.0006703646294699606 -0.0006057777262831557 0.000149995721777514 8.147028610870353e-18 -7.694005063825064e-18 -3.177453582870036e-18 -0.0214275644116643 -0.008436638530065571 -0.01704634560380471 1.307878205076032e-17 -9.738920000424758e-18 -5.823202482693283e-18 -9.699549691429856e-19 -3.533246621152089e-19 7.877917189376775e-19 0.004603906700944757 0.00237744719736663 -0.00411785933815147 0.002165981047200562 -0.04364691679629223 -0.02133044173739049
-7.408008581252766e-18 4.461646689329687e-05 0.0001734734367121103 0.0003482960803597137 0.0003149279962489626 -7.727798751340542e-05 -1.280238371734077e-17 -2.394332651727054e-18 6.516165998346172e-18 -0.01146909209472721 -0.003392041844112615 -0.01136479661999295 -6.450935743054163e-18 4.832419042571419e-18 2.819174332638134e-18 -5.570145287457038e-18 -2.958383897861575e-18 5.330372016934632e-18 0.002937287260898632 0.001516808619264899 -0.00262718959392527 -0.01890437132563489 -0.02541567370438803 -0.04523887400588802
