# Created from matlab git hash 00e16b208fbf08652b67ace82ddc532522841f31
# name: foo
# type: matrix
# rows: 40
# columns: 40
0 0 0 0 0 0 0 0 0 0 0 0 0 0 0 0 0 0 0 0 0 0 0 0 0 0 0 0 0 0 0 0 0 0 0 0 0 0 0 0
2.309401076758482 -2.541369892306022e-16 -1.032795558988636 -1.671146678893247e-16 6.221847232633049e-15 -1.501451918308067e-14 1.83694802642183e-14 -1.520243422831856e-14 3.650160160305711e-14 -1.358898784376886e-14 1.459523596778828e-14 2.57718800499247e-14 -2.15231553012884e-14 -1.8787161602392e-15 2.162445121985049e-15 -6.841343143015016e-15 6.135429828384513e-15 -8.030119520952176e-15 1.05748419570749e-14 -7.266289188158503e-15 7.693453047550459e-15 9.436177437487861e-15 -8.811125373290979e-15 -4.610432275600689e-15 2.722183455715431e-15 2.606353481415054e-14 2.848393624998673e-14 -2.653159397067613e-14 -1.392106612659473e-14 6.556254708232118e-15 5.809342097129937e-15 1.037330705638354e-14 -1.147132382370141e-14 -2.115783975368105e-15 -4.419521644662648e-16 -1.107569441893522e-15 6.439045248395487e-16 -2.302678930828021e-15 1.831436465255425e-15 -1.498495596735031e-15
-3.33066907387547e-16 3.0983866769659 -2.102810113535636e-16 -2.028370211348421 -2.660728310042454e-16 9.099595605231466e-15 -2.728979787834779e-16 -1.098506161861389e-13 -2.974836926047054e-16 4.706545347682098e-15 1.346915200900467e-14 -1.446743201303643e-14 4.408813266722211e-15 -3.570354600216438e-14 1.366074069727823e-14 -1.333800212873045e-14 1.439181676481105e-14 -2.332231358991715e-14 3.60497656260827e-14 -1.117340811887524e-14 -1.420933675108809e-14 -1.934520223340509e-14 1.754759532124339e-14 1.657930500765438e-15 -2.881822926993627e-15 2.35513868802565e-15 -1.330838028095115e-15 2.904143939219672e-15 -4.259621016821737e-15 4.811987397088102e-15 1.515139222629835e-14 1.899073240242638e-14 -1.752276709149347e-14 -6.467942989669097e-15 3.892651717456175e-15 -3.666057607740511e-15 2.182063313678796e-15 -6.564952574616978e-15 9.672382344197903e-15 -5.552511033422858e-15
-5.88418203051333e-15 -8.014422459012849e-16 4.056740422696827 7.81760588338884e-17 -3.023715784073798 -1.919984870486021e-14 4.30327205305149e-13 -1.857249163489394e-14 -9.654106191329763e-15 -1.643351490857644e-14 1.421097160574872e-14 5.457201869758267e-14 2.405747042549811e-14 2.023887395158743e-14 -7.824033169392605e-15 -9.973790931062758e-15 3.022229480022752e-14 -6.622957390844952e-14 3.373209281360155e-14 -2.731566058414292e-15 6.417772129702071e-15 1.885175500947189e-14 -1.077003070060201e-14 1.444177283728247e-14 -1.752287551171072e-15 4.268688267444753e-14 3.394000033275779e-14 -2.362129589150719e-14 -2.913445377420061e-14 1.37617510703042e-14 1.639766339205095e-14 1.549896821127772e-14 -9.663277122928804e-15 -1.71417377905006e-14 1.073506518053935e-14 -6.950278026718326e-15 5.724831416212273e-15 -1.61485408378681e-14 2.412170601608608e-14 -6.407851679823828e-15
-8.881784197001252e-16 -1.361757928641794e-14 -1.5183167223487e-15 5.039526306789631 -6.593694625978803e-16 -1.24999999999997 -1.213374696941785e-16 3.105649968749897 6.111736055364658e-16 -2.222222222222144 -0.02762135864008191 -1.307524797662012e-13 0.06862581727786352 2.011765061958289e-14 -0.04910463758237603 -0.02762135864010322 1.317607318824382e-13 0.06862581727784242 -1.864517553209783e-14 -0.04910463758239365 -0.0006103515625055741 -2.774299887042808e-14 0.00151643064879373 -2.440894166476359e-14 -0.001085069444438901 -0.0006103515625065717 1.281255917334745e-15 0.001516430648799531 2.384710809898161e-14 -0.001085069444452797 -0.0006103515624753624 1.064480534967993e-14 0.001516430648804305 -3.191956247927674e-14 -0.0010850694444339 -0.0006103515625088352 1.572526830972976e-14 0.001516430648766449 3.365230728628876e-14 -0.001085069444448124
1.243449787580175e-14 -1.610517275096868e-14 -2.750577543508825e-14 -2.061914007589483e-14 1.874999999999957 -17.99999999999935 9.606597022316583 -17.88854381999855 -3.247595264191671 -15.99999999999958 25.89778586095654 22.44994432063703 -20.07167903745627 -14.69693845669958 9.270955575556806 -0.4419417382416373 8.108017295754832e-13 1.098013076448158 3.377742557224631e-13 -0.7856742013183168 0.009765624999988582 9.127767985894764e-14 -0.02426289038077651 -1.76590513045749e-14 0.0173611111110922 36.0097656249992 31.74901573276483 -26.85707862037559 -20.78460969082764 12.01736111111105 -0.009765624999998921 -2.447477984168778e-14 0.02426289038104293 2.472900898810304e-13 -0.01736111111105999 -0.009765625000007997 9.110767695830191e-14 0.02426289038075541 -1.55053921091497e-14 -0.01736111111111169
-1.02695629777827e-15 -2.051137037994977e-14 -6.002143226879753e-16 -7.024200286091103e-13 -1.06377978461073e-15 -7.74827169668816 -1.837004398423658e-15 -21.24154360217855 -3.312830560006294e-15 -17.63834207376728 -0.4384754750126091 -7.860991046472476e-13 1.089401076217039 -3.569720948416559e-13 -0.7795119555778137 -0.4384754750126034 7.854370365906194e-13 1.089401076217045 3.560531996191565e-13 -0.7795119555778079 -0.009689030680153348 -8.255549022173625e-14 0.02407259026318383 1.68211798656781e-14 -0.01722494343139114 -0.009689030680221889 1.957895651161223e-14 0.02407259026340008 -2.531555694240684e-13 -0.01722494343140139 -0.009689030680175102 -2.464044593364356e-14 0.02407259026345213 2.60145475040191e-13 -0.01722494343135728 -0.009689030680174791 8.843967225224958e-14 0.02407259026316896 -2.065535242845584e-14 -0.01722494343140892
1.054711873393899e-14 -1.448450734353735e-14 2.177871598341152e-13 -1.752849303421691e-14 -4.658474953124546 -17.88854381999854 20.48090477292348 -17.77777777777888 6.003124186622298 -15.90092783999887 25.29822128134753 22.31093404090224 -18.85618083164027 -14.60593486680581 8.432740427116025 5.638217215157837e-15 -1.5812855582234e-13 2.794786971294094e-13 1.839215594873125e-13 3.497603682373063e-14 -3.487574812277572e-14 -4.636135225721816e-14 -7.126244039312724e-15 -3.252199941641831e-15 -3.338475329517365e-15 35.7770876399976 31.55242550985599 -26.66666666666512 -20.6559111797752 11.92569587999941 -3.619045167713164e-14 -4.570172365547798e-14 5.9537444419e-14 8.275124292397851e-14 2.197114018498425e-14 6.877311220510052e-15 -1.345278055620014e-14 4.383299279098196e-14 -2.549547487191994e-14 -5.074066167232161e-16
1.110223024625157e-16 -8.363448822379382e-14 2.303279095228206e-15 -8.966910330573952e-14 9.592669303478633e-17 2.165063509461195 -4.186426460486489e-16 -4.690613163740839 1.329206452478811e-18 -17.70540825514811 0.04784159653869598 2.248984317190523e-13 -0.1188634022362671 -1.403668767353263e-13 0.08505172717995986 0.0478415965387465 -2.261243221748227e-13 -0.1188634022362206 1.420478894286013e-13 0.08505172718000356 0.001057159916761531 5.221864607385385e-14 -0.002626534929868717 -7.225285907769274e-15 0.001879395407521846 0.001057159916699399 1.568591177086853e-14 -0.002626534929903827 -2.721962060045144e-14 0.001879395407515284 0.001057159916700148 -4.054048763357798e-14 -0.002626534929844249 4.298780298742089e-14 0.001879395407538545 0.001057159916734881 -2.104609889141962e-14 -0.002626534929836499 -1.258108200952179e-14 0.001879395407516889
1.154631945610163e-14 -1.400268789808479e-14 -5.286136112170325e-15 -1.690964568075524e-14 3.33333333333325 -15.99999999999958 17.63834207376707 -15.90092783999887 17.32050807568837 -14.22222222222199 22.62741699796905 19.95550606278797 -16.86548085422955 -13.0639452948445 7.542472332656509 6.691233328591333e-15 1.148441828831628e-14 -4.095270129955697e-14 7.366552262767334e-15 1.569316237289703e-14 -9.9627337629693e-15 -5.052029758076393e-15 1.024440948738103e-14 2.041177624601161e-14 -6.208358480086495e-15 31.99999999999959 28.22134731801348 -23.85139175999543 -18.47520861406945 10.66666666666674 4.13129816814739e-15 -1.343499964057138e-14 1.825406145683495e-14 -1.15499074876662e-14 1.142152778604855e-14 -2.977625741459877e-15 2.930056371142076e-15 -8.420347752391422e-15 1.612157469695931e-14 -5.449200118912145e-16
1.06581410364015e-14 -3.352873534367973e-14 2.64475941147424e-14 3.012173843686128e-14 0.04143203796009827 -0.6629126073623826 0.6577132125188203 8.329448242250237e-14 -0.0717623948082106 7.581435479409038e-14 -36.9999999999991 4.803298511158355 -26.83281572999802 -1.623797632095778 -23.99999999999953 0 0 0 0 0 38.40473705319371 33.67491648095599 -29.0095054797373 -22.04540768504963 13.12075916201695 -25.67681499183617 -22.44994432063692 19.52267249923459 14.69693845669993 -8.878118474897557 0 0 0 0 0 0 0 0 0 0
-1.798561299892754e-14 -1.021405182655144e-14 3.87814780289375e-14 -4.383646223793392e-14 1.673461716422686e-13 -9.349673812941717e-13 8.882963808964917e-13 3.141653603933037e-13 -3.958309374718638e-13 3.209758847599886e-14 -19.74864371472647 -7.999999999995671 -30.34103774475872 -2.286545952578933e-12 -26.45751311065045 0 0 0 0 0 -0.2192377375063394 -1.185412878967895e-12 0.5447005381092684 -5.532449498524272e-13 -0.3897559777888434 -22.66918205814292 -19.79898987321153 17.27790106878545 12.96148139681267 -7.873070751334379 0 0 0 0 0 0 0 0 0 0
2.220446049250313e-14 -2.042810365310288e-14 2.171873791922962e-14 -9.40705846552703e-14 -0.1029387259167439 1.64701961467169 -1.634101614325013 3.118061364659752e-13 0.1782951033543811 -9.591806515718559e-14 -13.41640786500068 41.79287789632582 -32.66666666666755 3.001562093312635 -23.85139175999879 0 0 0 0 0 37.94733192202172 33.46640106135391 -28.28427124746069 -21.90890230020896 12.64911064067414 18.97366596100845 16.7332005306747 -14.14213562372839 -10.95445115010259 6.324555320336311 0 0 0 0 0 0 0 0 0 0
7.216449660063518e-15 -2.009503674571533e-14 5.573319583618286e-14 -7.642497745763421e-14 2.644477518909394e-14 -4.256213437248135e-13 4.446720769379908e-13 -2.031708135064036e-13 1.6821656914634e-13 -4.118927421359331e-14 11.47483660014466 9.165151389911413 -10.09127327428653 -4.00000000000046 -26.17321220326229 0 0 0 0 0 0.02392079826931092 2.051865621854887e-13 -0.05943170111801001 -2.154040834589921e-13 0.04252586358996867 14.72085925496956 12.9614813968127 -11.01388285122168 -8.485281374239392 4.941505349156835 0 0 0 0 0 0 0 0 0 0
6.772360450213455e-15 -1.823194373251624e-14 1.831867990631508e-14 2.007075061705166e-15 0.07365695637358398 -1.178511301977488 1.169267933366724 5.204864317320812e-14 -0.1275775907700087 2.672081306220875e-14 -29.99999999999952 21.16601048852285 -19.37925580499893 29.44486372867054 -23.33333333333307 0 0 0 0 0 33.9411254969539 29.93325909418226 -25.29822128134457 -19.59591794226692 11.31370849898484 -8.485281374238612 -7.483314773545676 6.324555320336276 4.898979485566709 -2.828427124746228 0 0 0 0 0 0 0 0 0 0
7.105427357601002e-15 3.84969833788773e-14 -2.199629367538591e-15 -2.577083511867695e-14 0.04143203796007816 26.11875673007728 0.6577132125188275 25.29822128134745 -0.07176239480816254 22.62741699796896 -17.99999999999951 -15.87450786638237 13.41640786499727 10.39230484541391 -5.999999999999973 -34.99999999999898 20.67780637754073 -13.41640786500077 -12.01610247750969 -29.99999999999949 0 0 0 0 0 -25.45584412271524 -22.44994432063652 18.97366596100833 14.69693845670011 -8.485281374238571 38.40473705319378 33.67491648095439 -29.00950547973875 -22.04540768505034 13.12075916201685 -0.220970869120847 1.203204202937513e-12 0.5490065382248059 5.267730696090211e-13 -0.3928371006590961
1.953992523340276e-14 -2.92821322744885e-14 -4.148070775755741e-14 -6.651992325024114e-14 -1.671540306885134e-13 -22.44994432063716 -8.913018977388387e-13 -22.31093404090209 3.956969300833446e-13 -19.95550606278792 15.87450786638237 13.99999999999125 -11.8321595661944 -9.165151389909513 5.291502622127575 -3.874135848344088 -5.999999999995579 -42.17319731095313 9.165151389911802 -21.16601048852288 0 0 0 0 0 22.44994432063652 19.79898987321113 -16.73320053067479 -12.96148139681276 7.483314773545645 -0.219237737506413 4.125033647994769e-13 0.5447005381106442 9.546183288300369e-14 -0.3897559777887531 -0.2192377375063277 1.180944231293779e-12 0.5447005381092749 5.612246778419205e-13 -0.3897559777888449
2.159383782895929e-14 -9.436895709313831e-15 -2.792037434584671e-15 5.391184460662446e-14 -0.1029387259167646 -20.6206855756798 -1.63410161432501 -18.85618083164031 0.1782951033544282 -16.86548085422949 13.41640786499727 11.8321595661944 -9.999999999998087 -7.745966692414681 4.472135954999191 -26.83281572999812 29.96071833013141 -30.66666666666752 10.74752878572732 -19.37925580499887 0 0 0 0 0 18.97366596100836 16.73320053067482 -14.14213562372834 -10.95445115010319 6.324555320336239 37.94733192202173 33.46640106135388 -28.28427124746015 -21.90890230020863 12.64911064067419 1.769417945496343e-15 -9.107645193573433e-14 4.098943406916078e-13 2.790929379964391e-13 4.398564845686792e-14
-7.66053886991358e-15 -7.216449660063518e-15 -5.454360921253176e-14 -5.869089936272331e-14 -2.639742943547421e-14 14.69693845669949 -4.445216303340313e-13 14.60593486680579 -1.716855265132501e-13 13.06394529484446 -10.39230484541391 -9.165151389909513 7.74596669241468 6.000000000000913 -3.464101615138049 1.082531754730745 -1.898927196042344e-12 -2.345306581871845 -2.000000000000449 -29.63731381840034 0 0 0 0 0 -14.69693845670011 -12.96148139681277 10.95445115010318 8.485281374239928 -4.898979485566795 0.02392079826931263 6.250555628639631e-14 -0.05943170111863322 -5.326301465852223e-13 0.04252586358991145 0.02392079826936876 -2.034136747930404e-13 -0.05943170111795104 2.167779844519657e-13 0.04252586359002181
6.356026815979021e-15 1.226796442210798e-14 -6.970118926474811e-15 -1.306538156744391e-14 0.07365695637356658 9.663792676215982 1.169267933366731 8.432740427116011 -0.1275775907699653 7.542472332656499 -5.999999999999972 -5.291502622127575 4.472135954999191 3.464101615138049 -2.000000000000036 -23.99999999999951 26.45751311065044 -23.85139175999873 25.9807621135325 -21.33333333333309 0 0 0 0 0 -8.485281374238603 -7.483314773545676 6.324555320336253 4.898979485566814 -2.828427124746252 33.94112549695392 29.93325909418225 -25.29822128134463 -19.59591794226705 11.31370849898483 -3.416754726370819e-15 1.444157293750692e-14 -4.299338662860919e-14 2.439690702064901e-14 1.164172924728035e-14
6.217248937900877e-15 -2.575717417130363e-14 4.939104680801165e-14 -4.373237882937531e-14 0.000915527343746276 -0.01464843749992777 0.01453354602018493 -4.904410211281629e-14 -0.001585739875035564 5.597952656977156e-15 -0.3314563036811259 0.3288566062593302 1.891820033961267e-13 -0.03588119740428444 1.663114090888484e-13 0 0 0 0 0 -46.49999999999967 2.401649255579262 -31.30495168499803 -0.8118988160475982 -27.9999999999998 0 0 0 0 0 0 0 0 0 0 0 0 0 0 0
-3.463895836830488e-14 2.853273173286652e-14 1.514066649832557e-14 -4.864164626638967e-14 5.113357653963035e-14 -7.79515341164938e-14 7.566169912820442e-14 1.082467449009528e-14 -3.094746681142624e-15 -1.602190602412179e-14 -1.320055176279311e-12 1.275979322201692e-12 2.888800310074657e-13 -4.417993748617732e-13 1.177946629127291e-13 0 0 0 0 0 -25.74882972374602 -11.99999999999374 -34.89078481604896 -3.353761712787673e-12 -30.86709862909225 0 0 0 0 0 0 0 0 0 0 0 0 0 0 0
4.707345624410664e-14 -5.406786129924512e-14 2.231548279496565e-14 7.206041319207657e-15 -0.002274645973197317 0.03639433557112972 -0.03610888539474461 3.889943922530392e-14 0.003939802394763807 7.294512216482474e-15 0.8235098073364427 -0.8170508071631305 4.263256414560601e-13 0.08914755167703134 -1.345867861601846e-13 0 0 0 0 0 -11.18033988750186 52.44886445802757 -40.11111111111233 1.500781046657837 -27.82662371999891 0 0 0 0 0 0 0 0 0 0 0 0 0 0 0
1.820765760385257e-14 -2.042810365310288e-14 1.447453268355048e-14 -2.448562186341263e-14 5.207618190838925e-14 -3.813963034282608e-14 2.817884814376725e-14 5.973693761873733e-14 -5.022241303387354e-14 -2.307268959222952e-14 -6.897815651996098e-13 7.27085058827015e-13 -3.7247982476174e-13 3.240185897368519e-13 -1.201816424156732e-13 0 0 0 0 0 16.12972314548657 13.74772708486731 -12.79160332955954 -6.000000000000796 -30.40711417731946 0 0 0 0 0 0 0 0 0 0 0 0 0 0 0
1.332267629550188e-15 -7.827072323607354e-15 1.784163095042146e-14 -1.968390728190883e-14 0.001627604166674158 -0.0260416666666542 0.02583741514710226 -7.98666688339722e-15 -0.002819093111265899 -3.278627369596165e-16 -0.5892556509886536 0.5846339666832657 9.470202400052585e-14 -0.06378879538506903 4.767020111984266e-14 0 0 0 0 0 -36.99999999999984 22.92984469590091 -21.11841978749907 35.50704155516186 -27.88888888888873 0 0 0 0 0 0 0 0 0 0 0 0 0 0 0
7.105427357601002e-15 -1.998401444325282e-15 -3.586020369539256e-14 5.741587760788036e-14 0.0009155273437496227 -0.01464843749971455 0.01453354601994349 2.263189635698382e-13 -0.001585739875293372 3.836167494775111e-14 38.51522248775389 0.3288566062592677 37.94733192202171 -0.03588119740412893 33.94112549695364 0 0 0 0 0 -26.99999999999972 -23.81176179957396 20.12461179749621 15.58845726812113 -9.000000000000075 -99.49999999999902 26.21341105515327 -46.95742752749977 -16.40035608416832 -68.99999999999952 0 0 0 0 0 0 0 0 0 0
-1.06581410364015e-14 -4.241051954068098e-14 6.034062138837726e-14 2.718658631550852e-14 -7.033176124826568e-14 1.406513794321995e-13 -1.582067810090848e-13 1.975641872320466e-13 -2.227983422753432e-13 1.484333489454315e-13 -33.67491648095434 4.969358258222201e-13 -33.46640106135353 3.763933609235437e-13 -29.93325909418219 0 0 0 0 0 23.81176179957396 20.99999999998724 -17.74823934929187 -13.7477270848645 7.937253933191466 -33.68608365693731 -24.99999999998515 -92.07955605267983 13.7477270848634 -58.20652884343464 0 0 0 0 0 0 0 0 0 0
1.056932319443149e-13 -5.52891066263328e-14 -6.777911565336581e-14 6.520131656806427e-14 -0.002274645973171561 0.0363943355713931 -0.03610888539500425 3.180788965551073e-14 0.003939802394823318 -9.571857195744826e-14 -29.28400874885018 -0.8170508071642923 -28.28427124746013 0.08914755167774122 -25.29822128134452 0 0 0 0 0 20.12461179749621 17.74823934929188 -14.99999999999733 -11.6189500386222 6.70820393249886 -40.24922359500106 97.80547612846451 -84.6666666666689 13.119731085283 -52.92027546749783 0 0 0 0 0 0 0 0 0 0
4.440892098500626e-15 1.598721155460225e-14 -2.328692794151266e-14 -1.868297183627021e-15 1.807148181098839e-15 -3.296182771173051e-13 3.482006349919686e-13 -1.676297989305908e-13 1.34029939924396e-13 -4.840919332060878e-14 22.04540768505039 1.251221348752551e-13 21.90890230020844 -7.101125243380579e-13 19.59591794226705 0 0 0 0 0 -15.58845726812113 -13.7477270848645 11.6189500386222 9.000000000001515 -5.196152422707138 21.32587556819382 18.33030277982027 -16.66458667576975 -11.00000000000177 -70.24428275140312 0 0 0 0 0 0 0 0 0 0
1.77635683940025e-15 -3.441691376337985e-15 -8.347489366400396e-15 1.963186557762953e-14 0.001627604166660053 -0.0260416666665519 0.02583741514699323 7.609191055024667e-14 -0.002819093111346383 1.906981517141304e-14 13.31717771234636 0.5846339666831364 12.64911064067419 -0.06378879538492749 11.31370849898477 0 0 0 0 0 -9.000000000000075 -7.937253933191466 6.708203932498861 5.196152422707138 -3.000000000000081 -71.99999999999955 55.56077753237113 -50.68420748999789 71.88010851410768 -57.33333333333297 0 0 0 0 0 0 0 0 0 0
4.440892098500626e-15 3.33066907387547e-14 -2.07334149848748e-14 2.976785484776201e-15 0.0009155273437767013 36.01464843749892 0.01453354601998576 35.77708763999733 -0.001585739875291946 31.99999999999955 -25.45584412271524 -22.44994432063652 18.97366596100836 14.69693845670011 -8.485281374238603 -25.78730042639626 22.77880092689576 18.97366596100846 -14.73281965410437 -8.485281374238347 0 0 0 0 0 -35.99999999999964 -31.74901573276528 26.83281572999495 20.78460969082817 -12.0000000000001 -98.49999999999895 34.15066498834459 -40.24922359500113 -21.59650850687535 -71.99999999999955 0 0 0 0 0
8.881784197001252e-15 -6.039613253960852e-14 -4.249378626752787e-14 9.652001420334955e-15 8.250778532614689e-14 -31.74901573276471 1.527666881884215e-13 -31.55242550985584 1.902566645894943e-13 -28.22134731801335 22.44994432063653 19.79898987321113 -16.73320053067483 -12.96148139681277 7.483314773545676 22.44994432063697 -19.79898987321163 -16.73320053067436 12.9614813968124 7.483314773545734 0 0 0 0 0 31.74901573276528 27.99999999998298 -23.66431913238917 -18.33030277981934 10.58300524425529 -25.74882972374598 -23.99999999998508 -97.99563583577711 18.33030277982044 -55.56077753237082 0 0 0 0 0
1.06581410364015e-13 1.620925615952729e-14 -9.239831122442865e-14 -9.633960296184796e-14 -0.002274645973162206 -26.86921006556594 -0.03610888539495863 -26.66666666666508 0.003939802394887237 -23.85139175999531 18.97366596100833 16.73320053067479 -14.14213562372833 -10.95445115010318 6.324555320336251 19.79717576834602 -17.55025133783909 -14.14213562372841 11.04359870178078 6.324555320336165 0 0 0 0 0 26.83281572999495 23.66431913238916 -19.99999999999644 -15.4919333848296 8.944271909998482 -46.95742752749985 91.88939634536719 -83.66666666666889 16.99271443149039 -50.68420748999786 0 0 0 0 0
-6.217248937900877e-15 2.753353101070388e-14 1.551536676913656e-14 1.14960124752983e-14 -1.493249968120836e-14 20.78460969082756 -3.405817294854785e-13 20.65591117977512 -1.181632916513742e-13 18.47520861406938 -14.69693845670011 -12.96148139681276 10.95445115010319 8.485281374239928 -4.898979485566812 -14.69693845669987 12.96148139681263 10.95445115010239 -8.485281374239213 -4.898979485566721 0 0 0 0 0 -20.78460969082817 -18.33030277981933 15.49193338482959 12.00000000000202 -6.928203230276186 16.12972314548678 13.74772708486357 -12.79160332956235 -10.00000000000177 -71.97633355897217 0 0 0 0 0
-8.881784197001252e-16 7.882583474838611e-15 -5.710709682915649e-15 6.361230986406952e-15 0.001627604166677074 12.02604166666654 0.02583741514703645 11.92569587999935 -0.002819093111322634 10.66666666666672 -8.485281374238571 -7.483314773545646 6.324555320336239 4.898979485566795 -2.828427124746254 -9.074537025227064 8.067948740228758 6.324555320336303 -4.962768280951839 -2.828427124746175 0 0 0 0 0 -12.0000000000001 -10.58300524425529 8.944271909998482 6.928203230276186 -4.000000000000108 -68.9999999999995 58.20652884343497 -52.92027546749782 70.14805770653861 -56.33333333333297 0 0 0 0 0
5.329070518200751e-15 3.141931159689193e-14 5.744016373654404e-14 4.167499678686681e-14 0.000915527343740488 0.01464843749990598 0.01453354602016076 2.360611706109239e-14 -0.00158573987506054 -2.025636602898118e-14 0 0 0 0 0 38.51522248775397 0.3288566062593311 37.94733192202153 -0.03588119740422598 33.94112549695373 0 0 0 0 0 0 0 0 0 0 -26.99999999999972 -23.81176179957396 20.12461179749621 15.58845726812113 -9.000000000000075 -43.49999999999941 26.21341105515322 -11.18033988750206 -16.40035608416872 -36.99999999999974
3.286260152890463e-14 1.720845688168993e-14 -3.373690216079694e-14 -6.483875936158512e-14 -6.45823455477923e-14 -8.074443891281646e-14 -7.07038594338627e-14 4.239664175287317e-14 3.219798559717102e-14 -7.667477763817487e-15 0 0 0 0 0 -33.67491648095611 -1.280475725451424e-12 -33.4664010613537 4.511738205259519e-13 -29.93325909418213 0 0 0 0 0 0 0 0 0 0 23.81176179957396 20.99999999998724 -17.74823934929187 -13.7477270848645 7.937253933191466 -1.937067924172061 -8.999999999993509 -52.63902416534084 13.74772708486784 -22.92984469590079
4.796163466380676e-14 4.496403249731884e-14 -9.71445146547012e-17 -3.229274486704625e-14 -0.002274645973222702 -0.03639433557114827 -0.03610888539475766 -1.512678871051776e-15 0.003939802394796429 -4.455637248046429e-15 0 0 0 0 0 -29.28400874884893 -0.8170508071631245 -28.28427124746071 0.08914755167709362 -25.29822128134448 0 0 0 0 0 0 0 0 0 0 20.12461179749621 17.74823934929188 -14.99999999999733 -11.6189500386222 6.70820393249886 -31.30495168499823 34.70062510873571 -37.11111111111222 13.11973108528003 -21.118419787499
-1.953992523340276e-14 -1.554312234475219e-14 -2.470246229790973e-15 -1.166167856725409e-14 -3.862851065492695e-14 -3.641835097378809e-14 -3.074428732430246e-14 3.564509798437143e-14 2.886690994748087e-14 -2.596273890320688e-14 0 0 0 0 0 22.04540768504947 -7.276262925515198e-13 21.90890230020886 -3.225249928240359e-13 19.59591794226684 0 0 0 0 0 0 0 0 0 0 -15.58845726812113 -13.7477270848645 11.6189500386222 9.000000000001515 -5.196152422707138 0.5412658773654491 -2.807976073881946e-12 -1.172653290937336 -3.000000000000729 -35.60326660002661
4.440892098500626e-16 6.994405055138486e-15 1.414320049963891e-14 9.439606214745044e-15 0.001627604166661952 0.02604166666663421 0.02583741514708366 5.199833619240479e-15 -0.002819093111270122 -6.815511696678378e-15 0 0 0 0 0 13.31717771234651 0.5846339666832729 12.64911064067409 -0.06378879538500973 11.3137084989848 0 0 0 0 0 0 0 0 0 0 -9.000000000000075 -7.937253933191466 6.708203932498861 5.196152422707138 -3.000000000000081 -27.99999999999971 30.86709862909238 -27.82662371999882 30.31088913245472 -24.88888888888872
