# Created from matlab git hash e3d28e3d9936e8692f581d15f2e77c245ebc3f89
# name: foo
# type: matrix
# rows: 24
# columns: 24
0.002325843528276882 -0.001485543173426087 0.002099138414918795 -0.0004546938806647215 0.001120397432521062 0.0003134053466802391 -0.001269269737049101 0.001026401942997161 0.0004768474467240415 0.0007955499442078929 0.0006200587526235538 -0.0003541684239716135 0.01267278045035855 0.004238906117800307 0.01562845395880388 -3.428592847904945e-05 3.234697031419797e-05 3.427383438002049e-05 -1.13989560194326e-06 1.301915212873159e-06 2.763990576769601e-06 0.001129260724513199 0.0008750745670802584 -0.0005044434792916584
-0.002360316308561914 0.004170777420248713 -0.001752150777620428 0.002795455459033311 -0.0004605235848563368 -0.001445644825372326 0.002255695897617738 -0.001812438062324998 -0.0008465176055675657 0.001388244757029499 0.001069092973451888 -0.000623324421679648 -0.02194790261309242 -0.007394554196452241 -0.02714172582087098 5.655818339425413e-05 -5.242922007617345e-05 -5.431511615226786e-05 1.818611082666764e-06 -1.916634628099833e-06 -3.893324056883077e-06 0.001956217981063323 0.001514772269429504 -0.0008755420005146213
0.002062698798221169 -0.003644874859012727 0.004976966339938967 -0.001219430553101597 0.002642398927580653 0.0008104585893195513 -0.003061575057439996 0.002429793337121853 0.001146491654398514 0.001779294545453777 0.00138523333754274 -0.0007933470777084477 0.0283135063335179 0.009679132665364729 0.0352104649668234 -6.544946180748909e-05 5.807170185478044e-05 5.664233946470539e-05 -1.931936054489146e-06 1.572496887576727e-06 2.644101834076641e-06 0.002524904137304938 0.001956161373298199 -0.001129087097280333
-0.001440231810457544 0.002544949714235573 -0.003500600492162391 0.004316113937685571 -0.002842566261602301 -0.001495628461955954 0.001515111336206968 -0.003938888843468507 -0.000434676379616378 0.003528728245581292 3.186945912859013e-06 -0.001538539590542086 -0.0282578983774894 -0.009874006839407078 -0.03544181198950502 -0.00245393531357638 -0.001985565559340473 0.001085685134435987 0.002555914061660936 -0.001972753453462883 -0.001096939631717453 0.002522128458082205 0.001961448599936709 -0.001118338946957336
0.0009792674039066113 -0.001730406370444384 0.002388239867511956 -0.0008451428758150893 0.00299144437749428 0.003756363218290499 -0.002590655244509729 0.002033758096851637 0.0009652054952553369 0.001343644519776147 0.00107196687146048 -0.0005606570935248597 0.0218741160504596 0.007698689105250386 0.02751284306335564 -1.739470764908194e-05 4.59772169932577e-05 1.284499925480752e-05 3.610483293068594e-05 -2.070606945810455e-05 3.100556155663894e-05 0.001952915625698151 0.001520696708417913 -0.0008634864628993866
0.0008166963677821242 -0.001443136565039544 0.001974793915797582 -0.001630721331395234 -0.002204657056141591 0.001787348952136973 -0.002962633097936271 -0.0001484254095118871 0.001225461245185457 0.0007921806005338787 -0.001855291411034433 -0.0003467494776347029 0.01266932154473265 0.004329931331976296 0.01575394020924486 -0.002283918686537877 -0.001720234441417259 0.00103378484589565 0.002265219082616547 -0.001752913458992638 -0.001003193598010493 -0.001129747484817737 -0.0008735133983589252 0.0005075962704522067
-0.001302132148793616 0.002300921848765864 -0.003208978425113223 0.005584826907764258 -0.003042381368199453 0.0002618428520500969 0.007124603762193425 -0.007092897441618677 -0.001562862891869938 -0.001298820247066229 0.001006061837344948 0.0005808500725986658 -0.04311863723072484 -0.01716192797471726 -0.04909507123445346 0.005660653447865788 -0.001492807418080412 -0.002008921344724092 -0.001836809208507673 0.001422786294941889 0.0008214460503840011 2.171651655155278e-14 1.68495813944325e-14 -9.456909486576206e-15
0.0008476908177663459 -0.001497905051652288 0.00210437229877488 -0.001064550656892928 0.002039932716085666 0.002184088470274304 -0.002904582891291748 0.005514533686523737 0.007064113752895258 -0.00101589944775677 0.00078691232849875 0.0004543240446977451 0.03080464883358464 0.01147809470169183 0.03928854380710117 0.001717683792908776 0.0009406114235291662 -0.0002327225543007122 -0.001436698777008743 0.001112862087374446 0.0006425112257165849 -1.622635969223709e-14 -1.257917454767005e-14 7.083364793129421e-15
0.0007796165677990348 -0.001377615011019055 0.001902591253904979 -0.002951808984051438 0.001749126176266017 0.0001269078795727809 -0.002602872351455625 -0.003854150156174067 0.002810585824253026 0.0005533655266810914 -0.000428635093852663 -0.0002474725868127883 0.01474789163793307 0.003801087091906593 0.02387203751063207 0.00243223356819377 -0.003094856214729861 -0.0009723382470447392 0.0007825770327934108 -0.0006061815630265202 -0.0003499790885911405 -1.123947998945626e-14 -8.723637911817224e-15 4.895425877301984e-15
-2.13808128926051e-06 3.778078866609634e-06 -5.082280192327747e-06 -0.001780526759888255 -6.47212791733919e-05 -0.001546184831148878 0.001213812486611806 0.0009402151092132099 -0.0005428334464004088 0.001788318265464944 -0.001038539302194896 -0.0006649507045003177 -1.028265618395569e-20 -8.499791245391815e-21 5.145559577038709e-21 0.00171659008074423 0.001329664958997424 -0.0007676824220091875 -0.005411487241645161 -0.001270470618888775 0.00224817546176612 0.007262429754785455 -6.345766540046976e-05 -0.003161951351838187
4.178757440468691e-07 -7.384038789238428e-07 1.008271753162373e-06 0.001331354980117803 1.270737881961147e-05 0.001181684430322134 -0.0009325317481264637 -0.0007223359860606828 0.0004170408759974957 0.002867648113874859 0.001407097961218527 0.005687941610309431 3.066494409874313e-21 2.436120694442483e-21 -1.622439504488078e-21 -0.001318799045543938 -0.001021537348077162 0.0005897848628996154 0.001522636470864107 -0.001107525423059673 -0.0005202237691260122 0.00281073992959646 0.002137629804584365 -0.001171780011809979
1.861916965415637e-06 -3.290084981227241e-06 4.420268079915649e-06 0.0008462721733328033 5.634004364340876e-05 0.0007165709600589318 -0.0005590500011167093 -0.0004330382688044423 0.0002500147610636582 -0.00057261754056036 -0.00653066358588561 0.0009257548519117855 8.19638610024262e-21 7.166210223825832e-21 -3.863711966262078e-21 -0.0007906160936239452 -0.0006124085927698093 0.0003535742658896947 -0.002379684041680603 -0.003098922766216786 0.001082503933545892 0.001599982192357543 -0.003710577128518762 -0.0007080484398991758
-0.001035184856034591 0.001829214841956224 -0.002627366757279706 0.00328466091220173 -0.002714000023192357 -0.00109792333214993 0.01369329779282915 -0.007028517986683527 0.003480658099958639 1.261653607908217e-14 1.672655457005429e-14 -5.627585797328317e-15 -0.0529586833397181 -0.02886101419732025 -0.07183167775855978 -0.004049361189139003 0.003136621689671611 0.001810929376872912 -6.178017448922492e-15 4.573753749423301e-15 2.611164571171558e-15 2.403231709887864e-14 1.860746543146431e-14 -1.049479126206085e-14
0.0006308685298240356 -0.001114771020219254 0.001632540062590301 -0.002127175810751096 0.001775417698885767 0.0006691029861713238 -0.0005717394604281265 0.004970304935653862 0.005466029278212488 -8.738963659134144e-15 -1.170601528582594e-14 3.88565439542121e-15 0.04176407865254373 0.02065864404290108 0.06685899564125534 -0.00353044826682194 0.002734673468403263 0.001578864463131958 4.405180197589323e-15 -3.243849405673523e-15 -1.856859743842749e-15 -1.670006981329696e-14 -1.296663853318199e-14 7.307250696322495e-15
0.0006627507757195803 -0.001171108279257635 0.001648805387729885 -0.00196972318654544 0.001608601638966121 0.0007029174893950293 -0.005393070886127943 0.003770277554299104 0.0001152078187285354 -6.951951734703106e-15 -9.344149212913852e-15 3.117886239757794e-15 0.02368722588799689 -0.002011054125012717 0.03614644741471525 0.0007397136176802349 -0.000572979704452725 -0.0003308099866031231 3.531617640232557e-15 -2.59441781843837e-15 -1.490685595245244e-15 -1.337942386890019e-14 -1.040530971166913e-14 5.858949583047305e-15
-2.857698782414882e-06 5.049673008799326e-06 -6.940653341360028e-06 0.003038139080254962 -6.282368668001945e-06 0.002707370642641129 -0.005157204254000965 -0.001788857803480233 -0.001644364500317799 -0.002142760556282725 0.001659775189878597 0.0009582716526706845 0.002041202245936993 0.001581108460951 -0.0009128533955480688 -0.001826193095935269 -0.004138943358420166 -0.001597724011039536 -0.003030321039613154 0.002347276584016693 0.001355200767644564 1.412210771259849e-18 1.082759029762062e-18 -6.182399254378592e-19
5.510912877654879e-07 -9.738013041540371e-07 1.631585597585609e-06 0.002456314077801951 2.346765854176172e-06 0.002199975784058885 0.0004214225431373083 -0.001315531819009373 0.002685762866022706 -0.001738771488192173 0.001346846603325687 0.0007776022489872318 -0.001505378045373199 -0.001166060819895313 0.0006732255282580452 0.004332426877563362 0.0006512072113698755 0.01294677528010196 -0.002458994220469023 0.001904728732859327 0.001099695646649564 -7.483643399903941e-19 -5.768447669923544e-19 3.276872297836384e-19
2.4903847780342e-06 -4.400613833952699e-06 5.948804525228843e-06 -0.001084551925315171 5.088602048247647e-06 -0.0009616743630905189 0.00238779999834731 0.0007008263019873634 0.001033382473343644 0.0007623584832743581 -0.0005905203419122968 -0.0003409370783650192 -0.00107223583481015 -0.0008305503062852878 0.0004795184429093444 8.82786312808969e-05 -0.01225891411285278 0.001429802393322719 0.001078137706436782 -0.000835121876389568 -0.0004821578401396699 -1.067613037601971e-18 -7.97101450920261e-19 4.588232207463157e-19
-3.55182943775375e-07 6.2762308449218e-07 -8.62206380340998e-07 -0.002241242397649875 -1.082107524641987e-05 -0.001996861461770432 0.001577236595905289 0.001221722213793989 -0.0007053616490089163 0.005620164324842201 -0.001262608698991168 0.002868375663493632 -2.487113196564611e-21 -1.848044404160075e-21 1.386264277537327e-21 0.002230549385000436 0.001727776124199944 -0.0009975320104062613 -0.001032247294104512 -0.003988052990206408 -0.000857186708192507 -0.002828115297016522 0.00219064868929988 0.001264771610467186
4.135417103378793e-08 -7.307454604151138e-08 1.621738166302934e-07 0.001678383566603411 1.499202960692208e-06 0.001500066565048865 -0.001185741298726157 -0.0009184712605753341 0.0005302796295361127 0.001996309423419551 0.0009245853758720789 0.0033825756283146 2.076420842401024e-22 3.004509837863108e-22 -4.686023986820188e-23 -0.001676891426124421 -0.001298914513355552 0.0007499286439401518 0.004054161888335182 0.0003638004101273868 0.01248532077132531 -0.002254608727412558 0.001746412410696508 0.001008291675431751
3.147309008540988e-07 -5.561426364714362e-07 7.513314250967499e-07 0.001118360023435727 9.539554832633895e-06 0.0009934548437526849 -0.0007841358517799592 -0.0006073890190215783 0.0003506762136349366 -0.002392331549420236 0.0006433411594839199 -0.001050452373568481 1.84257339658148e-21 1.604089110427124e-21 -9.165123379147088e-22 -0.001108935556330199 -0.0008589777883368073 0.0004959310573241728 1.799603709372559e-05 -0.0122535936873808 0.0008193156592620669 0.001110195218597778 -0.0008599535185336741 -0.0004964943954159723
-9.202598794104503e-08 1.626137612059546e-07 -2.233638313763676e-07 -2.770385197732922e-06 -2.80356923563654e-06 -4.657072723000327e-07 -5.585957655280391e-19 -4.362098973384689e-19 2.517384709655173e-19 -0.00329320436096347 -2.155855460460007e-05 -0.002927432560768111 -2.458550099540761e-22 -2.275017138160696e-22 1.101086800637062e-22 -7.912072812662781e-19 -6.153500749529822e-19 3.541277548324251e-19 0.002313194405840769 0.001791792682072256 -0.001034491987326436 0.002014508028181707 -0.001826629406582249 -0.00182082700333292
7.67936689367923e-09 -1.356976178099174e-08 4.112515615773188e-08 3.211263066067074e-07 3.210393536770682e-07 3.886225063863821e-08 7.734383433189951e-20 6.084706675691284e-20 -3.461320149695613e-20 0.002482622784926709 2.291656243023428e-06 0.002218559921565299 -1.222453964913945e-23 2.698246054518892e-23 2.799198850853953e-23 1.103981813353103e-19 8.614778532144379e-20 -4.938453755994541e-20 -0.001753830135000319 -0.001358510980986562 0.0007843366805696668 0.006151896707708842 0.001934928871050119 0.01139746077873211
8.191801753476292e-08 -1.447525556764347e-07 1.955244147741685e-07 2.452868901378875e-06 2.482827921312752e-06 4.145548160256597e-07 5.077763921236018e-19 3.95943495942338e-19 -2.296353290981331e-19 0.001601800761590435 1.911818084211844e-05 0.001416650047852179 2.58620166034637e-22 2.06767048015069e-22 -1.363081829772407e-22 7.170342932175626e-19 5.57645186954706e-19 -3.19600784406841e-19 -0.001118941639772918 -0.0008667284672436884 0.0005004059138774636 -0.00111291046459513 -0.01311768726638599 0.001079909717817078
