# Created from matlab git hash 44e5d814ece930399b58c9298dbb19a28bd9b520
# name: foo
# type: matrix
# rows: 48
# columns: 48
2.47164672503628e-29 -7.171315136846215e-29 -3.184185471260739e-18 -1.002056744010781e-14 -1.233229730152596e-17 -9.041990198494203e-15 -3.556831383334882e-15 5.61440340025688e-15 -1.265753754703776e-14 -3.618894737166088e-15 -5.347646938535838e-15 -1.262978197142212e-14 -1.112178499712376e-15 5.884409364262904e-15 -1.122926980304732e-14 -1.156063918069588e-15 1.997678032476156e-15 -2.461225579441433e-14 -1.112178499712389e-15 -1.821066301535043e-15 -2.463188195014787e-14 -1.243834754784018e-15 -5.77578463109731e-15 -1.117039133584668e-14 -4.508020775998441e-16 4.577527577561515e-15 -8.578823660736553e-15 -1.747586565291631e-16 3.074827341220135e-15 -2.274848082000596e-14 -2.955454530357363e-16 1.379830836240402e-15 -3.205845401274206e-14 -1.304655749765668e-16 2.135280137780131e-17 -3.681405457071677e-14 -2.380892068323335e-16 -1.433273367803988e-15 -3.676548231338942e-14 -5.984616412236012e-17 -2.551381066868658e-15 -3.216253742130066e-14 -2.784333389896624e-16 -3.861785034571672e-15 -2.269990856267861e-14 -3.352805469535936e-16 -4.931818666476736e-15 -8.627395918063917e-15
1.154700538379252 -5.551115123114606e-17 -0.5163977794943162 2.376416216836014e-14 -8.948018605805743e-15 2.121900162703934e-14 -1.027505000626327e-14 -3.173156975162342e-14 3.266100142137346e-14 1.732901569021267e-16 -5.896792727468724e-15 3.158619225716392e-15 -4.336565761695342e-15 -2.059439411402005e-14 2.541781125850049e-14 -3.479062270567908e-14 -3.677538241183081e-14 4.025883833259853e-14 -8.325866350114573e-15 -1.458163966745403e-14 7.034770911726886e-15 -1.330745934305168e-15 -7.572984583997816e-15 -8.736977738879578e-15 -3.505646613058222e-15 -1.340406037223879e-14 1.785467089711751e-14 -1.674472581281182e-14 -2.108572466052326e-14 3.870858888990252e-14 -5.315396303966269e-15 -1.202076959064186e-14 3.376339731338185e-14 -5.827859651790384e-14 -5.123917996882422e-14 4.480237819154276e-14 -8.186930856503708e-15 -1.149409608736247e-14 5.623244224555589e-15 -1.854581554470694e-14 -1.924840779894437e-14 -3.906487668422045e-15 -5.211940503020023e-15 -8.264302635777145e-15 -1.766630546872747e-14 -1.349767911672911e-15 -7.192667967964106e-15 -1.15034437501302e-14
-7.579881466035306e-16 1.54919333848297 3.248559798698256e-16 -0.7500000000000202 -1.400923091440869e-16 0.6708203932498676 -0.06629126073627396 7.421513370525842e-15 0.0592927061281199 -0.06629126073622714 -7.327320872221959e-15 0.05929270612816202 -0.005859374999994314 3.123279315577203e-14 0.005240784322226679 -0.005859375000004393 -1.684026508579197e-15 0.005240784322265628 -0.005859375000018359 -2.474781893601716e-14 0.005240784322299555 -0.005859374999998026 -7.160933666603628e-15 0.005240784322267554 -0.0005179004744951122 2.308553040203742e-14 0.0004632242665993926 -0.0005179004744684496 3.603509086822157e-14 0.0004632242665881692 -0.0005179004744958611 1.007424602123119e-14 0.0004632242666284615 -0.0005179004745020819 -1.340827269325358e-15 0.0004632242666555997 -0.0005179004745120347 -9.815054944394798e-15 0.000463224266668452 -0.0005179004745378448 -3.581582002394096e-14 0.0004632242666742448 -0.0005179004745133383 -1.66112145521141e-14 0.0004632242666387207 -0.0005179004745015741 -8.156210885707614e-15 0.0004632242666196265
2.886579864025629e-15 -6.550315845288781e-15 1.499999999999999 -5.000000000000112 2.711088342345166 -4.472135954999699 7.336232854810563 5.477225575051664 -3.399448484680971 -0.2651650429449198 -2.277117759045101e-14 0.2371708245125244 0.02343750000002683 -6.209300452886144e-15 -0.02096313728902663 10.02343750000018 7.74596669241488 -4.493099092288722 -0.02343750000000929 -3.999159789181213e-15 0.02096313728897162 -0.02343749999998881 -6.131266808945797e-15 0.02096313728906049 0.002071601898000352 -2.580740900404445e-14 -0.001852897066475143 0.002071601898011678 2.670742865639677e-15 -0.001852897066505204 0.002071601898042405 4.661870848848652e-14 -0.001852897066553257 14.14420722562928 10.95445115010341 -6.326408217403399 -0.002071601897982313 4.127338097823357e-14 0.001852897066387693 -0.002071601898009299 3.469821297197812e-16 0.001852897066503668 -0.002071601898021677 -1.859449347754338e-14 0.001852897066533576 -0.002071601898006214 -4.859619619811574e-15 0.001852897066505932
-1.435852847941078e-15 -4.654322220043308e-15 6.560886253051663e-16 -1.871941950667046 -6.984528470221155e-16 -5.484827557301572 -0.2567449488304983 2.445624836160397e-14 0.2296396633858231 -0.2567449488305101 -2.422095984000088e-14 0.2296396633858138 -0.02269326179421387 -1.490062090226185e-15 0.02029747040117238 -0.02269326179410334 8.282053147195298e-15 0.02029747040117988 -0.02269326179419022 -2.685728922944759e-16 0.02029747040109747 -0.02269326179417304 -5.058618866788126e-15 0.02029747040119852 -0.002005819912732659 2.108189352311977e-14 0.001794059870178411 -0.002005819912751161 -1.061910183452422e-14 0.001794059870212281 -0.002005819912777073 -4.907222975032421e-14 0.001794059870250867 -0.002005819912675921 8.143490470661335e-15 0.001794059870177541 -0.002005819912709902 4.533399702968554e-14 0.001794059870068246 -0.002005819912734046 6.735827851061998e-15 0.001794059870190256 -0.002005819912750171 -1.509227621397578e-14 0.001794059870230022 -0.002005819912737283 -3.438782519680884e-15 0.001794059870205079
-2.788995061238276e-15 -5.634381849972897e-15 -1.341640786499871 -4.472135954999596 5.196152422706631 -4.000000000000029 6.324555320336756 4.898979485566286 -2.828427124746204 -7.70786064521864e-15 -1.467993194541178e-16 -2.929731791902924e-14 1.291934142793487e-14 2.43476848087575e-14 -2.127132925900357e-14 8.944271909999197 6.92820323027542 -3.999999999999996 1.335145996731787e-14 2.127008624146575e-14 -6.066915452580955e-14 -1.275453089579048e-16 1.504063565178658e-15 -7.092081792725057e-15 5.360102392347271e-15 1.208780002860236e-14 -1.236941960621348e-14 3.159100822960578e-14 3.178731828230966e-14 -2.239503354977845e-14 1.199971284693626e-14 1.672378532827529e-14 6.709901897728272e-15 12.6491106406736 9.7979589711326 -5.656854249492353 1.175597664177964e-14 1.870114440301212e-14 -8.434256791113324e-14 3.181198966943718e-14 3.111743391825342e-14 -5.639077219558329e-14 5.894997260223974e-15 8.632502586397085e-15 -1.63534069357719e-14 5.363966046803374e-16 2.986891527429395e-15 1.793290350833101e-15
4.921632770097006e-16 -4.27528335669088e-15 0.1325825214724859 -0.5303300858899117 0.5134898976610885 7.245624337780937e-15 -10.50000000000016 1.355544171172582 -6.708203932499543 1.736825849031789e-17 1.243202563816899e-30 -1.55346426540525e-17 10.73918423927088 8.215838362577498 -4.862001902508847 -7.203650333337974 -5.477225575051677 3.280863072424465 1.535151669489404e-18 9.15184662728781e-31 -1.37308139549643e-18 1.535151669487541e-18 3.365769303281645e-31 -1.373081395499773e-18 0.01171875000002897 -6.149355352237654e-15 -0.01048156864449385 15.01171875000027 11.61895003862232 -6.718685501144015 -0.01171875000003289 9.808643719757305e-16 0.010481568644372 -10.01171875000011 -7.745966692414878 4.482617523644174 1.356895194545242e-19 -2.039880992455915e-30 -1.213643957312668e-19 1.356895194568883e-19 1.09327132080772e-30 -1.213643957377572e-19 1.356895194567742e-19 1.510270260458531e-30 -1.21364395737867e-19 1.356895194555022e-19 3.483198990076847e-31 -1.213643957350534e-19
-3.210483905977827e-16 -2.55495725062455e-15 5.839646950940478e-15 -8.60225492236348e-16 -1.457752224114562e-15 5.290108816970816e-15 -4.808954321541058 -1.999999999999999 -7.938566201357538 -3.632385261124348e-17 -3.01853965142305e-29 3.24890414573807e-17 -0.1283724744151988 3.38621305844395e-14 0.1148198316928376 -5.605598049466961 -4.242640687119311 2.564309574475905 -3.210605312546405e-18 -2.663036784846659e-29 2.871652691088575e-18 -3.210605312530331e-18 -6.71625544154472e-30 2.871652691111929e-18 -0.01134663089712436 -2.812387926529046e-15 0.01014873520057202 -0.0113466308969847 8.862681573639515e-15 0.01014873520057329 -0.01134663089711138 1.590982452546662e-14 0.01014873520041691 -7.757313323312029 -6.000000000000058 3.474250350338415 -2.83780098520361e-19 7.70297134058539e-30 2.538206363449919e-19 -2.837800985545437e-19 -2.939230200373386e-29 2.538206363999144e-19 -2.837800985254184e-19 -4.194074542038143e-30 2.538206364015745e-19 -2.837800985239209e-19 -6.004924186028244e-30 2.538206363840833e-19
2.278068606293002e-15 -4.201176335597671e-15 -0.1185854122563091 0.474341649025257 -0.4592793267718454 2.84725720542127e-15 -4.472135954999604 9.526279441628803 -7.00000000000004 -9.771064916538817e-18 4.87921263765414e-30 8.73950614637952e-18 9.48683298050514 7.348469228349428 -4.242640687119297 3.162277660168349 2.449489742783157 -1.414213562373167 -8.636482827386833e-19 4.727283371886395e-30 7.724705075463755e-19 -8.636482827366922e-19 -2.113529673080961e-30 7.724705075410553e-19 1.482570205079378e-14 2.703583589040947e-14 -2.298556414830324e-14 13.4164078649988 10.39230484541313 -5.999999999999996 3.401537188575722e-14 6.033430981478653e-14 -1.198721026086398e-13 4.472135954999591 3.464101615137728 -2.000000000000037 -7.633644466864579e-20 4.141523594100724e-30 6.827739176353791e-20 -7.633644465909554e-20 -6.212616799261278e-31 6.827739177923761e-20 -7.633644466276741e-20 -3.303293555481759e-30 6.827739176982126e-20 -7.633644465693137e-20 -3.000627900983378e-30 6.827739176929139e-20
8.132116676073716e-16 7.348971338951227e-15 0.1325825214724724 7.601397897755534 0.5134898976610928 6.324555320336923 -5.00000000000011 -3.87298334620743 2.236067977499832 -9.500000000000281 5.228527517380011 -4.472135954999707 5.649436009707132e-18 -6.474472852257642e-31 -5.053009180882359e-18 -7.071067811865642 -5.477225575051688 3.162277660168444 10.7391842392708 8.215838362577546 -4.862001902508687 -0.1325825214724165 -3.343749722469033e-14 0.1185854122561813 4.993443140406582e-19 -5.84178097217554e-30 -4.466271321438692e-19 4.993443140444564e-19 1.611936007575866e-30 -4.466271321514478e-19 4.993443140514428e-19 1.170237004123583e-29 -4.466271321616719e-19 -10.00000000000025 -7.745966692414886 4.472135954999676 0.01171875000002377 4.323491887226253e-15 -0.01048156864434539 15.01171875000026 11.61895003862233 -6.718685501144018 -0.01171875000000503 -6.684789319680384e-15 0.01048156864441342 -0.01171874999998859 -6.361440440043683e-15 0.0104815686445293
1.229257671614386e-15 -9.717658469626724e-15 -5.875078341415216e-15 -5.477225575051802 1.208945856104671e-15 -4.898979485566493 3.87298334620752 3.000000000000023 -1.732050807568918 -0.9359709753335368 -1.000000000000024 -9.670617008926452 -4.673622307272529e-18 1.98214417046971e-30 4.180214872068269e-18 5.477225575051815 4.242640687119325 -2.449489742783237 -0.1283724744151147 -8.144647116802335e-15 0.1148198316926942 -0.1283724744152138 -3.184750575127298e-14 0.1148198316928248 -4.130937532657864e-19 8.687590528629108e-30 3.6948228534942e-19 -4.130937532680756e-19 1.346231087561003e-29 3.694822853552753e-19 -4.13093753286747e-19 7.625220570703924e-30 3.694822853573089e-19 7.745966692415062 6.000000000000065 -3.464101615137845 -0.01134663089712628 -1.915005260137012e-14 0.01014873520045075 -0.01134663089697328 1.386166511217571e-15 0.01014873520057292 -0.01134663089709081 -1.242282167226391e-16 0.01014873520046631 -0.01134663089708126 -4.079938758395356e-15 0.0101487352005983
2.820097462308268e-15 -6.339686199150829e-15 -0.118585412256322 -3.636619309193659 -0.4592793267718404 -2.828427124746213 2.236067977499809 1.732050807568859 -1.000000000000005 -6.708203932499369 7.794228634059942 -6.000000000000049 -2.013367559735528e-18 3.663947638493145e-30 1.800810690899309e-18 3.162277660168411 2.449489742783157 -1.414213562373104 9.486832980505145 7.348469228349432 -4.242640687119321 -3.639943648950804e-15 -2.674415114088953e-15 -3.603127914856403e-14 -1.77958231808689e-19 2.929332782284507e-30 1.591706813942791e-19 -1.779582318126427e-19 2.17735928297182e-30 1.591706813968837e-19 -1.779582318239471e-19 -8.416150211130306e-30 1.591706813959257e-19 4.472135954999631 3.464101615137729 -2.000000000000016 3.428025190235976e-14 5.256703130493796e-14 -7.832580245335283e-14 13.41640786499879 10.39230484541314 -5.999999999999988 1.636960380990629e-14 1.928726152042232e-14 -7.743298198663411e-14 3.940568774469894e-16 1.445349273135401e-15 -7.779244620281349e-15
8.934365207957548e-16 -2.423678699803865e-15 0.0117187500000057 -0.04687500000000645 0.04538652358837381 3.242546841853546e-15 -0.2651650429449582 0.2567449488305462 6.71926617309021e-15 4.727392867447435e-19 1.951786569982709e-32 -4.228308723179635e-19 -13.25000000000019 0.6777720855862945 -7.826237921249469 -6.169525264827868e-17 -4.522280773676396e-17 2.907251130389188e-17 4.178464442363962e-20 -2.807093218729334e-31 -3.737332213819289e-20 4.17846444237815e-20 -9.473006523644032e-32 -3.737332213898482e-20 12.44065993150104 9.585144756340414 -5.59327861142279 -10.6728929785345 -8.2158383625775 4.802709196380443 -2.928181245050046e-19 1.519874624376579e-30 2.619044925690723e-19 -8.285799116165373e-17 -6.395470802992279e-17 3.718617238959538e-17 3.693275677419944e-21 -3.383030122114333e-31 -3.303366189071603e-21 3.693275677269676e-21 -4.400097913172474e-31 -3.303366189576026e-21 3.693275677603008e-21 -1.401775031760267e-31 -3.303366190137057e-21 3.693275677686351e-21 -1.082130147209354e-31 -3.30336619013535e-21
-1.314239854365451e-15 4.605605965607021e-16 2.55383696578078e-15 -4.768075056627983e-15 4.639643917011707e-15 2.159024427303347e-15 -6.802363879802822e-16 -1.452089010547072e-16 7.391601181500627e-15 9.214662548725785e-18 -4.089479550151871e-30 -8.241844739463997e-18 -6.277460506978063 -3 -9.16543552338552 4.321783285692669e-16 3.28191211410534e-16 -1.970707641796512e-16 8.144687968167074e-19 -3.981230525891553e-30 -7.284830380936592e-19 8.144687968179811e-19 -8.719143448961799e-31 -7.284830380931799e-19 -0.06418623720755207 3.611732473755895e-14 0.05740991584634492 -8.280024599785188 -6.363961030678959 3.731644530020954 7.500013382336012e-19 -1.769961927912988e-29 -6.708215901886464e-19 5.999424335531484e-16 4.64132462228397e-16 -2.686378235973687e-16 7.198955116167931e-20 -6.691616292932644e-31 -6.43894120300734e-20 7.198955115769407e-20 -4.450294475217442e-30 -6.438941202659876e-20 7.198955116290784e-20 5.165172567730682e-31 -6.438941202684422e-20 7.198955116209238e-20 -7.630682462366026e-31 -6.438941202758348e-20
2.625582755534982e-15 -5.05558890218074e-15 -0.01048156864452497 0.04192627457811673 -0.04059494080239327 2.418946831005632e-15 0.2371708245126306 -0.2296396633859267 3.522924040285477e-15 -1.22916328934501e-17 -4.176945604780663e-30 1.099397068169248e-17 -4.472135954999618 11.6913429510899 -8.500000000000053 8.418951067556047e-17 6.543892448680101e-17 -3.752020687726329e-17 -1.086437121355186e-18 -2.592788228413247e-30 9.717389026477084e-19 -1.08643712135171e-18 -1.68389581192424e-30 9.717389026527553e-19 11.06797181058934 8.573214099741003 -4.94974746830585 4.743416490252532 3.674234614174734 -2.121320343559732 -2.578973714217612e-20 -7.502751432260704e-31 2.306704213987943e-20 1.194487938638664e-16 9.254461451633338e-17 -5.34075910609321e-17 -9.602838198118339e-20 4.192976935243728e-30 8.589039593846125e-20 -9.602838198398513e-20 -4.595262580970634e-30 8.589039595673811e-20 -9.602838198060999e-20 -1.513467439083606e-30 8.589039595529017e-20 -9.602838197845616e-20 -1.844858638299753e-30 8.589039595132483e-20
1.772350667137013e-15 1.119629001811009e-15 0.01171874999999249 -0.04687499999998729 0.04538652358835693 -5.412320233368878e-15 10.87176676074339 0.2567449488305555 9.48683298050539 -4.440136002412612e-18 -3.973405131799543e-31 3.971378372294366e-18 -7.500000000000163 -5.809475019311143 3.354101966249747 -27.75000000000058 6.487247104897436 -13.4164078649991 -3.924562845872884e-19 -8.912983560316144e-32 3.510235722120973e-19 -3.924562845869269e-19 -9.794615930231504e-32 3.510235722135627e-19 -3.064231663566526e-20 1.274191444634906e-30 2.740732119341623e-20 -10.60660171779846 -8.215838362577529 4.743416490252666 26.58279555523211 20.53959590644381 -11.91783393175928 -14.2084268844672 -10.95445115010337 6.383848026464424 -3.468856251843521e-20 6.983061686808434e-31 3.102639353165294e-20 -3.468856251891668e-20 -2.719303919253006e-32 3.102639353364151e-20 -3.468856251908661e-20 -3.087307999075959e-31 3.102639353411232e-20 -3.468856251882539e-20 -7.929759348439825e-32 3.102639353359981e-20
-4.360768653235313e-16 -6.579024920740029e-15 1.180921585895139e-14 1.105604174281124e-14 -1.499781621504005e-14 1.360279185475794e-14 -8.215838362577699 7.039820521550658e-15 -7.348469228349733 1.473544648538079e-17 -3.650306765240642e-30 -1.31797840080413e-17 5.809475019311282 4.500000000000036 -2.598076211353377 -8.21395218008186 -5.500000000000038 -22.1558165801524 1.302441766700822e-18 -4.534408904609168e-30 -1.16493933082776e-18 1.302441766702103e-18 -8.960273068550402e-31 -1.164939330830638e-18 2.216629723268708e-19 4.241390388297705e-30 -1.982613896857968e-19 8.215838362577724 6.363961030678989 -3.674234614174858 -0.0641862372073303 1.621217375104432e-14 0.05740991584598321 -11.01863738731098 -8.485281374238644 4.956389401412333 1.151206756658027e-19 -2.052551373519033e-30 -1.029670625614481e-19 1.151206756618811e-19 -5.44816161748756e-30 -1.029670625609333e-19 1.151206756681115e-19 5.769750133181274e-31 -1.029670625630182e-19 1.151206756672065e-19 -8.546373182460719e-31 -1.029670625635513e-19
4.514112418307787e-15 -7.842763287936192e-15 -0.01048156864452724 0.04192627457813257 -0.04059494080240893 2.532622981919718e-15 -4.980587314765237 -0.2296396633859229 -4.242640687119313 -1.465366504880739e-18 7.027792813447289e-30 1.310663646742731e-18 3.354101966249714 2.59807621135329 -1.500000000000008 -12.29837387624889 22.94967320028759 -17.00000000000012 -1.295213240630062e-19 6.512255415747173e-30 1.158473940598315e-19 -1.295213240649784e-19 2.34735720750509e-31 1.158473940549933e-19 1.321222082968275e-19 -4.109491504651586e-30 -1.181736956359803e-19 4.743416490252616 3.674234614174735 -2.121320343559657 23.71708245126287 18.37117307087359 -10.60660171779828 6.324555320336711 4.898979485566311 -2.828427124746338 -1.14481758229002e-20 4.887553392425014e-31 1.023955974375108e-20 -1.144817581353902e-20 5.218609164016464e-30 1.023955974050233e-20 -1.144817582059075e-20 -8.908645899265435e-31 1.023955973733943e-20 -1.144817581846424e-20 -1.634317335903563e-31 1.023955974042031e-20
4.385807229880699e-16 1.042669045429116e-14 0.0117187499999967 10.04687500000021 0.04538652358838104 8.944271909999374 -7.071067811865621 -5.477225575051671 3.162277660168435 -7.336232854810576 5.733970523882216 3.16227766016845 7.390088054917335e-19 7.192146666073759e-32 -6.609895700185153e-19 -10.00000000000022 -7.745966692414859 4.472135954999663 -27.25000000000064 8.423738778001153 -12.29837387624919 -2.615634742802561e-18 -6.275151630253673e-31 2.339494835683768e-18 6.531976721469669e-20 -6.702598750897483e-31 -5.842377590601973e-20 6.531976721529365e-20 3.512488409471693e-31 -5.842377590716119e-20 6.531976721613027e-20 1.589001766703863e-30 -5.842377590844566e-20 -14.14213562373128 -10.95445115010338 6.324555320336886 26.58279555523207 20.53959590644383 -11.9178339317592 -10.67289297853442 -8.215838362577541 4.802709196380282 -2.311916329673336e-19 8.160404724261848e-31 2.067840828531496e-19 -2.311916329676911e-19 9.002686836826701e-32 2.067840828581266e-19
-8.981938503583324e-16 -1.302906815177877e-14 -3.855351872360908e-15 -7.74596669241501 1.329762298494363e-14 -6.928203230275698 5.4772255750518 4.242640687119311 -2.449489742783233 5.477225575051804 -4.242640687119317 -2.449489742783218 4.486325558694177e-19 -1.385901946558227e-31 -4.012691567380548e-19 7.745966692415043 6.000000000000051 -3.464101615137836 -6.277460506978092 -5.000000000000052 -23.02184198393686 8.11946027343827e-18 5.520697538509066e-30 -7.262266044789906e-18 3.965389031508065e-20 1.213971368085947e-31 -3.546751772630573e-20 3.965389031492817e-20 2.163297001496274e-30 -3.546751772719529e-20 3.96538903135887e-20 3.697500720052312e-30 -3.546751773012121e-20 10.95445115010363 8.485281374238651 -4.898979485566479 -0.06418623720729026 -6.098038129623214e-15 0.05740991584591456 -8.280024599785108 -6.363961030679003 3.731644530020792 7.176656773791334e-19 2.753004636069399e-31 -6.418996958906538e-19 7.176656773590947e-19 6.837466144125342e-30 -6.418996958753267e-19
5.774268947118622e-15 -6.389590803691059e-15 -0.01048156864453823 -4.514062229577719 -0.04059494080238002 -4.000000000000028 3.162277660168404 2.449489742783149 -1.414213562373101 3.399448484681038 -2.679129406169081 -1.414213562373089 -1.237343876007986e-18 2.597335698577836e-30 1.106714007313362e-18 4.47213595499962 3.464101615137721 -2.000000000000011 -13.41640786499877 22.08364779650316 -16.50000000000012 -4.426843227949254e-19 2.511295923934572e-30 3.959488953407669e-19 -1.093667806700403e-19 2.861173630326445e-30 9.782062242350262e-20 -1.093667806706945e-19 4.78073508928427e-30 9.7820622424545e-20 -1.093667806786605e-19 4.919022318688786e-32 9.782062242480312e-20 6.324555320336824 4.898979485566314 -2.828427124746209 23.71708245126287 18.3711730708736 -10.6066017177983 4.743416490252534 3.674234614174724 -2.121320343559774 -3.91281358209477e-20 -1.580136014476801e-30 3.499726862270527e-20 -3.912813582141898e-20 1.806871337820943e-31 3.499726861172285e-20
3.345692219863094e-16 4.865497498466033e-15 0.01171875000000691 0.04687499999999523 0.0453865235883599 -6.131289484084873e-15 6.453054005567181e-17 4.729202046495742e-17 -3.041380892973543e-17 10.87176676074338 0.2567449488305487 9.48683298050538 3.073089753218329e-19 -3.773794615991165e-31 -2.748655035652003e-19 8.665033030416703e-17 6.688101673356929e-17 -3.888863851836847e-17 -7.500000000000163 -5.809475019311143 3.354101966249747 -11.75000000000036 6.487247104897436 -4.472135954999722 2.716253254602529e-20 -5.108126957372394e-31 -2.429490768512539e-20 2.716253254589018e-20 -3.425339410464477e-31 -2.429490768532288e-20 2.716253254650281e-20 3.769320969562698e-31 -2.42949076862048e-20 1.221346343120694e-16 9.458404092991578e-17 -5.463241639961613e-17 3.120877842955458e-20 1.024325152099894e-30 -2.791398002578611e-20 -10.60660171779846 -8.215838362577529 4.743416490252666 12.44065993150091 9.585144756340478 -5.593278611422551 -0.06629126073616649 -3.737075485369748e-14 0.05929270612801292
1.770347581005432e-15 -3.124402146877172e-15 -1.028484734013535e-14 -5.298100831838457e-15 -2.971625680191401e-15 8.884403627550511e-15 2.261541008089836e-16 1.598229185395279e-16 -1.100045720782153e-16 -8.215838362577701 9.015800768684752e-17 -7.34846922834974 1.752175265562197e-18 -1.442444311371897e-30 -1.567193200912941e-18 2.935475675669347e-16 2.260237389766524e-16 -1.320620597423316e-16 5.809475019311282 4.500000000000036 -2.598076211353377 -0.4679854876667827 -1.500000000000035 -11.76351173473889 1.548718765132136e-19 -1.907247898882629e-30 -1.385216174722238e-19 1.548718765128278e-19 1.189864509342531e-30 -1.385216174739859e-19 1.548718765137235e-19 5.559430856659821e-30 -1.385216174802596e-19 4.128158731070679e-16 3.196458370790536e-16 -1.846861317004164e-16 2.614141731660209e-19 6.01430365533911e-30 -2.338159446011726e-19 8.215838362577724 6.363961030678989 -3.674234614174858 -0.06418623720743064 -2.553975153747417e-14 0.05740991584613035 -0.06418623720756621 -3.579461052319431e-14 0.05740991584633253
2.213542923791313e-15 -8.250677079939954e-16 -0.01048156864453758 -0.04192627457812693 -0.04059494080240088 6.317624849374279e-15 -1.641741140628534e-16 -1.344614352887635e-16 6.921044581655717e-17 -4.980587314765233 -0.2296396633859221 -4.242640687119323 8.321632526459694e-19 -9.989058319621976e-31 -7.443094405129045e-19 -2.446597074879492e-16 -1.901571854015203e-16 1.090429927393925e-16 3.354101966249714 2.59807621135329 -1.500000000000008 -7.826237921249261 9.093266739736606 -7.00000000000006 7.355353487506688e-20 -2.304799212063921e-30 -6.578828158347986e-20 7.355353487257495e-20 -4.092555062663041e-30 -6.578828158356598e-20 7.355353487434364e-20 -4.605275897127811e-30 -6.578828158745698e-20 -3.471043795188178e-16 -2.689228705775302e-16 1.551969034376028e-16 2.171239189872223e-19 -3.745847452364093e-30 -1.942015369477336e-19 4.743416490252616 3.674234614174735 -2.121320343559657 11.06797181058934 8.573214099741012 -4.949747468305883 7.469464805719469e-16 -5.503490565781542e-15 -3.924753714213742e-14
4.219376724670259e-16 -1.914840325414946e-15 0.001035800949007082 -0.004143203796019268 0.004011639825481066 1.603901458286528e-15 -0.02343750000000686 0.02269326179418924 3.583401410713207e-15 -4.195710322202413e-18 -3.905126392175525e-31 3.752757397736562e-18 -0.132582521472475 0.128372474415269 8.743878173826447e-15 8.845826003008461e-17 6.903588834904135e-17 -3.926158431738636e-17 -3.708519025910911e-19 -7.015427650443931e-31 3.317000255110937e-19 -3.708519025903666e-19 -2.581912302527524e-31 3.317000255110228e-19 -14.62500000000021 0.3388860427931476 -8.385254915624429 2.509130365803808e-16 1.93848932828732e-16 -1.125047089430563e-16 -5.892750304876016e-20 1.277635538490362e-30 5.270636102289464e-20 1.259827835842134e-16 9.763148959368928e-17 -5.63148604372758e-17 -3.277898689226068e-20 8.043423316246086e-32 2.931841716989913e-20 -3.277898689319122e-20 -9.55222091733543e-31 2.93184171710207e-20 -3.277898689266037e-20 -6.296197609747148e-31 2.931841717034096e-20 -3.277898689220281e-20 -2.708863969947122e-31 2.931841716962416e-20
-1.264237189996218e-15 1.339491897423876e-15 6.305921948926684e-18 -1.890808964880849e-15 2.086920180183592e-15 2.685143385568476e-16 -5.578321206269998e-15 4.663945341395245e-15 2.35117455508047e-15 2.359073216524068e-18 -7.06238179479658e-31 -2.110019230417616e-18 7.561514415237135e-16 -4.064800825325375e-15 8.987655225289641e-15 -9.764631912117979e-17 -7.650201307870141e-17 4.316906507851186e-17 2.085145835895983e-19 -7.816359825508745e-31 -1.865011132822238e-19 2.085145835898071e-19 -1.595923503921638e-31 -1.865011132824583e-19 -7.011713599696561 -3.500000000000003 -9.778870184399503 -3.983245030602129e-16 -3.080311628472484e-16 1.784303915898947e-16 9.87611693078167e-20 -4.925743142840714e-30 -8.83346752397986e-20 -1.395741663565738e-16 -1.08190184444749e-16 6.237529743761578e-17 1.843025950396086e-20 -2.770547469635592e-31 -1.648452523776939e-20 1.843025950324552e-20 -8.871064565535314e-31 -1.648452523750076e-20 1.843025950428885e-20 1.201778677154044e-31 -1.648452523769607e-20 1.843025950411238e-20 -1.418790726842026e-31 -1.648452523776827e-20
2.785275036533194e-15 -4.323974670344061e-15 -0.0009264485332479175 0.003705794133005508 -0.003588119740402252 2.385803286432724e-15 0.02096313728905684 -0.02029747040119515 2.772344830976487e-15 2.232738852088198e-18 -1.974356777104884e-30 -1.997022339706366e-18 0.1185854122563152 -0.1148198316929644 2.221834404103436e-15 -1.752037036830472e-16 -1.347906524096776e-16 7.888553708504252e-17 1.973480978646538e-19 -2.056025170776638e-30 -1.765135048215105e-19 1.973480978659842e-19 -7.911826648951383e-31 -1.765135048219286e-19 -4.47213595499962 12.77387470582044 -9.25000000000006 5.016308202425463e-16 3.855651202886467e-16 -2.260661194797228e-16 -1.051573567406329e-19 -3.69928213288045e-30 9.405559919799097e-20 -2.461980935754859e-16 -1.906227687188938e-16 1.101501624327292e-16 1.744327228082738e-20 2.630877557143179e-31 -1.560173703099629e-20 1.74432722791906e-20 -3.065730372640919e-30 -1.560173702634879e-20 1.744327228205908e-20 -2.933668499083299e-31 -1.560173702800127e-20 1.744327228248813e-20 -8.513155255610646e-31 -1.56017370290939e-20
8.947107679831595e-16 -2.309466904759075e-16 0.001035800949001269 -0.004143203796009398 0.004011639825472772 -1.290249646682588e-15 -0.02343749999998417 0.02269326179416969 -3.388807366604368e-15 -3.452286320951348e-18 -3.435266078828034e-31 3.087818756574856e-18 12.50695119223732 0.1283724744152767 11.06797181058962 1.914463501659085e-16 1.45992406078521e-16 -8.694606625699824e-17 -3.051418835179087e-19 -1.97844007055629e-32 2.729271977298338e-19 -3.051418835176805e-19 -9.006228996024117e-32 2.729271977312248e-19 -8.750000000000195 -6.777720855863003 3.913118960624705 -36.87500000000073 7.116606898656152 -17.8885438199988 2.625986307871386e-19 -5.484160428699001e-31 -2.348753556907316e-19 2.668070454096572e-16 2.064644406797251e-16 -1.194371757602211e-16 -2.69709868820501e-20 5.891293596328853e-31 2.412358403384435e-20 -2.697098688238254e-20 8.055046410243587e-32 2.412358403545537e-20 -2.697098688259981e-20 -2.178493762627476e-31 2.412358403601869e-20 -2.697098688242763e-20 -6.34033267271632e-32 2.412358403574446e-20
-2.250492341225238e-16 -2.528820445419348e-15 8.236634244274239e-15 -9.330833273719455e-15 7.443012037188386e-15 5.420620443459128e-15 1.415333219532937e-14 -1.788907332413471e-14 1.528264503771585e-14 -6.737409142035584e-19 -9.099235317148437e-31 6.026121933533504e-19 -9.585144756340647 4.499266636716895e-15 -8.57321409974135 9.958363412651333e-17 7.44684509394663e-17 -4.607592994529205e-17 -5.955084615006455e-20 -8.467414034465095e-31 5.326389604325399e-20 -5.955084614957883e-20 -1.865829909359777e-31 5.326389604377855e-20 6.777720855863159 5.250000000000041 -3.031088913245606 -11.852942782456 -7.750000000000042 -28.39841636576536 3.045223728414055e-19 -4.601190075813388e-30 -2.723730905299808e-19 1.362646903795366e-16 1.053142932875033e-16 -6.107560866958348e-17 -5.26360089210668e-21 1.723866728549284e-31 4.707907759620152e-21 -5.263600893159358e-21 -9.50609688646545e-31 4.707907761159239e-21 -5.26360089218907e-21 -9.250646606225717e-32 4.707907761111733e-21 -5.263600892166742e-21 -1.703560167422734e-31 4.707907760545642e-21
5.57685728714943e-15 -6.603211719217736e-15 -0.0009264485332455459 0.003705794133007913 -0.003588119740404661 3.200723239980262e-15 0.02096313728907444 -0.02029747040121275 1.82791026545785e-15 -2.084227202217177e-19 -3.761210198572899e-31 1.864189481896156e-19 -5.65257131755102 -0.1148198316929616 -4.949747468305862 -1.268856976559142e-16 -9.757232283638222e-17 5.715661127739309e-17 -1.842213985352428e-20 -4.868790160083566e-31 1.647726280180658e-20 -1.842213985282821e-20 -5.662635127463958e-31 1.647726280118102e-20 3.913118960624664 3.031088913245504 -1.750000000000009 -15.09345884812363 30.52739548340142 -22.50000000000014 -8.135002983941376e-20 2.767404999577512e-30 7.276167867321914e-20 -1.78223224048702e-16 -1.379881022674568e-16 7.974022966774186e-17 -1.628302502869734e-21 3.217306352361239e-31 1.456398031392393e-21 -1.628302502760197e-21 -1.301517284539356e-30 1.456398034244459e-21 -1.628302501966493e-21 -4.873978826935228e-31 1.456398032818436e-21 -1.62830250128169e-21 -6.461965943274952e-31 1.456398032553022e-21
-1.342159336254256e-15 6.675615077408259e-15 0.00103580094899349 -0.004143203796011224 0.004011639825475505 -5.975741050403493e-15 15.02343750000031 0.02269326179421386 13.41640786499906 -5.817085258492573e-19 -2.509713366856412e-32 5.202959227562924e-19 -10.60660171779843 -8.215838362577506 4.743416490252651 -10.73918423927091 8.344210836992772 4.743416490252685 -5.141625541291105e-20 -1.807690654594094e-31 4.598809690103091e-20 -5.141625541273851e-20 -7.678658160141885e-33 4.598809690069765e-20 -1.150090777847621e-20 1.141687866745666e-30 1.028672463755051e-20 -15.00000000000033 -11.61895003862229 6.708203932499492 -51.62500000000108 11.95783608141542 -24.0377307581234 3.349350533997555e-16 2.588953707172425e-16 -1.501017070041994e-16 -4.544597858259047e-21 -5.740485180268433e-32 4.064811897143292e-21 -4.544597858482395e-21 -2.754154110707975e-31 4.064811897185047e-21 -4.544597858275104e-21 -1.090341542386606e-31 4.06481189684814e-21 -4.544597858186246e-21 -2.454723025860132e-32 4.064811896562219e-21
-1.107218395427794e-15 -6.304922440171664e-15 1.381258771473411e-14 2.788034283523585e-15 -7.576833434811911e-15 1.412814179148688e-14 -11.6189500386225 2.186492355904331e-14 -10.39230484541353 1.661787911551727e-18 -7.327204133905233e-31 -1.486348293765566e-18 8.215838362577694 6.363961030678966 -3.674234614174845 8.215838362577701 -6.363961030678978 -3.674234614174813 1.468826876435117e-19 -9.130792712413927e-31 -1.313758697149878e-19 1.468826876438708e-19 -1.720029668596784e-31 -1.313758697154132e-19 1.362738182876838e-19 1.374047853325095e-30 -1.218870084974036e-19 11.61895003862255 9.000000000000068 -5.19615242270675 -14.75768029211168 -10.50000000000007 -40.95578472064 -5.405520683512823e-16 -4.182292183690386e-16 2.420197162763469e-16 1.298271805882724e-20 -2.799142567737293e-31 -1.161209604480412e-20 1.298271805793483e-20 -1.093330465741923e-30 -1.161209604438975e-20 1.298271805911541e-20 1.608607562348506e-32 -1.161209604483264e-20 1.298271805902946e-20 -1.674415902983515e-31 -1.161209604514874e-20
6.661040192063248e-15 -9.889711756413257e-15 -0.0009264485332490007 0.003705794133021041 -0.003588119740414464 1.027371347376613e-15 -6.729167069788447 -0.02029747040117902 -6.000000000000035 -8.954161289030579e-19 1.59032050431143e-30 8.008845329504334e-19 4.743416490252598 3.674234614174722 -2.121320343559649 4.86200190250892 -3.78905444586769 -2.121320343559634 -7.914435209097883e-20 1.517727728735014e-30 7.078886052530637e-20 -7.914435209123295e-20 -1.08342124959209e-32 7.078886052414381e-20 -5.607666485363259e-20 -1.086134629457585e-30 5.015649382519529e-20 6.708203932499423 5.196152422706576 -3.000000000000014 -22.36067977499796 42.21873843449132 -31.25000000000021 5.413820138122658e-16 4.163182446856881e-16 -2.438653432341224e-16 -6.995438508127645e-21 4.223785617940112e-31 6.25691041418194e-21 -6.995438505853078e-21 9.927904028115892e-31 6.25691041463387e-21 -6.995438507381378e-21 -2.898248124056156e-31 6.256910413512573e-21 -6.995438506666852e-21 -1.42658470348107e-31 6.256910413882351e-21
1.332036742866978e-15 1.553472415083694e-15 0.001035800948998118 -0.004143203796020323 0.00401163982548351 -9.751205126565355e-15 0.02343749999997482 0.02269326179415307 -1.125411396497137e-14 3.232146576550725e-18 2.515802652133864e-31 -2.890919783363683e-18 3.098912906959649e-16 2.42790223793644e-16 -1.370001955886601e-16 26.64908681596855 0.1283724744152769 23.71708245126345 2.856840952587561e-19 2.207515359919792e-31 -2.555236228348951e-19 2.856840952583934e-19 9.322560581086523e-32 -2.555236228354757e-19 -3.137380134273612e-19 2.902639360286063e-31 2.806158100579782e-19 4.429585363649377e-16 3.433572273005696e-16 -1.97956771800132e-16 -18.75000000000042 -14.52368754827786 8.385254915624369 -58.87500000000129 14.86257359107101 -26.83281572999822 2.525114512912298e-20 -3.285294870222643e-31 -2.258531080686764e-20 2.525114512959762e-20 2.599267305306282e-31 -2.25853108080027e-20 2.525114512954157e-20 3.117581583872556e-31 -2.258531080799466e-20 2.525114512929558e-20 9.140730267214443e-32 -2.258531080752187e-20
-1.330765314951478e-15 -6.400156138072252e-15 3.865836803662186e-15 2.938847674630552e-14 -3.09177991701943e-14 1.133791919023621e-14 -2.820403704991063e-14 -1.710742966681637e-14 2.987543342021552e-14 -8.464683327291061e-19 -9.586071152445506e-31 7.571042931142804e-19 4.97404621043712e-16 3.822860971790637e-16 -2.241792368767175e-16 -20.53959590644424 1.237805575577356e-14 -18.37117307087432 -7.481793726735658e-20 -1.226185897924612e-30 6.691919746659371e-20 -7.481793726662376e-20 -2.806583873987082e-31 6.691919746635098e-20 3.425394738634016e-19 1.084117308397827e-30 -3.063766194126805e-19 6.982982689591406e-16 5.406341833373089e-16 -3.124416679023146e-16 14.5236875482782 11.25000000000008 -6.495190528383439 -15.72592612866357 -11.75000000000009 -47.45097524902342 -6.613033849565758e-21 -1.237384213129079e-31 5.914877290013765e-21 -6.613033850944678e-21 -1.506325514126355e-30 5.914877291236804e-21 -6.613033849553432e-21 -2.909049501622268e-31 5.914877290561701e-21 -6.613033849405516e-21 -2.814678009904691e-31 5.914877289806187e-21
1.064882919312148e-14 -6.632614503452839e-15 -0.0009264485332598112 0.00370579413302263 -0.003588119740411864 -8.114142377315914e-15 -0.02096313728908329 -0.02029747040122149 1.780617430650857e-14 4.06426739387122e-18 4.003275167144245e-30 -3.635191268573078e-18 -2.499468363749691e-17 -1.843055709241914e-17 1.171503757718875e-17 -11.97712663788784 -0.1148198316929559 -10.60660171779829 3.592338793469671e-19 3.426714905262272e-30 -3.2130854961249e-19 3.592338793454157e-19 5.711503033264835e-31 -3.213085496163668e-19 -1.061488144413753e-19 -1.898280414327751e-30 9.494238592751659e-20 -3.375558837078768e-17 -2.606474380219369e-17 1.514342923647511e-17 8.385254915624282 6.495190528383223 -3.750000000000019 -26.2737987356226 47.84790355909019 -35.50000000000024 3.17520890129491e-20 -5.405490026707684e-31 -2.839993178072714e-20 3.175208901785536e-20 3.029469094382635e-30 -2.839993178537018e-20 3.175208901442418e-20 1.781760280029268e-31 -2.839993178704637e-20 3.17520890149016e-20 3.642434157176904e-31 -2.839993178534395e-20
-8.898455668193218e-16 1.670768077346112e-14 0.001035800949002121 14.14627882752723 0.004011639825490606 12.6491106406738 -10.0000000000002 -7.745966692414835 4.472135954999652 -10.02343750000022 7.768659954209035 4.472135954999664 -3.390471709359128e-19 1.624320397695599e-31 3.032530087157789e-19 -14.14213562373124 -10.95445115010334 6.324555320336868 -14.27471814520371 11.08282362451859 6.324555320336898 -6.348838604185813e-19 -1.490537291466835e-31 5.678573878845341e-19 -2.996781921372117e-20 4.156321076963177e-31 2.680403235933118e-20 -2.996781921382795e-20 2.707602578268132e-32 2.680403235969698e-20 -2.99678192142996e-20 -6.436471491089402e-31 2.680403236043362e-20 -20.00000000000044 -15.49193338482972 8.944271909999328 -58.62500000000131 15.83081942762287 -26.27379873562326 2.509158477480579e-16 1.938489328287321e-16 -1.125072233278646e-16 -5.61163353707989e-20 3.233705108179698e-31 5.019197621365755e-20 -5.611633537092408e-20 4.470679931994928e-32 5.01919762150862e-20
8.84673018969755e-16 -1.654225803171746e-14 -2.056569719922234e-15 -10.95445115010355 1.542107725589418e-14 -9.797958971132962 7.745966692415015 6.000000000000027 -3.464101615137825 7.745966692414992 -6.000000000000009 -3.464101615137814 -2.499282786179397e-19 -3.825276938931969e-31 2.235426481950114e-19 10.9544511501036 8.485281374238623 -4.898979485566461 10.9544511501036 -8.485281374238639 -4.898979485566429 6.589122183326658e-19 8.586389539278049e-31 -5.893490045548835e-19 -2.209074757744574e-20 1.488311538718841e-31 1.975856530275183e-20 -2.209074757807485e-20 -1.677296891699989e-31 1.975856530330236e-20 -2.209074757847469e-20 -2.686147556812266e-31 1.9758565303022e-20 15.49193338483007 12.00000000000009 -6.928203230275668 -14.75768029211169 -11.50000000000009 -47.88398795091564 -3.983650240672599e-16 -3.080311628472928e-16 1.784666346804499e-16 5.824016222547046e-20 -7.449137422210649e-31 -5.209158470036056e-20 5.824016222260914e-20 1.076442012473569e-30 -5.209158469954907e-20
1.065033150772023e-14 -7.670009882298148e-15 -0.0009264485332622814 -6.328261114469775 -0.003588119740377201 -5.656854249492405 4.472135954999604 3.464101615137708 -2.000000000000004 4.493099092288642 -3.484399085538892 -1.999999999999991 1.926685967797965e-20 1.089604909578441e-30 -1.723280318230979e-20 6.324555320336803 4.898979485566298 -2.8284271247462 6.443140732593132 -5.013799317259272 -2.828427124746182 -1.367800918860289e-18 1.181889214216072e-30 1.223398333705868e-18 1.702965892404424e-21 7.612585847715238e-31 -1.523178999059608e-21 1.702965892729228e-21 2.600482880613171e-30 -1.523178999339324e-21 1.702965889866348e-21 1.732869214939712e-30 -1.523179000017357e-21 8.944271909999232 6.928203230275437 -4.00000000000002 -26.83281572999753 47.41489085719797 -35.25000000000025 5.016150799361505e-16 3.855651202886389e-16 -2.260520409216799e-16 -1.208976631270729e-19 -5.701584087311217e-31 1.081341572307879e-19 -1.208976631309423e-19 1.222291497562124e-30 1.081341572330516e-19
4.38937630012586e-16 2.211375999821227e-15 0.001035800949005703 0.004143203796001188 0.004011639825462227 -5.156217800210065e-15 1.728732022038995e-16 1.345918704872642e-16 -7.691583998983522e-17 -0.02343749999998231 0.02269326179416816 -1.460565093339806e-14 -7.814903841767078e-20 -2.153845347681934e-31 6.989862491113714e-20 2.456518627038829e-16 1.903416486282525e-16 -1.098239034486097e-16 26.64908681596856 0.1283724744152789 23.71708245126345 3.197957206052367e-18 8.74078666420229e-31 -2.860339880745462e-18 -6.907464376048337e-21 -2.679283144363108e-32 6.178223958786389e-21 -6.907464376370493e-21 -3.357231540253669e-31 6.178223958957267e-21 -6.907464376279276e-21 -3.378302701070525e-31 6.17822395877755e-21 3.475078078236852e-16 2.691837409745292e-16 -1.554071270891593e-16 -18.75000000000042 -14.52368754827786 8.385254915624369 -50.87500000000117 14.86257359107101 -22.36067977499852 2.826621532933479e-19 2.949749276199002e-31 -2.52820715769169e-19 2.826621532928602e-19 2.358952575979212e-31 -2.528207157718418e-19
1.328762228819901e-15 -4.305177284819718e-15 -7.154739745588068e-15 1.550907406160327e-14 1.848612272265506e-14 1.124765301717403e-14 3.712963746782389e-16 2.886442991233995e-16 -1.654487096329628e-16 2.321830439537848e-14 -2.660957949036253e-14 2.320324318914979e-14 -1.186006471212824e-19 5.763708613826116e-32 1.060796436548553e-19 5.268713784367442e-16 4.082046825220211e-16 -2.355710036948909e-16 -20.53959590644424 8.004078731605493e-15 -18.37117307087433 3.3862275567379e-18 1.509523253118226e-30 -3.028734001654476e-18 -1.048291522887938e-20 2.558721146632376e-31 9.376204421546326e-21 -1.048291522895868e-20 4.271455036201597e-31 9.37620442166289e-21 -1.04829152295073e-20 3.10176249008318e-31 9.376204421615991e-21 7.452658927399083e-16 5.772885982468293e-16 -3.332883513934993e-16 14.5236875482782 11.25000000000008 -6.495190528383439 -11.85294278245604 -9.750000000000078 -42.25482282631668 2.993030585033806e-19 -4.154763352072641e-31 -2.677047938706525e-19 2.993030585000589e-19 1.21571806493935e-30 -2.677047938715359e-19
8.439400117595168e-15 5.745880377740223e-16 -0.0009264485332621437 -0.003705794133005936 -0.003588119740395447 1.334528300607474e-14 -1.808702548011873e-16 -1.3972616770871e-16 8.110433339780522e-17 0.02096313728908175 -0.02029747040122378 7.13089579509329e-15 -4.282839231371539e-20 3.281403308682756e-32 3.830687863201132e-20 -2.55146741485019e-16 -1.976026413920687e-16 1.141242450789262e-16 -11.97712663788784 -0.114819831692958 -10.60660171779829 -9.447767763464999e-19 -2.442536890620916e-31 8.450340381878869e-19 -3.785530828412294e-21 4.903379025821903e-32 3.385881706003098e-21 -3.785530829141284e-21 3.218526237828678e-31 3.385881706329085e-21 -3.785530830417999e-21 -2.627519664329953e-31 3.385881705248855e-21 -3.607751992409819e-16 -2.794523354174239e-16 1.613452669606235e-16 8.385254915624282 6.495190528383223 -3.750000000000019 -24.03773075812278 40.91970032881468 -30.50000000000022 -8.35072581605673e-20 -1.115589444634187e-30 7.469116234838379e-20 -8.350725815649869e-20 -1.568974660504565e-30 7.469116234014272e-20
4.441409519683843e-16 6.225815095695364e-15 0.001035800949014588 0.004143203796011146 0.00401163982547198 -1.051875623576723e-14 7.37045780248599e-17 5.666264096170759e-17 -3.32091876743719e-17 15.0234375000003 0.02269326179420661 13.41640786499905 4.891615270402667e-20 9.732984738303465e-32 -4.37519370575539e-20 1.035002715611841e-16 8.01330753279243e-17 -4.630860454862787e-17 -10.60660171779843 -8.215838362577506 4.743416490252651 -10.73918423927091 8.344210836992771 4.74341649025267 4.323617910813162e-21 1.238380497775234e-32 -3.867161422947108e-21 4.323617910938136e-21 1.353417706470277e-31 -3.867161423098804e-21 4.323617910939422e-21 1.787411746528192e-31 -3.867161423117414e-21 1.463066334824631e-16 1.133252819234156e-16 -6.543224918589812e-17 -2.632692009051048e-21 1.340966407975488e-30 2.354751317130082e-21 -15.00000000000033 -11.61895003862229 6.708203932499492 -35.62500000000087 11.95783608141543 -15.093458848124 7.114352161644716e-19 3.774634477687534e-31 -6.36327001972166e-19
6.681369009067915e-16 -6.300891307092044e-15 -1.400357326172783e-14 -2.507641301615412e-15 7.851982633292212e-16 1.226521844178962e-14 6.258771824562419e-17 4.758538041829904e-17 -2.850672482753151e-17 -11.61895003862251 1.438591172675378e-14 -10.39230484541353 1.021111941076817e-19 9.783831508854171e-32 -9.133102851543256e-20 8.69807320693334e-17 6.729589035824164e-17 -3.894463144220175e-17 8.215838362577694 6.363961030678966 -3.674234614174845 8.215838362577697 -6.363961030678973 -3.674234614174826 9.025439723691521e-21 5.066408096540404e-32 -8.072598699497635e-21 9.025439723861539e-21 5.983714753643727e-31 -8.072598699663613e-21 9.025439723514041e-21 8.246701408519415e-31 -8.07259869996771e-21 1.228739493617328e-16 9.51707608365966e-17 -5.495493698669142e-17 1.323165399514788e-19 2.439486875048671e-30 -1.183475111528223e-19 11.61895003862255 9.000000000000068 -5.19615242270675 -7.011713599696603 -6.500000000000064 -30.5634798752265 -6.24426416103536e-19 5.69806825792114e-30 5.58503965345278e-19
5.346800337697795e-15 1.3824760814262e-15 -0.0009264485332609281 -0.003705794133017906 -0.003588119740407824 8.853684480166308e-15 -5.014210940245397e-17 -3.768783835315191e-17 2.308938244528303e-17 -6.72916706978845 -0.02029747040118251 -6.000000000000038 -1.314616956781681e-19 -4.092439471429734e-32 1.175829151899661e-19 -6.893972572777479e-17 -5.329865213555116e-17 3.088957407309507e-17 4.743416490252598 3.674234614174722 -2.121320343559649 4.862001902508917 -3.789054445867691 -2.121320343559636 -1.161968205967184e-20 -1.843562761700477e-31 1.039295958567806e-20 -1.161968206033977e-20 -6.154744362544604e-31 1.039295958638302e-20 -1.161968206093837e-20 -1.624447710623615e-30 1.039295958630106e-20 -9.732119987960581e-17 -7.53756767063043e-17 4.352856019632428e-17 -6.070090841007133e-20 -1.535950687779698e-30 5.42925430012854e-20 6.708203932499423 5.196152422706576 -3.000000000000014 -17.88854381999834 28.36233197394034 -21.25000000000015 3.912846772068026e-18 2.173788056702297e-30 -3.499756547148901e-18
1.12522467971549e-15 3.294388876158853e-15 0.00103580094901063 0.004143203796021072 0.004011639825482151 -4.02710126560698e-15 1.503585131908443e-16 1.150313414788563e-16 -6.807136662814485e-17 0.02343749999999517 0.02269326179417644 -9.123015620578113e-15 1.638445882855997e-19 -1.340372481350267e-30 -1.465470548595505e-19 2.101813797484554e-16 1.626788832173701e-16 -9.406924407187872e-17 3.097694511889949e-16 2.42790223793643e-16 -1.368912190206917e-16 12.50695119223731 0.1283724744152698 11.0679718105896 1.448195242944288e-20 -9.129529572469723e-31 -1.295305203082239e-20 1.448195242830714e-20 -1.515493910016848e-30 -1.295305203015611e-20 1.448195242935607e-20 -5.436406846404755e-31 -1.295305203160672e-20 2.970241285121098e-16 2.30062682957714e-16 -1.328397049881586e-16 -3.245072061263896e-19 5.146691654305541e-31 2.902480688272214e-19 4.429477671722386e-16 3.433572273005699e-16 -1.979471395413575e-16 -8.750000000000195 -6.777720855863003 3.913118960624705 -12.87500000000041 7.11660689865615 -4.472135954999721
8.861753335685794e-16 -3.258426395139334e-16 -4.633246751248953e-15 -8.039785667811945e-15 -7.538874682639531e-15 3.386432822599268e-15 -1.771881182795527e-16 -1.400663728675568e-16 7.761451283184194e-17 -5.157843751332244e-15 -2.348083754502419e-15 1.013533288467261e-14 3.214499955830435e-19 -5.396326282620572e-31 -2.875136165955232e-19 -2.554035898960577e-16 -1.980837641417062e-16 1.140762009327151e-16 4.978008889765622e-16 3.82286097179072e-16 -2.245336696907714e-16 -9.585144756340647 4.992165245755054e-15 -8.57321409974136 2.841243396107782e-20 -4.898713376165455e-31 -2.541285349674964e-20 2.841243396072402e-20 -1.486751320567452e-31 -2.541285349693761e-20 2.841243396112172e-20 8.228325564476129e-31 -2.541285349837144e-20 -3.616214072192015e-16 -2.80132745735117e-16 1.617093033055022e-16 3.775649416723894e-19 1.050120835361836e-30 -3.377043501947056e-19 6.983332944269393e-16 5.406341833373105e-16 -3.124729956331069e-16 6.777720855863159 5.250000000000041 -3.031088913245606 -0.2339927438334023 -1.750000000000038 -12.80995909764511
2.456214301408931e-15 1.949507565781652e-15 -0.0009264485332539178 -0.0037057941330149 -0.003588119740410255 1.029094208099578e-15 7.933205963804098e-17 6.067437072007452e-17 -3.592638699013928e-17 -0.02096313728906701 -0.02029747040120258 7.030941879572069e-15 8.85460198992983e-20 -6.413540455412232e-31 -7.919796785086606e-20 1.108642843726253e-16 8.580651796078478e-17 -4.961961421073827e-17 -2.526537149694841e-17 -1.843055709242369e-17 1.195714815894922e-17 -5.652571317551017 -0.1148198316929595 -4.949747468305874 7.826436389637416e-21 -9.448049235003765e-31 -7.000177514400247e-21 7.826436388570775e-21 -2.189566367716428e-30 -7.00017751367901e-21 7.826436389470688e-21 -2.741577963590043e-30 -7.000177514190006e-21 1.566683779967119e-16 1.213487414401519e-16 -7.006772871380849e-17 -1.300744670657368e-19 -1.590458921254244e-30 1.163421401993276e-19 -3.377951402341839e-17 -2.60647438021985e-17 1.516482899074898e-17 3.913118960624664 3.031088913245504 -1.750000000000009 -8.385254915624209 9.742785792574939 -7.500000000000061
