# Created from matlab git hash 44e5d814ece930399b58c9298dbb19a28bd9b520
# name: foo
# type: matrix
# rows: 24
# columns: 24
0.229722594178287 -0.275862395801055 0.2185504647530521 -0.101343850457933 0.05038881363258246 0.08023432245767689 -0.01951253390766259 -0.009650054154486221 0.02810251632436101 -0.0002645532711535673 6.8975094040601e-05 0.0002257516144035856 0.0139354129690312 -0.009584585440986776 -0.01131239646948688 -0.0009630707131454022 0.0002386432189827861 0.0008289555895241391 -5.340975029819995e-05 8.546846291452699e-06 4.69686090365666e-05 -8.534470482246461e-06 9.318442035416868e-07 7.57437995111234e-06
-0.3368767980179062 0.4515038754581086 -0.3700951675690544 0.1818912462744335 -0.09528318133321081 -0.1392667367362656 0.04559067092853292 0.008508162800363287 -0.05693262076468239 0.0003708843875990375 -9.830587640347424e-05 -0.0003159373924901567 -0.01960121389239038 0.01633441720063656 0.01506279436167634 0.001493664102546068 -0.0003826116338081199 -0.001281874345130861 7.59011075832463e-05 -1.240747525467989e-05 -6.669565059471364e-05 1.17433789786537e-05 -1.295075946528606e-06 -1.041925458663564e-05
0.2773675553463343 -0.5149728515033656 0.455985029102626 -0.251238290191039 0.1436845493006856 0.1805589537722349 -0.08930920478662188 0.01020438131920091 0.09482081839757775 -0.0002533108599507748 7.227102381005996e-05 0.0002140283476129461 0.01359411358295896 -0.02039935662400015 -0.007747376721885184 -0.001477953031068986 0.0004146035658607176 0.001257475893876764 -5.510806083339066e-05 9.831285795305464e-06 4.826113827133583e-05 -7.314598913780989e-06 8.484736082793574e-07 6.479942586680704e-06
-0.2049151857611586 0.2767431747971247 -0.4396120092630895 0.1675515799406485 -0.2823438958369758 -0.2732447491709973 0.134987057341931 -0.04198693971429936 -0.1268024999546958 0.1779083803165475 -0.1406788021086432 -0.07727688191367135 0.003972303527970785 0.01936692866622966 -0.009800534049804068 0.0008024144805191883 -0.0002955846720181961 -0.0006613507392419522 0.2584393513182887 -0.2008971716449229 -0.1150745883650229 -0.0001774731800506834 1.967650550744798e-05 0.0001574374574682582
0.09476105410471311 -0.2336718599031419 0.2335053349260572 -0.1969218802316915 0.189389144107946 0.2850501055431819 -0.1163544958241258 0.04072916494504929 0.106478428786348 -0.005780940100889189 0.001544161010181633 0.004920443505155548 -0.00761256247679698 -0.01473498668580663 0.01212231211054961 -0.0004471242796590744 0.0001982283557464684 0.0003583612264512899 -0.001190558307195066 0.0001964600509978532 0.00104583564537013 -0.0001814048918281172 2.010273329042361e-05 0.0001609275925099962
0.1339931832979467 -0.1851230731773095 0.2467416913017464 -0.2242914260408383 -0.06240332413419176 0.0223960149811324 -0.03994029058367244 0.004563538059632758 0.0424051591239772 0.1630177024575881 -0.1268721861748191 -0.07242891945187314 0.006079472412938654 -0.009122869621793591 -0.003464732199723606 -0.0006609606890982196 0.0001854163515346188 0.0005623603157887789 0.2319603087968453 -0.1798216725717453 -0.1036329101143471 -3.740906917881995e-05 4.106825100255107e-06 3.319543857850576e-05
-0.07416814256782772 0.161403455613711 -0.2755755817818732 0.5331807210676455 -0.2899239588954141 0.03296654718928188 -0.07003938021588187 -0.5572539262226949 -0.6271114553969727 -0.1298029975009523 0.1005449695236625 0.05804966521926154 0.05530301616417969 0.02446882594117561 -0.06349303498100767 0.6464465259261992 -0.5147318428241134 -0.277717076361276 -0.1835691595034504 0.1421920595266314 0.08209462384495524 6.418943667323208e-13 -4.905515452168107e-13 2.699950889391158e-13
0.01260278712179934 -0.05317243853589542 0.139136702242914 -0.0870248570038253 0.2008092928076685 0.1940722537888668 -0.1765014566151313 0.3242936463300158 0.7261768463998174 -0.1005449841834008 0.07788180985608001 0.04496508388593316 -0.05566622932811385 -0.01819949229900074 0.06199667550508122 -0.02875417556801609 0.007936372847585428 0.02450469831801187 -0.1421920802598222 0.1101415117619575 0.06359023146428867 -4.949963533020895e-13 3.777207518098914e-13 -2.078992916443193e-13
0.08044765485808568 -0.1546795095605207 0.2242258169202632 -0.320514777364171 0.1883444804993975 0.03358984940931541 -0.4912426097720282 -0.4310675349320462 -0.1427230145402138 0.05804962293962374 -0.04496504458063773 -0.0259605805923247 -0.002512305341152606 -0.01224872117350953 0.00619840197666861 0.5974002049885893 -0.4658203605578872 -0.2647212924311507 0.08209456405234222 -0.06359017587781583 -0.03671380516112745 -2.906741739494193e-13 2.23061052990951e-13 -1.229110988707592e-13
-0.03170197620824552 -0.05470976648384292 -0.07065201163796665 -0.07149133908638056 -0.05559366655123764 0.03135614280375357 4.638776249850577e-18 7.772174163595345e-19 -7.54931870601571e-19 -0.3021405965250813 -0.07581225125047877 -0.1481445475104767 2.131795581945481e-18 8.750944299549426e-19 -1.696539082982229e-18 1.197690228216358e-17 5.796374323981755e-18 1.418323662772169e-18 -0.1791395481160226 0.1414547689621887 0.07820476339598049 0.3032347988706701 -0.2358835497797593 -0.1349489416588036
-0.02447300556254838 -0.04242628345320058 -0.05478908994004936 -0.05469369340352111 -0.0423409214590643 0.02453846739216533 1.371436035288102e-18 -1.225019782097809e-18 -1.93438759149497e-18 0.08918457659902464 -0.04132709259125738 0.2597383926440108 -2.397260278986371e-19 -3.042094309591053e-20 4.520068942893645e-20 -3.4899081621374e-18 -1.560659167256867e-18 -3.581934944213197e-19 0.1380431538690582 -0.1094503979254402 -0.05994696522472686 -0.0014885229069754 0.0001643734830442693 0.001320667468151581
0.01421293586645565 0.02444367807087021 0.03158101148939251 0.03232740205221867 0.02523341516951785 -0.01391182060969296 9.029574662248767e-18 -4.241682715243996e-18 -1.004031535333384e-17 -0.136393193731934 -0.2666127011531393 -0.168355630104012 -1.049174340795185e-18 8.167860931076445e-19 1.266536683779568e-19 -1.149454801646476e-17 -3.765714546310671e-18 -6.337842955920359e-19 0.08164726478874682 -0.0635173602291997 -0.03632067286701954 0.272448686276314 -0.2111162194548012 -0.1217908707269277
0.01726718768469373 -0.00653657714152158 -0.05079747893880968 0.1379902082541629 -0.1293998216068918 -0.02321269165130615 1.10694068804278 -0.3961597650672232 0.5132821967064776 3.636085261462569e-12 -3.338105285476935e-13 -1.205229491132967e-12 -1.084287515446041 -1.323567544055562 -1.475372880165263 -0.4769956651919696 0.369479253502234 0.2133189464688646 3.163103182455634e-12 -2.775891183962009e-12 -9.321055407197139e-13 8.81530938983514e-13 -6.72419141621551e-13 3.722360046847429e-13
-0.02473274979894449 0.03659717722044305 -0.02651987270672466 -0.01148869552126494 0.01871287540110726 -0.01392267076557116 0.3596357356518242 0.1640343635899788 0.4629570818578667 -1.679705034982787e-12 -5.919570613302129e-13 4.491777851657488e-13 0.1239573149145381 0.6109732619075148 2.059174121683614 -0.3694796927478522 0.2861977393534987 0.165236341857572 -1.018357330885648e-12 9.657508311132614e-13 4.081423137209216e-14 -6.798252011712206e-13 5.154384329869633e-13 -2.828132998601749e-13
-0.009605130167230583 -0.006022720515705628 0.06330467575163561 -0.1421337385491332 0.1304498969603397 0.02964191826470964 -0.7003886078013952 0.3598879254521171 -0.1724041835120626 -6.802067886029247e-13 -5.457921193489455e-13 2.621581504341151e-13 -1.463074168189996 -1.618840186169587 -0.6860571446955488 0.2133176807247054 -0.1652351649806136 -0.0953985669808004 -2.643202636665652e-13 3.314546997551436e-13 -1.329293333850576e-13 -4.061593677881231e-13 3.094971770025539e-13 -1.699354115805285e-13
-0.0004920228319215398 0.000397879986029122 0.000396361049258079 0.2582398554653741 0.001309305457604092 0.2324941666534228 -0.1798871153385513 -0.1388882284950736 0.08084145844131171 -0.1835696405358755 0.1421924321329428 0.08209483896868344 -1.093220389163307e-19 4.735716128470942e-18 7.394437538394986e-18 -0.9327203406643229 -0.1751927074915227 -0.4567354988851607 -0.2596066752857893 0.201090465989224 0.1160996346703475 -3.324386287250701e-18 -5.912449740900716e-18 2.282659382251732e-18
0.000178171907972101 -0.0001751210245451684 -6.171302747978047e-05 0.201498761876388 -0.0004055705356798369 0.1798079124317218 -0.1423548107608404 -0.1101604317376653 0.06419638554978634 -0.1421925563346186 0.1101418805277256 0.06359044437173493 -1.872055371219427e-18 -1.919272579312861e-18 -4.143885103141515e-19 0.307759023474359 -0.147900336517798 0.7586967684320109 -0.2010906416369183 0.1557641412275868 0.08993046886783949 3.551683935776747e-19 1.405063262518429e-18 -4.736073578210759e-19
0.0004023225812463815 -0.0003124616450818111 -0.000359493252072681 -0.114939766744288 -0.001104631932000505 -0.1041057228709269 0.07856473432603943 0.06036795610105638 -0.03575201603598269 0.08209452830559043 -0.0635901481884598 -0.03671378917441607 -6.505317586299348e-18 -1.335220098121156e-17 -4.692278569850607e-18 -0.368380272970417 -0.8210366886906555 -0.5158306689300843 0.1160991953263881 -0.08993005000143495 -0.05192113857656575 3.568847650270603e-18 4.598000053850818e-18 -2.266284903666273e-18
-1.486726684406499e-05 7.245306589736412e-06 1.672458542850458e-05 -8.895621971543822e-05 -9.619185805568664e-05 -4.22837728180229e-05 1.568713428642519e-18 3.422724502097742e-19 -7.42179428359778e-19 0.3049428215515596 -0.0001776218376528232 0.2725106757468875 2.23171057808825e-19 3.890964719526782e-19 -1.755028898360317e-19 2.462681447650031e-18 1.287697581756696e-18 3.282466373744469e-19 -0.665906105532748 -0.1645837248666476 -0.3169620728427658 -0.2154832885793534 0.1669126376107655 0.09636705625572738
2.001804826481342e-06 -5.511056761716664e-07 -4.033428489289004e-06 1.563647263525567e-06 2.656354707366868e-06 4.958152684447286e-06 2.1735714927457e-18 -8.776619096921013e-19 -2.110762711376577e-18 0.2360724872327125 -2.351925072317543e-05 0.2111353086629332 1.009663149955259e-19 2.511899810192611e-19 -2.046169870064118e-19 -4.006466019276787e-19 -2.095313437283849e-19 -5.796515452321916e-20 0.1915652093893665 -0.1090533674881952 0.5557245652456326 -0.1669127449554457 0.1292900562964391 0.0746456488062921
1.311489938671788e-05 -6.444484716207087e-06 -1.451017677680912e-05 7.985547649456417e-05 8.622089301831136e-05 3.739197373050726e-05 4.017498236736685e-19 -1.268486764380344e-18 -5.516354735503285e-19 -0.1364693501840261 0.0001630651690531216 -0.121845307777873 3.480644256471085e-19 -3.262491141268352e-19 -3.974613574742172e-19 -2.28880099260458e-18 -1.020475794562465e-18 -2.01730804352624e-19 -0.2980747768329798 -0.5685014318383129 -0.3840068380149265 0.09636679598083078 -0.07464539919222365 -0.04309654131739811
-0.0447173240013829 -0.07744376074595123 -0.09998412449044813 -0.1000326354052367 -0.07749747166468163 0.04470188033842971 -1.161357651331092e-17 3.27815590507782e-18 1.109250561079464e-17 -0.1418396031451726 -0.109964558284952 0.06319616480058575 9.491114970121358e-21 -1.789042576173549e-18 5.51289794996259e-19 3.651189489487657e-19 1.00006800538071e-19 6.589504309900533e-20 -8.411789591937492e-18 3.603926954318745e-19 2.803325390707208e-18 -0.5975805271458381 -0.1549125338519156 -0.2792506792495443
-0.03463492159104137 -0.05999014228509859 -0.07744687950239265 -0.0774439912148014 -0.05998711189510138 0.03463613120899409 -4.552164131586012e-18 1.998416404892753e-18 3.9243726972704e-18 -0.1094983537826802 -0.08481086621559884 0.04898459716200799 -6.742823972968429e-19 -4.064565619840117e-19 8.024001219241368e-19 -5.980370235461116e-20 -1.782902248137152e-21 -1.397818177220096e-21 -4.785413439183502e-18 4.531836090967641e-18 2.241120042906391e-18 0.1638763643492392 -0.1024145284022412 0.4980190565126185
0.01999968991703706 0.03463253786166335 0.04471459560035563 0.04475789620141873 0.03468049748699419 -0.01998593533737956 1.484228122109374e-18 3.642324720113808e-19 -1.952662322224798e-18 0.06362916062041389 0.04937264159360975 -0.02824492889773768 -7.781887578763715e-19 5.639652869381004e-19 6.0195900842333e-19 -3.154325322367278e-19 -8.070288717277496e-20 -4.214913642630352e-20 2.216236079727806e-17 -1.236249561820732e-17 -8.669926861920554e-18 -0.2724653578293087 -0.5023367016373049 -0.3491222244392386
