# Created from matlab git hash 00e16b208fbf08652b67ace82ddc532522841f31
# name: foo
# type: matrix
# rows: 64
# columns: 64
0 0 0 0 0 0 0 0 0 0 0 0 0 0 0 0 0 0 0 0 0 0 0 0 0 0 0 0 0 0 0 0 0 0 0 0 0 0 0 0 0 0 0 0 0 0 0 0 0 0 0 0 0 0 0 0 0 0 0 0 0 0 0 0
-0.4618802153516953 -3.008661028647275e-18 0.2065591117977266 -1.377118738791352e-17 2.102426248791852e-15 -3.304048501298518e-15 4.906049452968627e-15 -3.000102883656917e-15 -2.782840486186663e-15 -5.06394049255506e-15 4.209198094240474e-15 2.454771137392886e-16 1.411129931652243e-15 -1.862934976888014e-15 1.424049578615822e-15 -1.875763828065953e-15 -1.44845344485916e-15 -2.308576435350061e-15 1.94035258238405e-15 3.010703719231243e-16 -4.704705592120644e-15 -6.295657005979611e-15 4.822737939254654e-15 9.835774269175429e-16 -8.45420196522722e-16 -3.189599120711781e-15 2.3779365791992e-15 -4.541848614302781e-16 4.682601420329114e-16 -8.177432339076453e-16 5.482437691762404e-16 -7.851230500692082e-16 -9.46962014143649e-16 -6.967149572899944e-16 3.810157484657184e-16 3.167629757480817e-16 -2.786914114163692e-15 -2.766975645324538e-15 1.850868633704317e-15 8.908875071623853e-16 -1.216821655479922e-15 -1.829397115907406e-15 9.838863664762831e-16 2.802317843066598e-16 -7.870088449152399e-15 -7.450819699943607e-15 5.292017908956059e-15 2.806806822391546e-15 -1.275700122680564e-15 -1.913068373688766e-15 9.12762703961234e-16 2.752251581438744e-16 -2.571026401094674e-15 -2.978212109842605e-15 1.855964383914999e-15 7.902735455557305e-16 -8.439246965425266e-16 -1.147190093933727e-15 4.819278656698067e-16 -1.983907598443529e-17 -8.24145211467309e-17 6.453863535465092e-17 -1.459065073622368e-16 -5.131614095020908e-17
1.040834085586084e-17 -0.6196773353931783 2.306978935141812e-17 0.4056740422696834 -1.136828064800618e-17 -2.221025862327863e-14 -2.344756604589354e-17 8.494063714160199e-16 -1.993942080555784e-15 1.375441772374466e-15 -5.121604197330914e-15 3.041348225296443e-15 2.134329241824373e-15 -5.176030643463874e-15 5.071714803770583e-15 -2.643850856803491e-15 2.754867511276784e-15 4.657096199496102e-15 -4.47149370481903e-15 -2.157926282715677e-16 -9.048840270023482e-16 1.369218171324736e-15 -1.055470814914639e-15 1.370906837384206e-15 -2.965762621517107e-15 -4.544820711788124e-15 3.562552813515807e-15 6.506501319086241e-16 1.301398572578689e-15 -2.08976178274142e-15 1.815225487283856e-15 -1.706102629735778e-15 1.712382134960028e-15 2.13954423839216e-15 -1.651673589564417e-15 -4.458328271719856e-16 4.911446005754702e-15 5.692224035874771e-15 -3.859109212744904e-15 -1.275328380769859e-15 8.856305445947843e-16 1.983463171267505e-15 -1.039749883413599e-15 1.512161333921003e-16 -1.668214448958399e-16 7.999345272551722e-16 9.10594299616263e-17 2.780987042754791e-16 -1.638785136238996e-15 -1.477205131220766e-15 9.57458938521949e-16 5.854708672080669e-16 -5.132240390049586e-15 -5.481722795954921e-15 3.761639437438458e-15 1.552563111439139e-15 -1.4376148112661e-15 -2.796069311413601e-15 1.684199654738983e-15 4.718651142564256e-17 4.631948850083306e-16 -6.241684144363269e-16 1.984089975648473e-16 -5.118399871691451e-16
1.054711873393899e-15 -5.095750210681871e-17 -0.8113480845393632 5.982966930349507e-17 0.2999999999999977 -3.611610738359289e-15 -0.5237229365663886 -3.145215789346012e-15 0.01325825214724383 5.271488358178567e-15 -0.02314550249430623 -1.722719363098627e-15 0.01325825214724841 -1.351211182602351e-14 -0.02314550249430901 -8.36922894344771e-16 0.0005859374999987953 -3.361335054697864e-15 -0.001022896360475404 -1.323978565128357e-15 0.0005859374999923934 -3.513364763235802e-15 -0.001022896360479272 3.598524449901125e-15 0.0005859374999955466 -7.051074947441588e-16 -0.00102289636048143 3.029420217997702e-15 0.0005859375000016073 -4.151521926796034e-15 -0.001022896360477155 -2.166465274796507e-15 2.589502372248462e-05 -3.112771542260195e-15 -4.520605955643259e-05 6.493252929697796e-16 2.58950237214632e-05 -4.426458657079413e-15 -4.520605955616371e-05 8.671991076625307e-16 2.589502372718071e-05 2.079811474951787e-15 -4.520605956062564e-05 -1.200041551319055e-15 2.589502371497293e-05 -6.359040559205352e-15 -4.520605955368804e-05 4.486915421931452e-15 2.58950237259717e-05 3.178901098518233e-15 -4.520605956105411e-05 3.137587913548852e-16 2.58950237205811e-05 -2.834605922381883e-15 -4.520605955635524e-05 1.82808852962086e-15 2.589502372239537e-05 -3.270414538139588e-15 -4.520605955684633e-05 8.240749662519198e-16 2.589502372563288e-05 -9.663765013906422e-16 -4.52060595585663e-05 -8.430925499836733e-16
2.567390744445674e-16 -1.054061352090407e-15 -1.834266787938132e-16 -0.4999999999999913 -2.032774253083098e-16 1.645233615871649 -2.845217551145085e-16 3.263093283646256 -0.1060660171779892 -4.8313816563715e-14 0.185164019954544 1.68764226133442e-15 0.1060660171779896 -5.657930212939286e-14 -0.1851640199545441 -5.188311218300742e-15 -0.004687499999995598 -1.56709904384697e-15 0.008183170883842359 1.192857864893392e-15 -0.004687500000006442 1.633316691531522e-16 0.00818317088385952 -9.094228530502103e-16 0.00468750000000138 -1.270191295351351e-14 -0.008183170883856459 -6.237997009943871e-15 0.004687500000000618 -9.591353861311547e-15 -0.008183170883845584 -4.781500987250525e-16 -0.0002071601897990401 2.209604027525458e-15 0.0003616484764700778 2.445689050584177e-16 -0.0002071601897931325 4.979198477139679e-15 0.0003616484764696155 -2.995433762142952e-15 -0.0002071601897951994 2.891892454670586e-15 0.0003616484764719357 -3.409690471590718e-15 -0.0002071601898056749 3.359563061772208e-15 0.000361648476475426 2.232277405457561e-15 0.0002071601898006236 -1.059804913099149e-14 -0.0003616484764724318 -4.091951793681534e-15 0.0002071601897934109 -5.658830608962218e-15 -0.0003616484764707838 3.176685260328216e-15 0.0002071601897978042 -1.307981500886513e-15 -0.0003616484764725972 1.824495415858607e-15 0.0002071601898015364 -2.070392468578319e-15 -0.0003616484764716495 -9.761885310516361e-16
1.970645868709653e-15 -3.27754316742368e-15 4.426724286611672e-14 -3.404683289262583e-15 -2.005832764555794 3.555555555555764 0.2065591117976456 3.180185567999763 4.566769311498576 3.771236166328034 -3.103761159195982 -1.686548085423196 0.1045825033167659 -5.471739835045172e-14 -0.182574185835088 -5.680408561535284e-15 0.0046219373305421 1.891600754071882e-15 -0.008068715304592085 -8.903790112970919e-16 6.315107039303603 5.333333333332973 -4.139250951259209 -2.385139175999865 0.004621937330548848 -1.356130919366594e-14 -0.00806871530460504 -6.946003051433534e-15 0.004621937330546871 -8.991708744764126e-15 -0.008068715304595193 -1.533197397166064e-16 0.0002042627017889928 -1.951130229604914e-15 -0.0003565902067060537 -3.773023560249555e-16 0.0002042627017832024 -4.562973263122494e-15 -0.0003565902067048385 2.947152884149457e-15 0.0002042627017839941 -3.877757490111655e-15 -0.0003565902067066886 3.690559820636666e-15 8.924577879065502 7.542472332656048 -5.842730536928535 -3.373096170846418 0.0002042627017892257 -1.179903342998084e-14 -0.0003565902067077416 -4.260404624033785e-15 0.0002042627017836102 -5.434617599692215e-15 -0.0003565902067063798 2.876523888875604e-15 0.0002042627017879027 -9.008635851182056e-16 -0.0003565902067083031 1.677247208307919e-15 0.0002042627017912318 -1.898221163587621e-15 -0.0003565902067072038 -8.865250113870848e-16
1.07552855510562e-16 -1.110613337407251e-14 7.744591643335519e-17 0.8728715609439636 -1.176592886777308e-16 -0.0688530372658599 -9.40138808816493e-17 2.155441004974563 -2.545144059360751e-15 6.617790172229346e-15 8.253827851224804e-15 -1.826050383061309e-15 2.772839115197797e-15 4.933047887008529e-15 -8.408963629580324e-15 -3.1916821771827e-15 2.050148381138941e-15 -3.914740642654672e-16 2.986597514437195e-15 -2.315611047907281e-15 -4.906905909157419e-15 4.46352820698305e-15 -2.543484086542369e-15 3.230267611659457e-15 4.091484231494649e-15 -6.836234357732954e-15 2.948162547422584e-15 -5.836942579528484e-15 -9.915918251974555e-16 2.320547555923879e-15 -3.637498288688867e-15 1.48543479745717e-15 -1.749184022452333e-15 -2.407931709927369e-15 2.125903619809577e-15 4.074889161992043e-16 2.070568651431348e-15 5.52495874571457e-16 -2.849283309291906e-16 -1.291535509182623e-15 5.706305111589927e-15 6.625369740678733e-15 -4.005693346464945e-15 -1.997930494006608e-15 -3.846722202924258e-15 3.167022308465939e-15 -1.991679390855872e-16 3.23184573991931e-15 -3.316831943649123e-15 -9.645672390153071e-15 4.560527031970824e-15 -1.319036127881128e-15 -5.544474384819309e-16 -2.66883141020885e-15 5.952269926945419e-16 -9.024238198070481e-16 1.839958849343681e-15 2.316126890972159e-15 -1.986692060862438e-15 -7.107555104364505e-16 -5.459771090093879e-16 8.259452149994573e-16 -5.950101522600448e-16 6.936251161111795e-16
2.432082313319484e-15 -3.002372656046859e-15 -1.149051014927294e-15 -2.995396166784111e-15 -3.086709862908621 3.180185567999763 -2.309401076758467 2.844444444444389 3.979408533225115 3.37309617084589 -2.592376644445435 -1.508494466531295 -0.01169267933366651 7.680018086601587e-15 0.02041241452319295 -3.247396656025969e-15 -0.0005167483029447776 -2.04156963144915e-15 0.000902109795607744 2.02776998243072e-15 5.643752715301414 4.77027835199904 -3.694139613017869 -2.133333333333334 -0.0005167483029405131 -6.426460146642058e-15 0.0009021097956137196 -3.562998882241655e-15 -0.000516748302942613 2.027117555303097e-15 0.0009021097956063031 4.362848600322983e-16 -2.283726432275314e-05 1.250491680690469e-15 3.986799711423001e-05 5.268544931921748e-18 -2.283726432663798e-05 -2.410913265901704e-15 3.98679971173176e-05 1.302741755074797e-15 -2.283726432795648e-05 -5.685197050544349e-15 3.986799711908138e-05 1.09224898548442e-15 7.982179587853319 6.74619234169187 -5.225538249940174 -3.016988933062615 -2.283726432737996e-05 -6.947879229411702e-15 3.98679971189335e-05 7.666283447361859e-17 -2.283726432563698e-05 -3.998483402017916e-15 3.98679971176202e-05 -2.395629403401447e-16 -2.283726432245624e-05 9.126542837439855e-16 3.986799711453663e-05 -6.531674344185251e-16 -2.283726432392727e-05 6.466994908332913e-16 3.986799711498158e-05 4.794104837505669e-16
1.221245327087672e-15 -1.262878690511116e-15 5.672545766444159e-16 -0.02209708691207898 0.1767766952966379 -0.1743041721945979 3.95516952522712e-16 0.01948779888944807 1.599999999999965 3.97785935892235 1.609823385706477e-15 4.453681373625302 0 0 0 0 -0.05303300858900589 -7.313415281359759e-14 0.09258200997730172 2.867585997216177e-15 4.012830983233606 3.346640106135951 -2.684878289340412 -1.496662954709582 0 0 0 0 0 0 0 0 -0.002343749999992845 2.42861286636753e-17 0.004091585441915447 -5.658451138201848e-16 -0.002343750000007054 -4.57446580615084e-15 0.004091585441943102 -9.989838817281438e-16 0.002343749999990097 -2.112893193739751e-14 -0.004091585441928058 -4.023474262093707e-15 5.602343749999923 4.73286382647921 -3.670152141406497 -2.116601048851673 0 0 0 0 0 0 0 0 0 0 0 0 0 0 0 0
2.831068712794149e-15 -3.712308238590367e-15 6.129645402364048e-15 -1.994812735134355e-14 6.981524733329358e-14 -6.624171697278136e-14 -1.365574320288943e-14 1.67843169918136e-14 -1.791727020024846 6.533333333333472 0.1032795558988232 4.770278351999737 0 0 0 0 6.745571463931149 5.656854249492086 -4.473067552958939 -2.529822128134807 3.39893135779435 2.828427124745648 -2.282177322938024 -1.264911064067249 0 0 0 0 0 0 0 0 0.00231096866526603 1.35308431126191e-16 -0.004034357652290696 6.814210654071395e-16 9.468038621624938 7.999999999999541 -6.200807711584254 -3.577708763999823 0.002310968665264324 -2.105130306184755e-14 -0.004034357652301368 -5.675581532527119e-15 4.735174795144489 3.999999999999244 -3.102421034617882 -1.788854381999675 0 0 0 0 0 0 0 0 0 0 0 0 0 0 0 0
-6.38378239159465e-16 -2.588207426157396e-15 8.930356454328603e-15 0.03857583749051306 -0.308606699924211 0.3042903097251172 -1.044303532538038e-14 -0.03402069087198861 -1.833030277982271 -1.583619857115712 0.7999999999999664 3.849001794597441 0 0 0 0 -3.741879852844909e-15 1.457757254751807e-15 1.258628617994972e-14 -2.945690058249548e-15 -2.592296279363052 -2.190890230020401 1.697056274847635 0.9797958971132446 0 0 0 0 0 0 0 0 1.727134060769409e-15 1.751528609650332e-16 2.3037127760972e-15 -1.733422433369824e-15 -4.042989901198446e-15 2.665782091598734e-15 1.821459649775647e-15 1.831332665808844e-15 2.119615247209161e-15 -8.824972003163012e-15 2.784231178942775e-15 -5.749978130350358e-15 -3.66606055596457 -3.098386676965571 2.399999999999889 1.385640646055087 0 0 0 0 0 0 0 0 0 0 0 0 0 0 0 0
1.443289932012704e-15 -3.736594367254042e-15 3.560953615311391e-15 2.296340201324298e-16 6.504779354044032e-15 -7.32096674949112e-15 5.577135975265435e-15 -4.79851618509497e-15 -5.423790187682325 3.875851160999772 -3.233161507461857 4.666666666666596 0 0 0 0 5.98080547917137 5.059644256268867 -3.908977381191366 -2.262741699796952 -1.502509294376406 -1.264911064067245 0.9900021043748684 0.5656854249492382 0 0 0 0 0 0 0 0 -0.0002583741514730364 -2.079066085958203e-15 0.000451054897803305 1.535121856022226e-15 8.466145821255131 7.155417527998626 -5.542111529322444 -3.200000000000019 -0.00025837415147179 -8.171170988099941e-15 0.0004510548978093748 -3.094009762478513e-15 -2.116859423003152 -1.788854381999682 1.386091700952889 0.8000000000000149 0 0 0 0 0 0 0 0 0 0 0 0 0 0 0 0
-8.465450562766819e-16 3.051595434677701e-15 -6.343666911212686e-16 -0.02209708691207486 -0.1767766952966378 -4.636490980376408 -9.23198149871407e-17 -3.971613413669334 -2.79999999999993 -2.366431913239581 1.833030277982265 1.058300524425829 1.199999999999964 1.61142744568277 -1.833030277982267 5.511981898051136 0 0 0 0 -3.95979797464458 -3.346640106135938 2.592296279363051 1.496662954709571 -0.05303300858902568 3.980680802345704e-14 0.09258200997736243 1.246488941794924e-14 0.053033008589006 -8.526079148252208e-14 -0.09258200997730189 -8.191635304105604e-15 0 0 0 0 0 0 0 0 0 0 0 0 -5.599999999999913 -4.732863826479209 3.666060555964552 2.116601048851674 -0.00234374999999259 2.737870694047295e-14 0.004091585441935303 5.948637849667593e-15 -0.002343750000007182 3.772156198511567e-15 0.004091585441938286 -1.749143364870864e-15 0.002343749999999449 -1.935777926842519e-14 -0.004091585441937787 -5.535936292710986e-15 0.002343750000000651 -9.204442763532938e-15 -0.004091585441920675 -4.757479132866393e-16
2.442490654175344e-15 -3.571795637036246e-15 -1.706263168949063e-17 1.218305233376105e-14 6.173401006836837e-14 3.771236166328044 -1.58193770583015e-14 3.373096170845882 2.36643191323958 1.9999999999996 -1.549193338482771 -0.8944271909998317 -4.158158933264427 6.133333333333471 1.652472894381596 3.875851160999756 0 0 0 0 3.346640106135937 2.828427124745635 -2.190890230020394 -1.264911064067237 6.745571463931169 5.656854249491975 -4.473067552958996 -2.529822128134818 0.05229125165839411 -8.405591760823894e-14 -0.09128709291757472 -8.941632156922452e-15 0 0 0 0 0 0 0 0 0 0 0 0 4.732863826479207 3.999999999999242 -3.098386676965561 -1.788854381999677 0.002310968665265168 -2.550368770337652e-14 -0.004034357652309417 -4.888613385628515e-15 9.468038621624938 7.999999999999531 -6.20080771158425 -3.577708763999824 0.002310968665273514 -2.021126321860578e-14 -0.004034357652312401 -6.614392193682317e-15 0.002310968665273739 -8.753414659778969e-15 -0.004034357652295872 -2.55871712706579e-16
4.579669976578771e-16 -5.395423691156864e-15 -8.903312386388668e-15 0.03857583749051014 0.3086066999242107 3.225477283086012 1.043555433039023e-14 2.578768368096642 1.833030277982265 1.549193338482771 -1.199999999999937 -0.6928203230275367 5.365822430749168e-15 -0.03442651863294085 0.3999999999999702 3.156181471569904 0 0 0 0 2.592296279363052 2.190890230020396 -1.697056274847629 -0.9797958971132541 -8.605041592474327e-16 -1.744454190474864e-15 -5.518589057951218e-15 -5.958735752948285e-15 3.798082182961127e-15 -1.728624838756576e-16 -1.254725490174025e-14 -4.413423667054116e-15 0 0 0 0 0 0 0 0 0 0 0 0 3.666060555964565 3.098386676965574 -2.399999999999888 -1.385640646055084 7.340157127944114e-15 -4.890998630407983e-15 -2.119832087643658e-15 -8.274109208113861e-15 -4.356974850350248e-15 4.550938619007905e-15 -1.10848830114918e-15 3.667686542929011e-15 2.924310099627903e-15 -6.496593627641767e-15 -1.030425744730223e-15 -5.080422302468357e-15 -6.085626794161136e-16 1.335737076502141e-15 -2.935152121352758e-15 8.897301840594951e-16
1.249000902703301e-15 2.092835453548769e-15 -1.992973657199276e-15 -2.47923536694371e-15 -5.261025396932498e-16 -1.686548085423195 4.170763127225863e-15 -1.508494466531294 -1.058300524425829 -0.8944271909998318 0.6928203230275368 0.4000000000000047 -4.365489663256496 4.770278351999723 -3.925981830489395 4.2666666666666 0 0 0 0 -1.496662954709572 -1.264911064067237 0.979795897113254 0.5656854249492463 5.980805479171368 5.05964425626888 -3.908977381191346 -2.262741699796951 -0.00584633966683206 7.264344291033065e-15 0.01020620726159448 -3.793166003735263e-15 0 0 0 0 0 0 0 0 0 0 0 0 -2.116601048851679 -1.788854381999682 1.385640646055082 0.8000000000000153 -0.0002583741514774828 5.920557013400218e-16 0.0004510548978100201 5.587341028213955e-15 8.466145821255129 7.155417527998625 -5.542111529322443 -3.200000000000019 -0.0002583741514703106 -4.610027637408365e-15 0.000451054897806508 -2.837424848030345e-15 -0.0002583741514712462 1.394067153381862e-15 0.0004510548978021132 1.355252715606881e-16
1.915134717478395e-15 -2.203098814490545e-15 9.566999970012091e-16 -0.0009765624999997107 0.007812500000000649 -0.007703228884244804 6.522560269672795e-16 0.0008612471715703537 0.08838834764831709 -0.08715208609729642 -4.302114220422482e-15 0.009743899444728449 0 0 0 0 2.399999999999968 5.144172230447728 -5.551115123125783e-15 5.048975418614838 0 0 0 0 0 0 0 0 0 0 0 0 -0.02651650429451204 -8.26561041833429e-14 0.04629100498867966 3.838943052336674e-15 5.966213466261467 5.019960159204002 -3.93473542403337 -2.244994432064389 0 0 0 0 0 0 0 0 0 0 0 0 0 0 0 0 0 0 0 0 0 0 0 0
3.889250033140002e-15 -5.082739784612045e-15 3.501539336259185e-15 -3.333216948980811e-15 1.242452321581489e-14 -1.195007634513523e-14 -7.233796894823286e-16 1.770285307234332e-15 9.882372697944675e-14 -9.593714711542134e-14 -8.978928711655954e-15 1.911144853483648e-14 0 0 0 0 -1.684674147759378 8.022222222222371 0.0516397779493965 5.565324743999744 0 0 0 0 0 0 0 0 0 0 0 0 7.834972540147493 6.599663291074163 -5.157720749840442 -2.951459149490632 5.046105785033187 4.24264068711854 -3.331978891489514 -1.897366596100887 0 0 0 0 0 0 0 0 0 0 0 0 0 0 0 0 0 0 0 0 0 0 0 0
-3.33066907387547e-16 -6.175615574477433e-16 3.160666173229743e-15 0.001704827267461674 -0.01363861813974196 0.01344785884099141 -5.943162628696541e-15 -0.001503516326010792 -0.1543033499621312 0.1521451548625855 -1.412758798835512e-14 -0.01701034543599246 0 0 0 0 -2.749545416973423 -2.341003267040656 1.199999999999958 4.695782189408893 0 0 0 0 0 0 0 0 0 0 0 0 -3.92524554526652e-15 -2.337539883878748e-16 1.62231339473351e-14 -2.576931723563547e-15 -3.888444419044614 -3.286335345030632 2.545584412271472 1.469693845669883 0 0 0 0 0 0 0 0 0 0 0 0 0 0 0 0 0 0 0 0 0 0 0 0
7.494005416219807e-16 -2.196159920586638e-15 3.611694276983712e-15 -3.532276467849149e-15 -3.801212816734179e-16 1.121281886784509e-15 -2.076464000744238e-15 2.340250389309961e-16 1.289246487345963e-14 -1.417962969263442e-14 9.124645483638005e-15 -7.217533862236003e-15 0 0 0 0 -6.592330350069209 4.223683957499787 -3.695041722813562 5.577777777777717 0 0 0 0 0 0 0 0 0 0 0 0 6.981503952144544 5.902918298980399 -4.567277749564349 -2.639865316429793 -2.247917601897798 -1.897366596100887 1.474796949300713 0.8485281374238687 0 0 0 0 0 0 0 0 0 0 0 0 0 0 0 0 0 0 0 0 0 0 0 0
4.085273785925381e-16 2.577799085301535e-15 -5.061923102900323e-15 -0.0009765624999975492 0.007812499999992996 -0.007703228884236289 -4.65599780952175e-15 0.0008612471715758904 -0.08838834764831735 -6.780432298370052 0 -5.976907919393477 0 0 0 0 -4.199999999999923 -3.549647869859395 2.749545416973414 1.587450786638754 4.999999999999911 7.905009462561418 -2.749545416973415 12.28069566885795 0 0 0 0 0 0 0 0 0 0 0 0 -5.939696961966928 -5.019960159203958 3.888444419044601 2.244994432064374 -0.02651650429455659 -1.171632235674736e-14 0.04629100498882521 2.311692504086693e-14 7.946112453583804 6.693280212271922 -5.230883563714992 -2.993325909419194 0 0 0 0 0 0 0 0 0 0 0 0 0 0 0 0
9.159339953157541e-15 -6.75848266240564e-15 -2.734791559877436e-15 4.882379223136724e-15 7.947635605187742e-15 -7.830541770559307e-15 1.294103713078698e-15 4.523074623175027e-15 -4.554689958524705e-14 5.656854249491966 -1.19071419391048e-14 5.059644256268867 0 0 0 0 3.549647869859395 2.999999999999421 -2.323790007724171 -1.341640786499756 -6.811943293112671 16.93333333333359 2.375429785673552 10.58405509349949 0 0 0 0 0 0 0 0 0 0 0 0 5.019960159203955 4.242640687118497 -3.286335345030613 -1.89736659610087 16.75934615651129 14.14213562373019 -11.00009469656244 -6.324555320337084 6.7194258381012 5.656854249491309 -4.427424006499806 -2.529822128134521 0 0 0 0 0 0 0 0 0 0 0 0 0 0 0 0
1.665334536937735e-16 -3.708838791638414e-15 4.718447854656915e-15 0.00170482726747047 -0.01363861813975263 0.01344785884099947 8.215650382226158e-15 -0.001503516326023831 0.1543033499621849 4.533925614904001 -8.715250743307479e-15 3.902173243016944 0 0 0 0 2.749545416973414 2.323790007724171 -1.799999999999915 -1.039230484541311 -3.666060555964554 -3.11559993628207 2.1999999999999 9.199114289087913 0 0 0 0 0 0 0 0 0 0 0 0 3.888444419044613 3.286335345030625 -2.545584412271459 -1.469693845669892 -4.553215443570124e-15 -8.084245078920915e-15 7.112366251504909e-15 -9.48240509550391e-15 -5.184592558726149 -4.381780460040845 3.394112549695282 1.959591794226507 0 0 0 0 0 0 0 0 0 0 0 0 0 0 0 0
7.494005416219807e-16 -9.298117831235686e-16 -1.573394192710964e-15 4.443656814040464e-15 1.152897222134186e-14 -1.277710576230717e-14 7.716050021144838e-15 -3.964466558856183e-15 -1.463065779638839e-14 -2.529822128134819 1.440514374451141e-14 -2.262741699796946 0 0 0 0 -1.587450786638754 -1.341640786499756 1.039230484541311 0.6000000000000106 -12.76575007588651 10.13684149799951 -8.891194145520128 11.46666666666654 0 0 0 0 0 0 0 0 0 0 0 0 -2.244994432064378 -1.897366596100874 1.46969384566989 0.8485281374238756 14.96370637726221 12.6491106406723 -9.792855867501634 -5.656854249492413 -2.99624907925259 -2.52982212813451 1.964694897857346 1.13137084989849 0 0 0 0 0 0 0 0 0 0 0 0 0 0 0 0
-4.198030811863873e-16 6.179085021429387e-15 7.37257477290143e-16 -0.000976562499994277 -0.007812499999998185 -6.318188330857293 2.768618667658984e-15 -5.643408216432781 -3.959797974644581 -3.346640106135938 2.592296279363052 1.496662954709572 4.048186322292897 -3.433792192233233 -2.592296279363052 1.506406854154296 0 0 0 0 -5.599999999999897 -4.732863826479193 3.666060555964552 2.116601048851672 4.799999999999909 6.721793505941619 -3.666060555964552 12.80984593107086 0 0 0 0 0 0 0 0 0 0 0 0 0 0 0 0 -7.919595949289237 -6.693280212271944 5.184592558726135 2.993325909419165 -0.02651650429456868 4.669528652634369e-14 0.04629100498885586 2.856048730848215e-14 5.966213466261484 5.019960159203893 -3.934735424033428 -2.2449944320644 0 0 0 0 0 0 0 0
8.56259507742152e-15 -2.664535259100376e-15 -8.431623454985271e-15 -9.215122154931921e-15 -4.501607420159814e-15 5.33333333333297 -9.034439862887211e-15 4.77027835199903 3.346640106135937 2.828427124745635 -2.190890230020396 -1.264911064067237 -3.346640106135955 2.828427124745654 2.190890230020387 -1.264911064067232 0 0 0 0 4.732863826479193 3.999999999999228 -3.098386676965561 -1.788854381999675 -7.995159249732466 16.73333333333359 3.150026454914944 10.13684149799951 0 0 0 0 0 0 0 0 0 0 0 0 0 0 0 0 6.69328021227194 5.656854249491328 -4.381780460040817 -2.529822128134493 16.75934615651131 14.14213562373013 -11.00009469656247 -6.324555320337084 5.046105785033204 4.242640687118431 -3.331978891489574 -1.897366596100896 0 0 0 0 0 0 0 0
3.885780586188048e-16 -5.773159728050814e-15 -2.338407245616736e-15 0.001704827267467736 0.01363861813975608 4.144630094795605 -7.153999614928352e-15 3.693538206487458 2.592296279363051 2.190890230020394 -1.697056274847629 -0.9797958971132538 -2.746599629325235 2.34303538488303 1.697056274847637 -0.9968062425492686 0 0 0 0 3.666060555964552 3.098386676965561 -2.399999999999887 -1.385640646055081 -2.749545416973411 -2.34100326704068 1.999999999999901 8.852704127574144 0 0 0 0 0 0 0 0 0 0 0 0 0 0 0 0 5.18459255872615 4.381780460040832 -3.39411254969528 -1.959591794226523 -1.255939796607208e-15 -8.569967652194421e-15 -2.310651670001107e-15 -1.102254138657388e-14 -3.88844441904461 -3.286335345030635 2.545584412271452 1.469693845669878 0 0 0 0 0 0 0 0
1.595945597898663e-15 1.946359740045978e-15 -2.830635031925155e-15 1.189125837727789e-15 6.839580984907556e-15 -2.38513917599986 -6.505213034913027e-16 -2.133333333333334 -1.496662954709571 -1.264911064067237 0.9797958971132541 0.5656854249492463 1.49666295470958 -1.264911064067249 -0.979795897113236 0.5656854249492335 0 0 0 0 -2.116601048851671 -1.788854381999675 1.385640646055081 0.8000000000000139 -12.23659981367359 10.58405509349949 -9.237604307033898 11.26666666666654 0 0 0 0 0 0 0 0 0 0 0 0 0 0 0 0 -2.993325909419171 -2.529822128134499 1.95959179422652 1.131370849898501 14.9637063772622 12.6491106406723 -9.792855867501624 -5.656854249492412 -2.247917601897796 -1.897366596100878 1.474796949300707 0.8485281374238658 0 0 0 0 0 0 0 0
-2.01574867908505e-15 -3.209238430557093e-16 3.082278356159041e-15 -0.0009765624999969201 -0.007812499999995477 -0.007703228884239913 2.916503843986007e-16 0.0008612471715723875 0 0 0 0 -0.08838834764831707 -6.78043229837005 4.219714855313583e-15 -5.976907919393474 0 0 0 0 0 0 0 0 -4.199999999999923 -3.549647869859395 2.749545416973414 1.587450786638754 1.799999999999955 1.594524360588333 -2.749545416973408 6.636426205253592 0 0 0 0 0 0 0 0 0 0 0 0 0 0 0 0 0 0 0 0 -5.939696961966928 -5.019960159203958 3.888444419044601 2.244994432064374 -0.02651650429454035 8.415490526658687e-14 0.0462910049887677 2.000483112496454e-14 0.02651650429451208 -9.790779298413099e-14 -0.04629100498867927 -1.119764003743029e-14
3.677613769070831e-15 1.798908244587949e-15 -3.341483990546013e-15 -4.637740861376631e-15 4.413854806824269e-15 4.89387176616507e-15 2.215241878822383e-15 -1.619440597789602e-15 0 0 0 0 8.620274632997749e-14 5.656854249492097 -1.123840603911574e-14 5.059644256268855 0 0 0 0 0 0 0 0 3.549647869859395 2.999999999999421 -2.323790007724171 -1.341640786499756 -5.234322017618773 7.422222222222361 2.375429785673568 4.223683957499767 0 0 0 0 0 0 0 0 0 0 0 0 0 0 0 0 0 0 0 0 5.019960159203955 4.242640687118497 -3.286335345030613 -1.89736659610087 7.834972540147519 6.599663291074001 -5.157720749840524 -2.951459149490648 0.02614562582920582 -9.60898027813073e-14 -0.04564354645881734 -1.106406632978008e-14
8.187894806610529e-16 -1.441446788319478e-15 -5.707484181452505e-15 0.001704827267459416 0.01363861813973831 0.01344785884098802 5.657800616898356e-15 -0.001503516326011923 0 0 0 0 0.154303349962131 4.533925614903951 1.377370439925585e-14 3.902173243016967 0 0 0 0 0 0 0 0 2.749545416973414 2.323790007724171 -1.799999999999915 -1.039230484541311 9.069324067786932e-15 -0.01721325931648387 0.5999999999999578 3.656551704867584 0 0 0 0 0 0 0 0 0 0 0 0 0 0 0 0 0 0 0 0 3.888444419044613 3.286335345030625 -2.545584412271459 -1.469693845669892 4.709774237277031e-16 -3.592178637878973e-15 -1.099120794378905e-14 -7.031701609871988e-15 3.641618256944312e-15 -1.921639930513308e-15 -1.54598556179053e-14 -3.616898447411643e-15
6.730727086790012e-16 1.607221300492512e-15 2.06938958156877e-15 3.130735417005565e-16 -1.848424096618541e-15 -1.810788728706138e-15 1.386586158391712e-15 2.056126316164189e-15 0 0 0 0 1.355754159111655e-15 -2.529822128134804 7.354793857272668e-15 -2.262741699796949 0 0 0 0 0 0 0 0 -1.587450786638754 -1.341640786499756 1.039230484541311 0.6000000000000106 -5.004879563430452 5.565324743999725 -4.734272207354874 4.977777777777719 0 0 0 0 0 0 0 0 0 0 0 0 0 0 0 0 0 0 0 0 -2.244994432064378 -1.897366596100874 1.46969384566989 0.8485281374238756 6.981503952144539 5.902918298980418 -4.567277749564321 -2.639865316429792 -0.00292316983341585 8.439429710627167e-15 0.005103103630793845 -2.434901238967946e-15
3.663735981263017e-15 -4.753142324176451e-15 3.171508194954598e-15 -4.315837287493932e-05 0.0003452669829974897 -0.0003404378363140292 1.436351038108796e-15 3.806210720441007e-05 0.003906250000000219 -0.003851614442123372 5.190292640122607e-15 0.0004306235857834437 0 0 0 0 0.0441941738241477 -0.04357604304863505 -1.720845688168993e-14 0.004871949722380448 0 0 0 0 0 0 0 0 0 0 0 0 2.800000000000004 5.727328666210468 -1.643130076445232e-14 5.346622441109619 0 0 0 0 0 0 0 0 0 0 0 0 0 0 0 0 0 0 0 0 0 0 0 0 0 0 0 0
7.66053886991358e-15 -1.097733015598124e-14 9.53490758570652e-15 -4.759105436125122e-15 -1.725182496858935e-15 2.233022794451145e-15 -1.111957748101133e-15 -7.681301341516678e-16 6.855627177060342e-15 -7.598088824778415e-15 5.759281940243e-15 -2.220446049250313e-15 0 0 0 0 1.038613639536834e-13 -1.003086502748829e-13 -1.160183060733289e-14 2.912253771469864e-14 0 0 0 0 0 0 0 0 0 0 0 0 -1.631147711626653 8.766666666666909 0.02581988897466259 5.962847939999778 0 0 0 0 0 0 0 0 0 0 0 0 0 0 0 0 0 0 0 0 0 0 0 0 0 0 0 0
-9.992007221626409e-16 1.193489751472043e-15 2.476317761956892e-16 7.534343259617276e-05 -0.0006027474607837972 0.0005943170111766508 -2.336672522140759e-15 -6.644666185731186e-05 -0.006819309069866854 0.006723929420492467 -7.119305145408816e-15 -0.0007517581630029752 0 0 0 0 -0.07715167498108627 0.0760725774313144 -1.254552017826427e-14 -0.008505172717997812 0 0 0 0 0 0 0 0 0 0 0 0 -3.207802986469022 -2.719694972003144 1.399999999999961 5.119172386814636 0 0 0 0 0 0 0 0 0 0 0 0 0 0 0 0 0 0 0 0 0 0 0 0 0 0 0 0
-1.665334536937735e-16 -1.387778780781446e-16 1.415968037266069e-15 -2.56175289314875e-15 2.767100784617504e-15 -2.36052496993544e-15 -2.047841063390621e-15 1.33736337976087e-15 -1.044303532538038e-15 1.56992474575901e-15 -2.51014486973844e-15 1.088538981175446e-16 0 0 0 0 1.992850329202156e-14 -2.156608225334367e-14 1.358635426385035e-14 -1.103631075416445e-14 0 0 0 0 0 0 0 0 0 0 0 0 -7.176600431262695 4.397600355749818 -3.925981830489429 6.033333333333298 0 0 0 0 0 0 0 0 0 0 0 0 0 0 0 0 0 0 0 0 0 0 0 0 0 0 0 0
2.664535259100376e-15 9.71445146547012e-17 -6.045511313779173e-15 -4.315837286562743e-05 0.0003452669830027811 -0.0003404378363203748 7.16093850883226e-15 3.806210720437391e-05 0.003906249999971717 -0.003851614442090576 -2.753353101070388e-14 0.0004306235858109577 0 0 0 0 -0.04419417382412838 -7.852402957366905 -3.441691376337985e-15 -6.979555172255592 0 0 0 0 0 0 0 0 0 0 0 0 -4.899999999999972 -4.141255848169348 3.207802986469013 1.852025917745232 6.899999999999977 11.05180047100085 -3.207802986469026 15.66505255426142 0 0 0 0 0 0 0 0 0 0 0 0 0 0 0 0 0 0 0 0 0 0 0 0
2.042810365310288e-14 -2.259303855112194e-14 5.634381849972669e-15 1.357258489625979e-14 -1.159055490473904e-14 9.091685737594446e-15 1.650068970349139e-14 -9.415645346733115e-15 1.233735336114705e-14 -1.191408083300871e-14 -1.162958618294851e-14 3.138982129780032e-14 0 0 0 0 -8.804068585277491e-14 6.599663291073992 -1.798561299892754e-14 5.902918298980391 0 0 0 0 0 0 0 0 0 0 0 0 4.141255848169349 3.499999999999373 -2.711088342344893 -1.565247584249733 -8.138835473036865 22.3333333333339 2.736908231319482 13.93815705974946 0 0 0 0 0 0 0 0 0 0 0 0 0 0 0 0 0 0 0 0 0 0 0 0
-7.771561172376096e-16 -7.91033905045424e-16 4.082671700711415e-15 7.534343259332831e-05 -0.000602747460790577 0.0005943170111838152 -4.257011410047085e-15 -6.644666185816296e-05 -0.006819309069877398 0.006723929420499666 1.265654248072678e-14 -0.0007517581630212215 0 0 0 0 0.07715167498115538 5.188149780813004 -1.521005543736464e-14 4.563875680477117 0 0 0 0 0 0 0 0 0 0 0 0 3.207802986469013 2.711088342344893 -2.099999999999914 -1.212435565298206 -5.499090833946886 -4.656186645106672 3.099999999999888 12.22058069784697 0 0 0 0 0 0 0 0 0 0 0 0 0 0 0 0 0 0 0 0 0 0 0 0
-1.110223024625157e-16 -6.938893903907228e-17 4.330303476907105e-16 7.272828173032764e-16 -4.100886297209172e-15 3.665037023869999e-15 8.335346302068558e-16 -1.19129424207276e-15 2.054953429642126e-14 -2.247160790780356e-14 1.297573160030652e-14 -7.690896530743174e-15 0 0 0 0 -2.631228568361621e-14 -2.951459149490648 2.872702076217593e-14 -2.639865316429778 0 0 0 0 0 0 0 0 0 0 0 0 -1.852025917745233 -1.565247584249733 1.212435565298206 0.7000000000000186 -16.96588028220166 12.82012307099949 -11.37380030303554 15.06666666666657 0 0 0 0 0 0 0 0 0 0 0 0 0 0 0 0 0 0 0 0 0 0 0 0
8.881784197001252e-16 5.134781488891349e-15 -1.003884475547778e-14 -4.315837287220583e-05 0.000345266983002324 -0.0003404378363178629 -7.271960811294775e-15 3.806210721700616e-05 -0.003906249999980738 -9.469579267401759 3.122502256758253e-14 -8.465973571820786 0 0 0 0 -5.939696961966929 -5.019960159203955 3.888444419044614 2.244994432064378 5.983891135791044 -5.06353620225256 -3.888444419044629 2.249866381786767 0 0 0 0 0 0 0 0 0 0 0 0 -8.399999999999952 -7.099295739718884 5.49909083394688 3.174901573277542 9.599999999999952 14.40424568142447 -5.499090833946889 22.63219767339811 0 0 0 0 0 0 0 0 0 0 0 0 0 0 0 0 0 0 0 0
2.819966482547898e-14 -2.120525977034049e-14 -1.245531455751347e-14 2.706092728371745e-14 2.697928686012929e-14 -3.028740452881706e-14 2.099015405931937e-14 2.701181292530386e-15 -8.56259507742152e-15 7.999999999999528 -1.693090112553364e-14 7.155417527998587 0 0 0 0 5.019960159203959 4.242640687118497 -3.286335345030626 -1.897366596100875 -5.019960159203888 4.242640687118434 3.286335345030602 -1.897366596100832 0 0 0 0 0 0 0 0 0 0 0 0 7.099295739718884 5.999999999998926 -4.647580015448391 -2.683281572999543 -12.67449664008031 31.34444444444523 4.673399904422939 19.18049420699925 0 0 0 0 0 0 0 0 0 0 0 0 0 0 0 0 0 0 0 0
-8.881784197001252e-16 -2.942091015256665e-15 6.627511039969392e-15 7.534343259608261e-05 -0.0006027474607914769 0.0005943170111835623 4.309053114326389e-15 -6.64466618662099e-05 0.0068193090698744 6.203497283352431 -2.106648189226235e-14 5.541810826057224 0 0 0 0 3.888444419044602 3.286335345030613 -2.545584412271459 -1.46969384566989 -3.965596094025803 3.362407922462041 2.545584412271459 -1.478199018387919 0 0 0 0 0 0 0 0 0 0 0 0 5.49909083394688 4.64758001544839 -3.599999999999853 -2.078460969082638 -6.873863542433605 -5.81808164896879 4.199999999999838 16.89711787828289 0 0 0 0 0 0 0 0 0 0 0 0 0 0 0 0 0 0 0 0
-6.661338147750939e-16 1.02695629777827e-15 -9.280770596475918e-16 1.737162930864899e-15 -2.59167687310935e-15 2.026157019940911e-15 1.731254029024853e-15 -1.505902607473741e-15 1.780520175742595e-14 -3.577708763999808 9.853229343548264e-16 -3.200000000000019 0 0 0 0 -2.244994432064374 -1.89736659610087 1.469693845669892 0.8485281374238758 2.244994432064402 -1.897366596100905 -1.469693845669844 0.8485281374238418 0 0 0 0 0 0 0 0 0 0 0 0 -3.174901573277542 -2.683281572999543 2.078460969082637 1.200000000000031 -23.40387513912547 18.50967381374926 -16.39674764498525 21.05555555555542 0 0 0 0 0 0 0 0 0 0 0 0 0 0 0 0 0 0 0 0
1.110223024625157e-15 4.718447854656915e-15 -4.466912950640278e-15 -4.315837288310792e-05 0.0003452669829676954 -0.0003404378362798785 -2.722821967893196e-14 3.806210722664374e-05 -0.003906249999957839 -0.003851614442085927 -2.708944180085382e-14 0.0004306235857746993 0 0 0 0 0 0 0 0 -0.04419417382410962 -16.77677657373064 8.43769498715119e-15 -14.96175759737324 0 0 0 0 0 0 0 0 0 0 0 0 0 0 0 0 -10.49999999999994 -8.874119674648604 6.8738635424336 3.968626966596927 10.89999999999994 15.78466429748133 -6.873863542433606 26.24805779851968 0 0 0 0 0 0 0 0 0 0 0 0 0 0 0 0
3.375077994860476e-14 -8.798517470154366e-15 -3.365363543395006e-14 1.813837708503074e-14 -4.952635523913784e-16 4.691559640779275e-15 -3.139849491518021e-14 5.32654432713886e-14 -2.20795604022328e-14 -2.164934898019055e-14 6.827871601444713e-15 3.793840241961277e-15 0 0 0 0 0 0 0 0 -4.574118861455645e-14 14.14213562373013 -2.797762022055394e-14 12.64911064067226 0 0 0 0 0 0 0 0 0 0 0 0 0 0 0 0 8.874119674648602 7.499999999998656 -5.809475019310486 -3.354101966249428 -15.23813121275698 35.80000000000089 5.835294908285007 21.68985938174915 0 0 0 0 0 0 0 0 0 0 0 0 0 0 0 0
-4.440892098500626e-16 -2.80331313717852e-15 2.159730727591125e-15 7.534343260420795e-05 -0.0006027474607718086 0.0005943170111626121 1.594557819117881e-14 -6.644666187104826e-05 0.00681930906986928 0.006723929420496634 1.479372180313021e-14 -0.000751758163004837 0 0 0 0 0 0 0 0 0.07715167498122399 11.03052372753493 -9.103828801926284e-15 9.789453798414412 0 0 0 0 0 0 0 0 0 0 0 0 0 0 0 0 6.8738635424336 5.809475019310486 -4.499999999999817 -2.598076211353297 -7.332121111929176 -6.2053799835895 4.699999999999811 19.14878392812241 0 0 0 0 0 0 0 0 0 0 0 0 0 0 0 0
-6.661338147750939e-16 2.359223927328458e-16 2.8796409701215e-16 5.381437483131801e-16 1.083898595877208e-14 -1.085459847005588e-14 3.681083216022785e-15 -2.055918369575638e-15 -2.794292575103441e-14 -2.518818487118324e-14 1.504352198367087e-14 1.271682412151698e-14 0 0 0 0 0 0 0 0 -2.986499936241671e-14 -6.324555320337082 4.979350265443827e-14 -5.656854249492388 0 0 0 0 0 0 0 0 0 0 0 0 0 0 0 0 -3.968626966596928 -3.354101966249429 2.598076211353297 1.500000000000039 -26.49058500203415 21.46625258399915 -18.99482385633856 23.99999999999985 0 0 0 0 0 0 0 0 0 0 0 0 0 0 0 0
-1.110223024625157e-15 1.143529715363911e-14 2.321060010856968e-15 -4.315837287227034e-05 -0.0003452669829733289 -8.924714054199995 1.975503094442388e-14 -7.982164363010421 -5.599999999999913 -4.732863826479206 3.666060555964565 2.116601048851678 5.603906249999888 -4.736715440921309 -3.666060555964536 2.11703167243745 0 0 0 0 -7.919595949289237 -6.693280212271939 5.184592558726151 2.993325909419171 7.963790123113346 -6.736856255320539 -5.184592558726161 2.998197859141556 0 0 0 0 0 0 0 0 0 0 0 0 0 0 0 0 -11.19999999999994 -9.46572765295851 7.332121111929174 4.23320209770339 10.79999999999993 15.19305631917142 -7.332121111929169 26.51263292962614 0 0 0 0 0 0 0 0 0 0 0 0
3.352873534367973e-14 -3.885780586188048e-16 -3.544907423158605e-14 -2.140388560833983e-14 -1.544077365966956e-14 7.542472332656033 -4.37705427458468e-14 6.746192341691811 4.73286382647921 3.999999999999242 -3.098386676965575 -1.788854381999682 -4.732863826479205 3.999999999999238 3.098386676965573 -1.788854381999685 0 0 0 0 6.693280212271943 5.656854249491327 -4.381780460040833 -2.529822128134498 -6.693280212271924 5.656854249491313 4.381780460040809 -2.529822128134461 0 0 0 0 0 0 0 0 0 0 0 0 0 0 0 0 9.46572765295851 7.999999999998566 -6.196773353931185 -3.57770876399939 -15.82973919106689 35.70000000000089 6.222593242905704 21.46625258399915 0 0 0 0 0 0 0 0 0 0 0 0
2.220446049250313e-16 -7.049916206369744e-15 -1.196959198423997e-15 7.534343259675894e-05 0.0006027474607755018 5.842968263732991 -1.125488591213752e-14 5.225511671275422 3.666060555964552 3.098386676965561 -2.399999999999888 -1.385640646055082 -3.672879865034432 3.105110606386069 2.399999999999873 -1.386392404218084 0 0 0 0 5.184592558726135 4.381780460040817 -3.394112549695279 -1.95959179422652 -5.261744233707359 4.457853037472265 3.394112549695289 -1.968096966944557 0 0 0 0 0 0 0 0 0 0 0 0 0 0 0 0 7.332121111929172 6.196773353931184 -4.799999999999804 -2.771281292110184 -6.873863542433599 -5.8180816489688 4.59999999999981 18.97557884736552 0 0 0 0 0 0 0 0 0 0 0 0
-4.440892098500626e-16 2.747801985947262e-15 -9.540979117872439e-17 4.273870753829234e-15 2.660632131279428e-15 -3.373096170846412 -1.669671345627677e-15 -3.016988933062615 -2.116601048851674 -1.788854381999677 1.385640646055084 0.8000000000000154 2.116601048851652 -1.788854381999656 -1.385640646055079 0.8000000000000079 0 0 0 0 -2.993325909419166 -2.529822128134493 1.959591794226522 1.131370849898501 2.993325909419192 -2.529822128134528 -1.959591794226468 1.131370849898463 0 0 0 0 0 0 0 0 0 0 0 0 0 0 0 0 -4.23320209770339 -3.577708763999391 2.771281292110185 1.600000000000043 -26.22600987092769 21.68985938174914 -19.16802893709544 23.89999999999985 0 0 0 0 0 0 0 0 0 0 0 0
-1.332267629550188e-15 3.941291737419306e-15 6.246739236992482e-15 -4.315837287770892e-05 -0.0003452669830048549 -0.0003404378363190772 1.260103132949553e-14 3.806210721978237e-05 0 0 0 0 0.00390624999996339 -0.003851614442080278 -3.502753642692369e-14 0.000430623585815049 0 0 0 0 0 0 0 0 -0.04419417382411595 -16.77677657373065 1.376676550535194e-14 -14.96175759737324 0 0 0 0 0 0 0 0 0 0 0 0 0 0 0 0 0 0 0 0 -10.49999999999994 -8.874119674648604 6.8738635424336 3.968626966596927 9.299999999999942 12.62942174649475 -6.873863542433597 23.42592306671749 0 0 0 0 0 0 0 0
2.842170943040401e-14 1.643130076445232e-14 -1.992156439811765e-14 -2.842897358495966e-14 1.857368425728367e-14 2.128418968849743e-14 1.217081990745328e-14 -1.254009916740184e-14 0 0 0 0 1.703498453409225e-14 -1.75692793646931e-14 -2.609024107869118e-15 3.068639092829173e-14 0 0 0 0 0 0 0 0 2.009503674571533e-14 14.14213562373019 -2.597921877622866e-14 12.64911064067226 0 0 0 0 0 0 0 0 0 0 0 0 0 0 0 0 0 0 0 0 8.874119674648602 7.499999999998656 -5.809475019310486 -3.354101966249428 -14.44932057501003 31.04444444444522 5.835294908285031 18.50967381374925 0 0 0 0 0 0 0 0
4.440892098500626e-16 -2.55351295663786e-15 -3.740931175943984e-15 7.534343260061019e-05 0.0006027474607928004 0.0005943170111837284 -7.629313847345998e-15 -6.644666186762023e-05 0 0 0 0 -0.00681930906986225 0.006723929420483742 2.273181642920008e-14 -0.0007517581630280034 0 0 0 0 0 0 0 0 0.07715167498120062 11.03052372753491 -9.992007221626409e-16 9.789453798414424 0 0 0 0 0 0 0 0 0 0 0 0 0 0 0 0 0 0 0 0 6.8738635424336 5.809475019310486 -4.499999999999817 -2.598076211353297 -5.499090833946878 -4.656186645106692 3.899999999999833 16.37750263601223 0 0 0 0 0 0 0 0
-8.881784197001252e-16 -1.942890293094024e-16 1.819291245430676e-16 -9.178313491176038e-16 4.099585254602189e-15 4.59918561568351e-15 2.619432448724979e-15 2.011899761372726e-15 0 0 0 0 2.135097654232254e-14 -2.200670201624177e-14 1.051242426441945e-14 -5.056718932472393e-15 0 0 0 0 0 0 0 0 -1.793010184769628e-14 -6.324555320337073 4.266031972122164e-14 -5.656854249492392 0 0 0 0 0 0 0 0 0 0 0 0 0 0 0 0 0 0 0 0 -3.968626966596928 -3.354101966249429 2.598076211353297 1.500000000000039 -22.61014974580608 19.18049420699924 -16.91636288725591 20.75555555555542 0 0 0 0 0 0 0 0
-3.108624468950438e-15 1.956768080901838e-15 9.641593079479094e-15 -4.315837286456513e-05 -0.0003452669829976506 -0.0003404378363151724 -3.736594367254042e-15 3.806210720837472e-05 0 0 0 0 -0.003906249999980661 -9.469579267401759 2.625677453238495e-14 -8.46597357182079 0 0 0 0 0 0 0 0 -5.939696961966929 -5.019960159203955 3.888444419044614 2.244994432064378 5.983891135791056 -5.063536202252575 -3.888444419044613 2.249866381786749 0 0 0 0 0 0 0 0 0 0 0 0 0 0 0 0 0 0 0 0 -8.399999999999952 -7.099295739718884 5.49909083394688 3.174901573277542 6.39999999999995 8.093760579451317 -5.499090833946869 16.98792820979373 0 0 0 0
2.042810365310288e-14 1.892930256985892e-14 -2.239528007486058e-15 -2.100750129407913e-14 -1.884169903432209e-14 -1.535143540065675e-14 1.820071870994866e-14 7.953165036267418e-15 0 0 0 0 -1.415534356397075e-15 7.999999999999534 -1.906808044793706e-14 7.155417527998591 0 0 0 0 0 0 0 0 5.019960159203959 4.242640687118497 -3.286335345030626 -1.897366596100875 -5.019960159204007 4.242640687118548 3.286335345030609 -1.897366596100861 0 0 0 0 0 0 0 0 0 0 0 0 0 0 0 0 0 0 0 0 7.099295739718884 5.999999999998926 -4.647580015448391 -2.683281572999543 -11.0968753645864 21.83333333333388 4.673399904422977 12.82012307099948 0 0 0 0
9.992007221626409e-16 -1.734723475976807e-15 -6.436691457611943e-15 7.534343259248919e-05 0.0006027474607875451 0.0005943170111804407 1.85268467234323e-15 -6.644666186085004e-05 0 0 0 0 0.006819309069883202 6.203497283352442 -1.229571999772361e-14 5.541810826057229 0 0 0 0 0 0 0 0 3.888444419044602 3.286335345030613 -2.545584412271459 -1.46969384566989 -3.965596094025757 3.362407922461993 2.545584412271474 -1.478199018387918 0 0 0 0 0 0 0 0 0 0 0 0 0 0 0 0 0 0 0 0 5.49909083394688 4.64758001544839 -3.599999999999853 -2.078460969082638 -3.207802986469008 -2.719694972003175 2.599999999999884 11.35455529406253 0 0 0 0
-2.220446049250313e-16 9.298117831235686e-16 1.746866540308645e-15 9.346364827911291e-16 1.392332429905885e-15 1.212354869273291e-15 1.274154393104965e-15 1.86143960488605e-15 0 0 0 0 1.692222750815375e-14 -3.577708763999809 5.852957007945747e-15 -3.200000000000015 0 0 0 0 0 0 0 0 -2.244994432064374 -1.89736659610087 1.469693845669892 0.8485281374238758 2.244994432064382 -1.897366596100884 -1.469693845669859 0.8485281374238545 0 0 0 0 0 0 0 0 0 0 0 0 0 0 0 0 0 0 0 0 -3.174901573277542 -2.683281572999543 2.078460969082637 1.200000000000031 -15.64300462666935 13.93815705974945 -12.23982570681998 14.56666666666657 0 0 0 0
-3.941291737419306e-15 -4.066191827689636e-15 -1.187851900175119e-15 -4.315837287181248e-05 -0.0003452669829948034 -0.0003404378363117315 -3.66720542821497e-15 3.806210720306201e-05 0 0 0 0 -0.003906249999991163 -0.003851614442114158 -4.385380947269368e-15 0.0004306235857845859 0 0 0 0 0 0 0 0 0 0 0 0 -0.04419417382414746 -7.852402957366921 1.543210004228968e-14 -6.979555172255581 0 0 0 0 0 0 0 0 0 0 0 0 0 0 0 0 0 0 0 0 0 0 0 0 -4.899999999999972 -4.141255848169348 3.207802986469013 1.852025917745232 2.099999999999969 1.586072818041121 -3.207802986468996 7.198648358854851
7.549516567451064e-15 1.005445726676157e-14 6.729859725052023e-15 8.336159453697922e-16 -5.752234626121844e-15 -5.675039431440876e-15 1.837072161059439e-15 2.58774664023409e-15 0 0 0 0 -2.503205975834533e-15 -1.212571709707788e-15 6.813993813636898e-15 1.619255944607101e-15 0 0 0 0 0 0 0 0 0 0 0 0 9.081624341433781e-14 6.599663291074171 -1.27675647831893e-14 5.902918298980378 0 0 0 0 0 0 0 0 0 0 0 0 0 0 0 0 0 0 0 0 0 0 0 0 4.141255848169349 3.499999999999373 -2.711088342344893 -1.565247584249733 -5.772403559796002 8.066666666666885 2.736908231319557 4.397600355749803
9.992007221626409e-16 4.718447854656915e-16 -1.581634129221854e-15 7.534343259417362e-05 0.0006027474607823448 0.000594317011175459 3.831136796694778e-15 -6.644666185660493e-05 0 0 0 0 0.006819309069862177 0.006723929420487676 6.317862899507531e-15 -0.0007517581630042837 0 0 0 0 0 0 0 0 0 0 0 0 0.07715167498108601 5.188149780812939 1.187938636348917e-14 4.563875680477145 0 0 0 0 0 0 0 0 0 0 0 0 0 0 0 0 0 0 0 0 0 0 0 0 3.207802986469013 2.711088342344893 -2.099999999999914 -1.212435565298206 8.642392357316453e-15 -0.008606629658250431 0.699999999999955 3.90673682151643
-5.551115123125783e-17 6.002143226879753e-16 1.503896833454643e-15 2.366759132427232e-15 1.504574459812447e-15 1.142206988713479e-15 -1.84596261887382e-15 -8.541988459880717e-16 0 0 0 0 -1.339423363888592e-15 -1.190453985389084e-15 8.673617379884035e-17 1.578611915666051e-15 0 0 0 0 0 0 0 0 0 0 0 0 5.813058367998281e-15 -2.951459149490621 1.271205363195804e-14 -2.639865316429786 0 0 0 0 0 0 0 0 0 0 0 0 0 0 0 0 0 0 0 0 0 0 0 0 -1.852025917745233 -1.565247584249733 1.212435565298206 0.7000000000000186 -5.324574513517463 5.962847939999761 -5.138417395787633 5.333333333333298
